-0.100181
-0.106078
0.00404067
-0.716949
NA
-0.364131
-0.346248
-0.497782
NA
-0.885583
-0.341301
-0.629134
-0.583916
NA
-0.33009
0.169971
-0.359684
-0.0712044
0.0158276
NA
-0.247137
-0.275878
-0.221481
-0.23886
-0.240262
-0.364627
-0.0177369
-0.512736
-0.34528
-0.31152
-0.0224033
-0.305486
-0.367353
-0.0363728
-0.393484
0.0878821
0.0114028
-0.099743
0.391669
-0.674723
-0.544354
-0.602205
-0.475491
-0.0321406
NA
-0.199402
-0.323072
NA
-0.228456
0.0392085
-0.131791
-0.163693
0.0484901
-0.702977
-0.20696
-0.599169
-0.573122
NA
NA
NA
-0.201086
-0.450491
0.00948863
-0.0966269
-0.0125524
-0.436006
0.0571236
-0.0500044
-0.584838
-0.169576
-0.00769964
-0.0170071
-0.489707
-0.215257
-0.258008
-0.0382829
-0.146627
NA
-0.307039
-0.326812
NA
-0.277202
-0.439268
NA
-0.299632
-0.228895
0.0199939
-0.217607
-0.140361
-0.539848
NA
NA
-0.347763
-0.300337
-0.405802
0.046183
-0.125411
-0.322588
-0.201391
0.00223055
-0.59211
0.0156093
-0.504876
-0.59202
-0.412476
-0.464975
-0.0702992
0.0282878
-0.0386969
0.0335569
-0.338063
-0.575197
-0.703729
-0.168536
-0.29106
-0.359682
-0.244765
0.0581363
-0.55776
-0.0488337
0.0248291
-0.430592
-0.0383666
0.0103413
0.0569655
-0.654557
-0.186778
-0.309038
NA
NA
-0.463567
-0.142477
-0.478219
-0.256964
0.121421
0.0511624
NA
-0.346275
-0.516257
0.0153883
-0.266206
0.143991
NA
-0.129641
NA
-0.541497
NA
-0.828688
-0.320717
NA
0.0558764
-0.0568933
NA
-0.243539
-0.391347
-0.460671
-0.726207
-0.101713
-0.0563154
-0.107898
-0.813793
-0.49021
-0.520034
-0.822695
NA
-0.119406
-0.285396
-0.445917
-0.508676
-0.678251
NA
-0.374667
-0.227364
0.0501229
-0.0240702
-0.279653
0.120885
0.0158673
-0.32153
-0.293328
-0.0309853
NA
NA
-0.257365
NA
NA
NA
-0.487323
-0.155552
-0.411749
0.0319048
-0.202251
-0.0447071
-0.225247
-0.367456
-0.314584
NA
-0.330169
-0.394513
-0.641144
-0.130286
0.090233
-0.665613
-0.0627024
-0.395179
-0.220171
-0.318666
0.0257954
-0.617044
NA
-0.137738
-0.322012
NA
-0.847981
0.0804105
-0.254494
-0.0814534
-0.225412
-0.263288
-0.00286821
NA
NA
-0.350663
-0.384601
-0.287999
NA
-0.38421
-0.307217
-0.384311
-0.202815
-0.00562228
-0.116981
NA
NA
-0.580578
-0.255174
-0.18558
-0.611475
0.170006
-0.547087
0.0255831
NA
-0.288018
-5.74353
0.0604756
0.0155224
NA
NA
3.59793
-0.157797
-1.65701
-0.935769
-0.230611
-0.648275
0.0276865
-0.040131
NA
-0.386441
0.0200669
-0.274212
0.0365875
-0.380275
-0.570736
-0.317747
-0.222174
-0.365777
-0.411218
NA
0.00783295
-0.440355
NA
0.00319826
0.0713102
-0.551828
-0.444836
0.0677171
-0.711042
-0.535531
-0.0537986
NA
-0.405991
-0.350104
NA
-0.858589
NA
NA
1.61762
-0.431505
-0.0609302
0.0294846
0.0840929
-0.060273
-0.468037
-0.454444
-0.276367
-0.842692
-0.0793824
-0.276296
-0.433953
-0.356378
NA
-0.292665
NA
-0.0266379
NA
-0.346433
-0.579731
-0.103651
-0.290577
-0.0404148
0.017488
-0.130897
NA
-0.218383
-0.429611
0.00791999
-0.103999
NA
-0.062199
0.12227
0.0506094
NA
NA
-0.477191
NA
-0.0715803
-0.146382
-0.529099
-0.73129
-0.222528
-0.474199
0.00921779
NA
NA
NA
NA
-0.353795
-0.713506
-0.628702
-0.81308
NA
-0.246912
-0.178142
-0.325911
-0.501587
0.0134201
-0.201873
-0.525229
-0.158463
-1.00542
-0.361483
