NA
-0.236444
-0.5987
-0.463549
-0.51465
0.099054
0.015313
-0.252018
-0.407052
0.30034
-0.296259
-0.0883334
-0.176853
-0.307727
-0.695605
-0.123003
-0.432701
-0.0896203
-0.00992311
-0.0320277
-0.157101
-0.57804
-0.307075
-0.221485
-0.24497
-0.153938
NA
-0.140175
NA
-0.373864
-0.278727
-0.0784526
-0.222174
0.0159055
-0.197643
-0.116671
-0.40692
NA
NA
-0.496497
NA
-0.459659
-0.779266
0.0125068
-0.171731
NA
-0.121494
-0.774854
NA
-0.712721
NA
-0.342533
-0.221176
-0.060273
-0.61781
-0.61764
-0.113915
-0.640516
-0.385646
NA
NA
-0.273891
-0.357581
NA
-0.0496617
-0.681277
-0.49813
0.0297403
NA
-0.876263
-0.568101
-0.460401
-0.516574
NA
-0.0811553
-0.589384
-0.202815
-0.10738
-0.208333
NA
-0.389696
-0.298447
-0.282021
-0.431449
-0.142078
NA
NA
-0.90924
-0.723828
-0.454113
-0.452093
-0.425236
-0.00720586
-0.145098
-0.746019
-0.340838
-0.136238
-0.547087
-0.0263748
-0.266826
-0.512257
-0.184093
-0.441877
-0.148059
-0.312742
-0.3425
0.0757681
-0.659793
0.0290878
NA
NA
-0.0447071
-0.473757
-0.109208
-0.139925
-0.0494798
-0.330144
-0.0744024
-0.386788
-0.68055
NA
-0.479376
-0.311602
0.0665218
NA
-0.119762
NA
-0.284597
-0.0298626
-0.138644
-0.43589
-0.263288
-0.468393
-0.0443872
-0.658783
NA
-0.228954
NA
-0.158686
-0.456061
-0.418821
NA
-0.391022
-0.0452515
-0.813793
0.0636151
-0.296057
-0.622029
-0.150764
-0.431282
NA
NA
NA
0.0248249
0.0529251
-0.419536
-0.13105
-0.284862
-0.405128
NA
0.0948608
-0.411732
-0.146681
-0.432916
NA
NA
NA
NA
-0.306742
-0.200322
-0.896591
-0.0473808
-0.492596
-0.167846
-0.085424
-0.456292
0.104269
-0.0907693
-0.0227113
-0.0148931
NA
-0.678251
-0.0989887
-0.382055
-0.89439
-0.315898
0.0482724
-0.0660705
-0.3126
-0.334149
-0.351149
-0.0337113
0.0158522
-0.0175584
-0.700461
NA
-0.367287
-0.360126
-0.475784
NA
-0.0857539
-0.243121
-0.514571
-0.499913
-0.32505
-0.250589
NA
NA
-0.228895
-0.157511
-0.39433
0.143991
-0.337004
-0.0626828
NA
-0.467867
-0.579481
-0.28079
-0.147841
-0.166252
NA
-0.0860279
0.0569655
-0.301933
-0.300821
0.0581363
0.147903
-0.177594
-0.251599
-0.358405
-0.548947
-0.277289
-0.374624
NA
NA
-0.0770986
0.025804
-0.0833083
NA
0.243253
0.0706766
-0.357698
-0.255066
-0.479043
-0.163693
0.0145377
0.0159881
NA
0.0276451
-0.201781
-0.0126289
-0.267356
-0.191613
0.0741581
-0.436723
-0.303553
0.0110195
-4.53637
NA
-0.941568
NA
-0.179494
-0.647743
NA
NA
NA
-0.58191
-0.441606
NA
-0.0459654
-0.483295
-0.0314837
-0.463344
-0.263936
-0.507312
-0.413012
0.0388596
-0.456023
-0.274069
0.0869009
-0.2046
-0.214212
-0.649116
0.0768671
-0.353357
-0.201171
-0.674723
-0.533745
NA
-0.461766
0.0151589
-0.373581
-0.452799
-0.168763
NA
-0.117201
NA
-0.121623
NA
NA
0.0682807
-0.73129
-0.275131
-0.291976
NA
-0.0845137
NA
0.00791999
-0.198549
NA
0.0645952
0.00603927
-0.114515
-0.811479
-0.870094
-0.60896
-0.618355
-0.222994
-0.0130451
-0.340851
-0.992836
NA
-0.531165
NA
-0.235096
-0.425163
-0.223404
NA
-0.259078
-0.166454
-0.309251
-0.476905
-0.635288
NA
NA
NA
-0.0397029
-0.189414
-0.30706
-0.428471
-0.988327
-0.430245
-0.403538
NA
-0.0366839
-0.497044
-0.00982722
-0.598182
0.0342344
-0.890504
-0.040131
NA
-0.981846
-0.473198
NA
NA
-0.370727
-0.713741
NA
-0.528334
NA
-0.503255
-0.265
-0.218497
-0.76001
NA
-0.0367639
NA
-0.332839
0.172402
-0.132929
-0.107701
-0.627291
0.0252486
NA
0.00945906
-0.204359
-0.0886133
1.61762
-1.22854
-0.858589
-0.870028
-0.302268
-0.694129
-0.638314
-0.636199
NA
NA
-0.451404
-0.529954
0.0204473
-0.00562228
-0.427803
-0.240043
-0.473855
NA
NA
-0.493156
-0.864313
NA
0.0723623
-0.372215
-0.274701
NA
0.0156234
3.56869
-5.74353
NA
-0.568937
-0.597449
-0.31604
-0.155674
-0.127407
NA
-0.584374
-0.726006
-0.673413
NA
0.090233
-0.182872
NA
0.0432286
-0.0555667
-0.644622
-0.844944
-0.0617419
-0.424292
NA
-0.294805
-0.709517
-0.106193
NA
NA
-0.575981
-0.0594594
-0.380494
NA
-0.407917
-0.582091
-0.245716
NA
-0.332171
-0.283844
0.220446
-0.225412
NA
-0.273263
NA
-0.720271
-0.0122372
-1.15066
NA
0.0174662
-0.258162
-0.229891
-0.421298
NA
-0.250045
NA
-0.274444
NA
NA
-0.187091
NA
-0.101713
NA
-0.0517862
NA
-0.276519
-0.352585
-0.210128
-0.397711
NA
0.00471993
-0.203044
-0.320717
-0.334211
0.0167775
-0.797112
-0.269619
-0.415966
0.0676661
0.0158673
-0.123607
0.206644
-0.21713
-0.563795
-0.325053
-0.128682
-0.290426
-0.484221
-0.382206
0.0889724
-0.734413
-0.37978
-0.592076
-0.562253
-0.286237
-0.26582
-0.108344
-0.338063
0.0187764
-0.59202
-0.332942
NA
NA
-0.535655
0.0837098
NA
-0.56761
-0.589483
-0.166628
-0.287885
-0.263452
NA
-0.351146
0.000298346
0.0554631
0.145011
-0.266365
-0.448231
-0.468546
-0.519743
-0.84827
NA
-0.693348
0.0428296
-0.39561
-0.309038
0.00748638
-0.654557
-0.501097
0.0556351
-0.63481
-0.0897035
-0.0598457
-0.0488337
-0.372529
-0.47128
-0.00251924
-0.128883
-0.0500044
0.0266132
-0.271975
-0.344524
0.00948863
-0.570234
NA
0.111808
NA
NA
NA
-0.210129
-0.242591
-0.0377599
-0.698097
-0.105187
-0.471821
NA
NA
NA
-0.137478
-0.614183
-0.624357
0.00600434
-0.212416
-0.0655831
0.0874249
-0.123842
-1.08575
-0.386541
0.025857
0.515991
NA
NA
0.0158276
-0.46296
-0.0704826
NA
-0.762732
0.0159354
-0.0452617
-0.346248
-0.479062
-0.59857
-0.0304759
-0.402771
NA
NA
-0.534224
-0.32149
-0.368909
-0.0702866
NA
-0.0777209
0.0586226
-0.0478853
NA
-0.367353
-0.0363728
-0.879645
NA
