-0.400295
NA
0.0255858
-0.688428
NA
-0.145006
-0.585362
NA
0.0234013
-0.496546
NA
-0.42427
-0.541497
-0.439755
-0.338421
-0.399226
NA
-1.04987
NA
-0.400185
NA
-0.272005
-0.329978
-0.053959
-0.13105
NA
-0.51148
-0.492791
-0.306742
-0.666205
-0.801803
-0.0692576
-0.468492
NA
-0.335314
NA
-0.119406
-0.548333
NA
0.0482724
-0.0148931
-0.59269
-0.183286
-0.213996
-0.391185
-0.1807
0.0202828
NA
-0.0961607
NA
-0.58874
-0.367287
NA
-1.16552
0.0267302
NA
-0.0789708
NA
0.0660722
-0.3126
0.699195
-0.152355
NA
-0.405273
NA
-0.311939
-0.392514
NA
-0.275131
-0.328335
-0.849116
-0.211455
-0.183622
0.0652285
NA
-0.600575
-0.311002
-0.239088
NA
NA
-0.275132
0.147903
-0.0109477
-0.102309
NA
NA
-0.503189
-0.253199
-0.478879
0.0293402
-0.141536
-0.374624
-0.892499
-0.0930523
-0.372843
-0.0575095
-0.290579
-0.0151352
0.0392085
-0.437283
-0.65385
NA
NA
-0.0284911
NA
0.025804
-0.366
-0.504709
-0.179613
NA
0.0110195
-0.453909
0.0154274
0.0170751
-0.22364
NA
-0.152931
-0.0807244
-0.334147
NA
0.0458661
-0.145491
-0.153635
-0.293735
-0.441606
NA
-0.177495
-0.455655
-0.0480803
-0.607729
-0.452412
-0.0507853
-0.170142
-0.0647453
0.100063
-0.294371
NA
-0.438776
-0.553805
0.0532689
-0.201171
-0.32712
NA
-0.0110178
0.0215818
-0.60748
-0.624336
-0.588841
NA
-0.541364
-0.403236
NA
-0.334774
0.034021
-0.173275
-0.325728
0.119284
NA
-0.172769
-0.288784
-0.406152
-0.229703
0.099054
-0.0883334
0.022112
0.0250481
-0.289481
0.036269
NA
-0.165065
-0.0257983
-0.301161
NA
NA
0.0537301
-0.10261
-0.41314
-0.501948
-0.0695364
-0.373864
-0.711042
-0.202338
-0.306936
-0.667746
-0.0724695
-0.378923
-0.663956
NA
-0.260062
NA
NA
-0.413732
-0.172328
-0.181485
-0.109465
-0.42737
NA
0.0389677
-0.440614
0.0220242
0.148125
NA
-0.100396
0.0259599
NA
-0.635055
-0.561731
-0.0457726
-1.07878
-0.397278
-0.335669
-0.391015
-0.0385648
-0.431505
-0.283732
-0.242075
-0.189831
-0.217356
0.0244808
NA
-0.312962
-0.431449
-0.389696
0.04328
-0.874472
0.0269528
NA
-0.409722
-0.136499
NA
-1.08125
-0.718381
-0.156095
0.024322
NA
0.00257741
-0.194325
-0.671975
-0.23987
0.0606009
0.0553781
-0.381493
-0.0726777
NA
-0.455982
-0.130286
-0.0406486
-0.353904
0.0242868
0.0750952
-0.40071
NA
-0.234341
NA
0.0983106
-0.334487
0.128363
-0.348592
0.0343923
-0.131756
-0.130193
-0.150826
-0.411418
-0.480689
-0.365194
-0.329436
NA
NA
-0.701249
-0.0377632
-0.560883
NA
-0.0869221
-0.409623
NA
-0.297692
-0.430322
-0.31001
NA
-0.26419
-0.0103044
-0.128934
-0.106118
NA
-0.129921
-2.97
NA
-0.152397
-0.34306
NA
-0.314707
0.0666256
NA
0.0366123
-0.128682
-0.142337
-0.223086
-0.597866
NA
-0.221938
-0.134174
-0.563762
-1.0363
-0.109214
-0.482069
-0.363934
-0.433036
-0.00513249
-0.352306
NA
-0.0138888
0.0151859
-0.322046
NA
0.0726231
0.106265
NA
-0.698572
-0.249922
0.0852556
-0.344617
0.0247605
NA
-0.174438
0.0445289
0.569091
-0.326189
0.000298346
NA
-0.229067
NA
-0.109746
-0.674056
NA
-0.182237
NA
-0.0598457
-0.223531
0.0382807
NA
-0.432175
-0.368524
-0.480196
-0.344524
0.0482208
-0.134565
0.0273844
-0.210129
-0.406507
-0.410672
-0.302604
NA
-0.194561
-0.656527
NA
-0.226808
NA
-0.718996
-0.202808
-0.484931
-0.212416
-0.0213387
-0.473641
0.0458199
-0.599388
NA
-0.024881
-0.169576
NA
-0.0687217
-0.0151494
-0.0382829
-0.322533
-0.374782
NA
-0.11785
-0.353652
-0.710234
-0.331096
-0.118398
0.0447194
-1.14489
0.187065
0.184588
0.0307929
NA
-0.496477
NA
-0.000670225
0.0406817
-0.306856
NA
0.0730528
NA
-0.216301
NA
-0.223801
-0.111741
-0.45976
-0.204824
-0.196856
-4.56718
-0.511155
-0.14681
-0.238281
-0.393484
-0.273833
NA
-0.142974
-0.355868
-0.116662
-0.0822517
-0.551729
-0.199306
-0.339874
-0.0130451
-0.202578
-0.133101
NA
-0.253696
NA
-0.353218
NA
-0.309251
NA
NA
NA
-0.0761811
-0.217696
-0.221003
-0.279842
-0.864497
NA
-0.0578435
-0.157038
-0.639904
-0.172176
0.053268
0.0342344
-0.579368
0.0108996
-0.403538
-0.212406
-0.101857
-0.0347946
-0.134646
-0.00674476
-0.416162
-0.249843
-0.473085
-0.300196
NA
-0.158669
NA
-0.215641
-0.184101
0.187551
-0.76001
-0.0253959
NA
-0.400535
-0.201939
-0.555218
-0.601117
-0.117958
NA
-0.0404931
-0.651678
0.0266622
-0.729775
NA
-0.381186
-0.297592
-1.22854
NA
-0.333132
-0.528798
-0.128191
-0.167417
0.0495397
-0.0763797
-0.21418
-0.271445
-0.442569
NA
0.00371461
-0.428708
-0.0549364
0.0572757
0.0691971
-0.397029
NA
-0.0329
-0.234731
NA
-0.200995
-0.161755
NA
0.0154754
0.0377884
-0.202156
-0.238443
-0.367456
-0.386315
NA
-0.127413
-0.223118
NA
-0.249733
NA
-0.311714
-0.305181
-0.316885
-0.178857
-0.0594594
-0.0153407
-0.21945
-0.150977
NA
0.0714526
NA
-0.464787
-0.151618
-0.322012
-0.137738
-0.638889
NA
-0.338332
0.0158988
-0.084592
-0.371896
NA
-0.292038
-0.0974957
NA
-0.423169
-0.117901
-0.157575
-0.441192
-0.233848
-0.836854
-0.562416
-0.664117
0.0174662
NA
-0.511659
-0.0443503
-0.510405
-0.628355
-0.731721
-0.173339
-0.122533
NA
-0.67218
-0.800755
-0.692827
0.0248249
-1.01268
-0.597259
NA
-0.250074
-0.343173
NA
-0.300563
-0.33638
NA
-0.614082
0.0795689
-0.17929
-0.315898
0.0200034
NA
-0.52465
-0.0716408
-0.787516
-0.556
-0.549336
-0.196742
-0.387667
-0.289417
-0.714306
0.0156093
NA
NA
-0.305954
NA
-0.773482
-0.0175584
0.0483908
NA
-0.304514
NA
-0.676434
NA
-0.110995
0.0400996
-0.703947
-0.514571
NA
0.016574
-0.0635177
-0.578065
NA
-0.443958
0.0103413
0.0869167
-1.32006
NA
-0.363617
-0.204072
NA
-0.357536
0.0280276
-0.431879
-0.144138
0.0571236
-0.436365
-0.0260467
-0.220249
-0.240492
NA
-0.33308
0.0494915
-0.3571
0.0574758
-0.0833083
-0.117613
-0.291924
-0.793505
-0.297014
-0.662178
NA
-0.343613
-0.364552
-0.329154
NA
0.0161667
0.0159881
-0.496773
-0.0456319
-0.483312
NA
-0.288693
-0.343512
-0.486128
-0.471832
-0.20064
-0.303691
0.0101632
-0.0155467
0.0597275
-0.485333
NA
-0.0253214
-0.324147
NA
-0.221481
-0.180809
0.0624842
NA
0.00443651
NA
-0.053411
-0.185315
-0.286384
0.0724548
-0.0638681
-0.31993
-0.28354
0.018243
-0.915737
-0.533745
-0.359743
-0.0623005
NA
-0.162237
-0.146382
-0.323841
-0.696651
-0.505511
-0.128076
-0.324572
-0.277166
NA
-0.695605
0.30034
-0.814001
-0.464304
-0.478704
-0.798846
NA
-0.57804
-0.0273973
-0.209037
-0.638336
NA
-0.280366
-0.394419
-0.050037
-0.424368
-0.798672
-0.269521
-0.353795
NA
-0.135726
-0.30187
-0.380275
-0.567695
-0.222174
-0.461408
-0.534271
-0.47149
NA
-0.227193
-0.233465
0.0161896
-0.187448
-0.0746542
-1.05062
-0.46514
NA
NA
-0.0546315
-0.11028
-0.350104
-0.430784
-0.716295
0.0480639
-0.400314
NA
-0.640516
-0.212503
-0.65842
-0.111943
NA
-0.060273
NA
-0.162863
-0.546587
NA
-5.39699
NA
-0.975917
0.0251784
0.0516428
-0.684352
-0.0849144
2.99365
-0.350624
-0.248601
-0.135402
NA
NA
-0.173803
-0.107427
-0.307217
NA
-0.549117
-0.0623744
-0.90924
0.164466
-0.278375
-0.502719
0.0186751
NA
-0.405331
-0.485427
0.0580292
0.0700254
0.770168
NA
-0.363754
-0.0447071
-0.418645
NA
-0.45361
-0.192103
-0.879729
-0.109133
-0.733539
-0.0387841
NA
-0.790919
-0.386788
-0.454146
NA
-0.267444
0.727645
0.0128604
-0.160457
0.101725
-0.0821899
-0.487958
NA
-0.0162504
-0.286244
-0.559005
-0.421746
-0.665563
-0.391022
-0.0141816
-0.20491
-0.043298
-0.414887
-0.583689
-0.455861
-0.225045
-0.276519
-0.0485656
-0.410386
-0.163247
-0.346097
NA
0.00261391
-0.254496
-0.659632
-0.61038
0.0263997
-0.132153
-0.00334154
-0.219752
-1.57756
NA
-0.784636
0.0354127
-0.214047
0.0408644
-0.63945
-0.129813
NA
-0.786959
-0.245382
-0.653231
-0.512239
-0.25001
0.0162709
-0.733359
-0.748953
0.0873871
-0.188075
-0.119491
-0.0943261
0.0889724
-0.670157
-0.0824961
0.0282878
0.0749325
-0.045503
-0.168536
-0.26582
NA
NA
0.0164171
NA
-0.194256
-0.491191
0.0837098
0.10625
-0.329003
0.057037
0.0429298
-0.340456
-0.449302
-0.142477
-0.51833
NA
0.145011
-0.372867
NA
-0.263123
-0.447644
-0.0942342
-0.779141
NA
-0.412775
-0.11523
-0.152105
-0.023259
-0.434497
-0.0648472
-0.697024
-0.076341
-0.450491
-0.514604
-0.19728
-0.250066
0.0737592
-0.775395
-0.284183
0.0810476
NA
NA
-0.295013
-0.111044
NA
-0.702977
-0.258987
0.0676694
0.00863055
0.0536618
-0.105187
-0.0271926
-0.656522
0.0391536
-0.489707
NA
-0.340123
-0.0465244
-0.459721
-0.393544
-0.658702
-0.39313
-0.451591
-0.5006
-0.0729999
0.0622562
0.0320424
-0.115071
-0.177507
-0.406247
0.00222096
0.0576959
-0.0228254
0.0154962
-0.192314
-0.0910705
-0.139516
-0.0217807
0.00825857
-0.403154
NA
-0.627938
NA
NA
-0.451388
-0.451131
0.0154971
-0.451756
-0.535197
NA
NA
-0.592275
-0.444254
-0.364571
-0.05256
-0.73129
0.0574364
0.0246454
-0.152121
NA
-0.298485
-0.420307
-0.451014
-0.42091
-0.416583
NA
-0.790731
NA
-0.274399
0.05453
0.00603927
-0.339471
0.00791999
-0.500712
0.0251979
NA
NA
-0.453323
-0.728267
-0.0595726
-0.0411182
-0.163981
-0.508651
0.037428
-0.363599
-0.0193799
-0.292671
NA
0.136799
-0.988327
-0.0373701
-0.0954245
0.084252
-0.53303
-0.106041
-0.541667
-0.297682
-0.936894
-0.252441
-0.0724377
-0.372843
-0.00982722
-0.419514
NA
NA
-0.635769
-0.106171
-0.0361892
-0.272552
-0.168505
-0.120329
-0.614184
-0.040131
-0.291857
-0.893589
-0.259252
-0.369452
NA
NA
-0.38018
-0.0245432
-0.85904
-0.370416
0.0893577
-0.627291
-0.106379
-0.160595
-0.542577
-0.0699772
-0.108859
NA
-0.187806
0.0155184
-0.0777592
-0.376396
-0.38421
-0.00562228
NA
NA
-0.45519
0.0604756
-0.487727
-0.382132
-0.397632
-0.525409
-0.813812
-0.43882
0.0566329
-0.269971
-0.158566
NA
NA
-1.25289
-0.31604
-0.432466
NA
NA
NA
-0.605532
0.0336402
-0.391785
-0.0051185
0.0282487
NA
-0.244651
-0.0552417
-0.264136
-0.499648
-0.0343789
-0.230026
-0.0814534
-0.254494
-0.281737
0.0741593
-0.54262
-0.421298
-0.317556
-0.258162
-0.401339
-0.80497
NA
-0.431282
NA
-0.116878
0.202037
-0.727605
-0.00560887
-0.161035
-0.663587
-0.203354
-0.334632
NA
-0.409437
-0.426338
-0.159633
-0.405128
-0.455944
NA
NA
NA
NA
-0.465147
NA
-0.0905156
-0.261103
-0.16654
-0.126657
-0.38588
-0.560876
NA
-0.0311414
-0.150614
-0.134388
-0.400694
-0.0889221
-0.319429
-0.475906
0.0872258
-0.0944872
-0.202022
NA
-0.0603776
0.0158522
-0.257914
-0.0386969
-0.0829254
0.0527363
-0.0660705
-0.22477
NA
NA
NA
-0.0445758
-0.363792
NA
-0.393565
-0.258946
-0.147841
NA
-0.232534
-0.0626828
0.0687087
NA
-0.0363502
-0.110835
-0.644666
NA
-0.304841
-0.0831268
-0.424514
NA
0.0600833
-0.301933
-0.0860279
-0.139715
-0.145945
NA
NA
-0.457821
-0.368731
NA
-0.326645
NA
-0.0710797
-0.175599
-0.437998
NA
-0.512816
-0.498807
-0.296399
-0.0515377
-0.359563
-1.21717
-0.32878
-0.381056
0.0743262
-0.407833
NA
-0.15609
0.0351579
0.0247254
-0.807805
-0.511163
-0.24439
NA
-0.0712473
NA
-0.754517
-0.0730472
NA
-0.22452
-0.25806
NA
-0.413012
-0.111849
NA
-0.237698
0.0205926
-0.23271
-0.653193
-0.400073
-0.495665
NA
-0.633002
-1.1197
-0.30739
-0.0248316
-0.305486
-0.20027
-0.294237
0.391669
-0.977971
-0.324282
-0.162651
0.0153765
-0.0647256
0.12227
-0.196942
-0.586603
0.0157972
-0.463549
0.0172814
-0.23781
-0.477191
-0.672807
-0.275148
-0.430548
-0.43158
0.428818
-0.959653
-0.173386
-0.765395
-0.307727
-0.542345
-0.0973819
-0.164628
-0.279982
-0.157101
-0.501587
-0.0958097
-0.684054
-0.281737
NA
-0.498984
-0.517091
-0.547437
-0.456766
0.014889
NA
-0.472182
0.0791779
-0.352684
NA
NA
0.0362496
-0.103584
0.162495
-0.682669
-0.732349
-0.296048
-0.631084
0.0463719
NA
-0.359155
NA
-0.461336
-0.557829
NA
-0.523287
-0.579967
0.0475175
-0.346433
NA
-0.428761
-0.367479
0.0449551
0.0321344
-0.160471
-0.00441355
-0.280884
-0.199346
0.0472321
-0.221176
NA
-0.598084
-0.233216
NA
-0.241564
-0.00307943
-0.140709
0.0700315
-1.22067
-0.556396
-0.496692
-0.286327
-0.702496
NA
-0.21023
-0.161407
-0.137103
-0.191921
-0.199007
-0.238501
-0.381981
0.0928412
-0.42654
-0.912425
-0.720441
-0.129784
NA
0.0357361
-0.512257
0.0139418
NA
-0.0263748
0.02229
-0.194797
-0.308537
-0.288018
-0.112458
-0.261192
-0.210696
-0.371712
NA
NA
-0.382885
0.04639
NA
NA
NA
-0.842141
-0.302989
-0.0811037
NA
-0.135544
-0.524502
-0.085968
-0.159603
NA
NA
-0.987374
-0.346616
0.037494
-0.727863
NA
-0.554019
-0.172537
-0.418726
-0.463785
-0.40192
NA
-0.312091
-0.744669
-0.355909
-0.260063
-0.554501
NA
-0.246879
-0.47696
-0.406047
-0.315806
-0.564079
-0.334211
-0.421717
-0.312845
-0.883055
-0.558004
-0.123526
0.206644
-0.432277
-0.0663105
-0.277401
-0.389139
0.0253603
0.0599034
-0.202098
NA
-0.328719
-0.0470533
-0.56876
-0.954907
NA
-0.666083
-0.20246
-0.709346
-0.139495
-0.512541
-0.659055
-0.00935124
NA
-0.215227
-0.60457
-0.203026
-0.108344
NA
-0.217607
0.0142899
0.083502
-0.56761
NA
-0.059284
-0.486066
0.0673006
-0.278166
-0.257462
0.046183
-0.0597342
-0.357107
-0.415411
-0.0943957
NA
0.0157096
-0.584737
-0.289416
-0.526328
NA
-0.912308
-0.608109
-0.47128
-0.501097
-0.0417763
-0.0681231
-0.0674423
0.016192
0.0116054
0.0159977
-0.932255
-0.533598
0.0330984
-0.0270145
NA
-0.00251924
-0.482503
-0.429422
-0.357919
-0.52053
-0.22482
-0.637642
-0.342401
-0.277787
-0.339028
-0.479459
-0.0135201
-0.614183
NA
NA
NA
-0.228758
-0.28781
NA
-0.525948
0.0154756
-0.320602
-0.0287251
-0.611143
-0.394379
0.0570929
-0.355017
-1.03269
-0.621488
-0.146627
NA
-0.374186
-0.0704826
NA
-0.46296
-0.350924
-0.725614
NA
NA
-0.199316
NA
-0.747235
NA
NA
-0.963042
-0.635848
-0.43127
-0.195076
NA
-0.384832
-0.300699
NA
0.0682744
NA
0.00132444
NA
-0.0838406
-0.0918424
-0.0845137
-0.752898
NA
-0.104658
NA
-0.232131
0.043178
NA
0.576608
-0.728173
-0.222528
NA
NA
-0.222994
0.0757161
-0.152719
NA
-1.09726
NA
0.0734657
0.400235
-0.635288
NA
-0.102587
NA
NA
-0.201873
-0.278128
-0.716009
0.146431
NA
-0.367172
-0.388783
-0.0309936
-0.291361
0.00945715
-0.411218
-0.0892112
NA
NA
-0.192276
-0.326676
-0.854425
-0.320767
-0.0630285
-0.263321
-0.218497
-0.295145
-0.292093
-0.388292
-0.103651
-0.422549
-0.0642659
-0.628512
-0.189389
0.0502995
-0.398501
-0.0613704
-0.120824
-0.512774
-0.438976
-0.530975
NA
-0.213602
0.0723623
NA
-0.550093
-0.585402
-0.49857
-0.000730068
-0.0301061
-0.473855
0.000701047
NA
-0.422671
-0.527837
0.0867273
-0.510093
-0.304892
0.073808
0.0158894
NA
NA
0.0319132
-0.470109
NA
-0.584374
-0.417778
-0.598948
-0.572923
-0.394811
-0.434379
NA
NA
-0.369044
-0.394513
-0.182872
-0.245716
NA
-0.617241
0.0151455
-0.486624
-0.072236
-0.152105
-0.447424
-0.298023
0.074831
-0.898302
0.054169
-0.523432
-0.554004
-0.284073
-0.914483
NA
-0.340945
-0.196384
-0.329193
-0.193503
-0.343469
NA
-0.317735
-0.0560519
-0.176238
-0.113483
-0.478161
-0.85199
NA
-0.125272
NA
-0.543803
NA
-0.709905
-0.590593
0.054708
NA
-0.398897
0.0365018
-0.440683
-0.341954
-0.163376
-0.424094
-0.507545
-0.679981
NA
-0.446488
-0.0281939
NA
-0.368092
-0.184995
NA
-0.0063194
-0.472015
-0.592092
-0.508463
NA
-0.443986
-0.0702629
-0.269036
0.00223055
NA
0.0583727
-0.344126
-0.114888
-0.0162407
-0.296037
-0.0724972
-0.320462
-0.0683885
-0.113549
-0.466666
-0.228895
-0.198288
-0.539848
-0.643069
-0.107946
NA
-0.322588
-0.110725
-0.352258
-0.10052
-0.455399
-0.204083
-0.213104
-0.408884
-0.614852
-0.271118
-0.0878336
-0.109088
-0.679512
-0.289317
-0.23607
-0.972458
NA
NA
NA
-0.31217
NA
-0.37151
NA
-0.451318
-0.983889
-0.451693
NA
-0.301786
-0.163693
-0.306542
-0.0666614
-0.228456
-0.172419
-0.0692627
0.0696217
-0.780527
-0.668565
-0.32773
-0.191613
-0.201781
0.0497731
-1.18527
NA
-0.931816
-0.58451
-0.419992
NA
-0.215257
-0.200117
-0.416099
-0.647743
-0.129017
-0.258008
-0.387205
-0.0259866
-0.341301
NA
-0.0930136
-0.716493
-0.515623
NA
NA
NA
0.0388596
-0.0427664
-0.364131
-0.275299
0.0101568
-0.716949
-0.739848
-0.0296709
-0.198891
NA
-0.734031
NA
-0.295409
-0.421306
-0.465024
NA
-0.231664
-0.641525
0.0253948
-0.884532
NA
-0.274069
-0.357366
-0.569835
-0.592529
-0.310638
NA
-0.191386
0.0732873
-0.410713
0.0688889
-0.674723
0.0941049
NA
-0.282051
0.0385043
-0.314804
0.0414803
-0.040444
0.0643133
-0.132495
-0.494681
-0.0309538
NA
-0.829029
-0.756719
-0.186007
-0.273072
-0.138572
-0.565688
-0.643077
-0.16099
-0.491416
-0.135753
-0.473604
-0.468468
-0.300963
-0.355336
-0.466938
-0.386072
-0.10489
-0.451968
0.0360419
-0.25016
NA
-0.409991
0.0449627
0.0525193
-0.365777
-0.00518605
-0.510029
-0.0991321
-0.530116
-0.338463
-0.628348
-0.402292
-0.749396
-0.667
0.0555245
-0.779266
-0.28512
-0.712721
-0.15089
NA
-0.281113
NA
0.0507334
0.0430498
-0.630367
NA
NA
-0.559984
-0.684616
NA
-0.601038
-0.0537986
-0.530358
-0.667407
0.0791654
-0.842692
-0.416182
-0.295205
-0.294278
-0.0610432
-0.255174
-0.22075
-0.254482
-0.333774
-0.101987
-0.242968
-0.282021
-1.05472
0.0355875
-0.32509
NA
-0.277386
NA
-0.478059
-0.345192
-0.100746
0.0155224
-0.411765
-0.515897
-0.356099
-0.387224
NA
-0.122239
-0.00971504
-0.343672
0.0240917
-0.0925359
-0.331874
-0.475221
-0.0884348
NA
-1.19274
-0.145188
-0.621909
0.00286206
-0.27164
-0.552568
-0.000298734
0.0786436
NA
-0.0336837
-0.202752
-0.0900617
-0.449996
-0.434083
0.0812581
NA
-0.213247
-0.540771
0.0677227
-0.439247
-0.112365
-0.095098
-0.34476
0.0317896
0.0541531
NA
-0.327616
-0.0627024
-0.11173
NA
-0.318205
-0.487298
-0.533264
-0.0146557
-0.113424
-0.59032
-0.42853
-0.107898
-0.264863
-0.412423
0.0158282
0.0262411
-0.166621
NA
-0.12719
-0.714519
-0.582153
NA
-0.163444
-0.519497
-0.508823
-0.520034
-0.0911029
-0.146351
-0.308612
-0.161126
NA
0.0252814
-0.59202
-0.0271586
-0.244754
-0.389908
-1.64108
-0.338063
-0.0771584
NA
-0.592456
-0.427595
NA
0.024904
-0.0651589
NA
-0.826201
-0.519743
-0.582992
-0.346275
-0.00199186
-0.691198
-0.657038
-0.319889
-0.244765
NA
-0.384604
-0.566931
NA
0.00748638
NA
-0.290527
0.047561
-0.160664
-0.392857
-0.0302446
-0.20696
-0.378478
0.0160438
-0.0510674
0.0580874
-0.298933
NA
NA
NA
-0.00543744
0.0532958
-0.112721
NA
-0.161402
-0.2865
-0.366293
-0.468609
-0.554977
-0.900337
-0.350338
-0.143825
0.0714449
-0.7839
-0.0234495
-0.0832787
-0.109454
0.01603
0.015644
-0.293193
NA
-0.197319
0.0281953
-0.631945
-0.0304759
NA
-0.261886
-0.429313
0.0832203
-0.178132
-0.636398
NA
-0.119422
-0.745554
0.0249988
-0.0798237
-0.12237
NA
-0.0619458
-0.0979111
NA
-0.0858466
-0.473093
-0.291976
-0.299537
-0.0586416
0.0680261
NA
-0.338573
-0.406855
-0.458244
NA
-0.481388
-0.528394
NA
-0.432602
-0.0523261
0.08127
-0.340458
-0.327931
-0.0793885
-0.24701
-0.0764098
-0.42191
0.103196
NA
NA
-0.345469
-0.515434
-0.152514
NA
NA
NA
-0.0174813
NA
0.0753923
-0.541733
-0.19532
-0.430245
-0.0334033
-0.0571123
-0.128135
-0.554945
-0.204586
-0.131954
0.0659153
0.0269
0.0164
-0.403318
-1.28538
-0.221473
-0.37907
-0.429739
4.78006
0.020196
-0.10501
-0.40433
NA
-0.394539
-0.111388
NA
NA
-0.0871629
-0.503255
-0.828562
0.0518247
NA
-0.636405
-0.195289
-0.461397
-0.113233
-1.4
NA
-0.149982
-0.247024
-0.549482
-0.0907686
NA
-0.56433
-0.529954
-0.469712
-0.431018
-0.261899
-0.47446
-0.351167
-0.0726633
-0.539101
-0.0753165
-0.296376
-0.0519141
-0.568937
-0.369708
0.0253142
-0.329945
-0.347039
-0.0665579
NA
-0.396106
-0.915777
NA
-0.0384319
-0.390221
0.0903439
-0.289703
-0.390918
NA
-0.270592
NA
0.0611054
-5.40443
-0.328434
-0.0967399
-0.582091
-0.184293
-0.909639
NA
NA
-0.453415
-0.468513
-0.477574
0.0663067
-0.106924
-0.342231
-0.294972
-0.197302
NA
NA
-0.125136
-0.0122725
-0.131836
NA
-0.810521
0.0851713
NA
0.0541634
-0.465261
-0.229891
-0.624327
-0.470978
-0.428563
-0.211771
-0.775727
-0.155835
NA
-0.0401339
NA
-0.659605
NA
-0.177241
NA
-0.0031538
-0.451554
-0.163048
-0.0914936
NA
-0.207781
-0.486354
-0.092022
0.0425468
-0.746271
-0.318243
-0.289222
-0.113052
0.0383727
-0.383039
-0.77055
-0.0227113
-0.182932
-0.313236
NA
-0.754254
-0.182872
-0.700461
0.06322
-1.04596
NA
NA
-0.182409
-0.463542
-0.516708
NA
-0.623634
-0.180063
-0.351029
-0.499913
-0.685073
NA
-0.489012
NA
-0.573388
-0.584778
0.0643581
0.0767542
-0.381407
NA
-0.0614452
-0.82423
NA
-0.607565
-0.266206
0.0297745
-0.630008
-0.888503
0.078447
NA
NA
-0.0488714
-0.132401
-0.30765
NA
-0.218671
NA
-0.436006
-0.325753
-0.24003
-0.384607
0.0246499
-0.432118
-0.83103
-0.0830394
-0.668839
-0.656214
NA
NA
-0.191694
-0.234932
-0.200291
-0.0224454
-0.713819
-0.211
NA
-0.389984
-0.0518796
NA
-0.245357
-0.941568
-0.582947
-0.0212134
-0.152813
-0.437344
-0.28919
-0.102896
-0.335821
-0.106624
-0.100181
0.0411217
-0.870727
-0.105188
-0.407545
-0.326027
-0.806217
-0.56789
-0.681868
0.0465038
NA
-0.570284
-0.471107
-0.112016
-0.36078
-0.775154
-0.288177
0.0013624
-0.94731
-0.281307
-0.192633
0.0356297
0.0584347
NA
-0.377254
0.0869009
-0.297338
-0.150144
0.0540539
-0.345147
-0.252825
-0.200795
-0.0224033
-0.502238
-0.607593
-0.192504
0.0569672
-0.157953
-0.577237
-0.563804
-0.718846
NA
NA
-0.0750237
-0.348585
-0.182821
-0.0715803
-0.497796
-0.541252
-0.385204
NA
-0.071734
-0.606184
-0.0484771
0.0747071
NA
-0.056842
-0.673572
NA
NA
-0.0891149
0.0151547
-0.117192
NA
-0.299874
0.00697236
NA
NA
-0.48553
0.083914
0.0474175
NA
-0.0822965
0.0539728
-0.646042
-0.214436
-0.488886
-0.122029
0.0156512
0.0122331
-0.40692
NA
-0.0187843
-0.639002
-1.14731
-0.491175
-0.531345
-0.552027
-0.111887
-0.227952
-0.244898
-0.480254
-0.446331
NA
-0.296626
-0.705631
NA
NA
NA
-0.121494
0.0132286
-0.436199
-0.410831
0.0563422
-0.202788
NA
-0.829606
NA
-0.3646
-0.453392
-0.900568
-0.0276957
-0.216424
-0.229687
-0.116981
-0.113602
-0.525936
0.0297403
NA
-0.5536
-0.181243
-0.291457
-0.165302
-0.357551
-0.129628
NA
-0.118807
NA
0.06046
0.0864784
-0.352696
-0.0385068
0.0580787
-0.110907
0.0505077
-0.452093
-0.431994
NA
-0.662674
0.0481853
-0.0724911
-0.54968
0.0125216
NA
-0.159946
-0.274806
-0.145098
-0.412425
-0.550586
-0.461449
-0.278039
-0.473757
-0.225247
-0.474061
NA
0.102797
-0.0244667
-0.52359
-0.15757
-0.218306
-0.567858
-0.680415
0.0500853
-0.111625
-0.648889
-0.337665
-0.0251349
-0.219558
-0.135837
-0.0425347
NA
NA
-0.284597
-0.117766
-0.050822
-0.39028
-0.253453
-0.765875
0.0693523
-0.0452515
-0.444232
NA
0.0097957
NA
-0.0978416
0.056101
-0.402719
-0.133367
-0.518961
-0.179197
NA
-0.0357241
-0.320717
-0.472658
NA
-0.48617
0.0415763
NA
-0.26397
-0.298247
0.0369786
-0.0977663
-0.434349
-0.195527
NA
-0.679844
0.198846
-0.00284536
-0.592076
-0.689768
NA
0.010131
NA
-0.332942
0.248163
-0.428609
NA
-1.01605
-0.127042
-0.394175
-0.889481
-0.525557
-0.222971
-0.433229
NA
-0.274528
-0.430175
-0.247192
-0.488579
-0.467071
NA
-0.399965
-0.535483
NA
-0.560302
-0.306433
0.0808176
-0.251078
0.0459455
-0.498452
-0.0728354
0.0339699
-0.359682
-0.55776
NA
-0.417627
-0.0329
-0.244656
-0.61114
-0.319368
-0.309526
-0.224319
NA
-0.137989
-0.0923452
-0.0216675
-0.0678187
-0.0685878
NA
-0.868679
NA
0.0106269
-0.105405
NA
0.0923659
-0.195431
-0.406626
NA
NA
0.0344971
-0.460823
-0.45156
NA
-0.10556
-1.44999
0.025857
NA
-0.123842
-0.0746778
-0.360962
-0.482494
-0.623079
NA
-0.181578
-0.751991
-0.6813
-0.223381
NA
-0.4629
-0.181989
0.0371203
-0.100895
-0.218681
-0.209892
0.0761034
-0.214969
-0.155069
0.0108721
0.0159354
-0.483519
NA
-0.0795888
-0.0702866
-0.204608
NA
-0.0235988
NA
0.0209142
0.019013
-0.402771
-0.319201
-0.359753
-0.0877909
-0.099743
-0.316602
-0.530144
NA
-0.185104
NA
-0.398731
-0.124609
-0.509805
0.0809214
-0.296797
0.00921779
-0.26708
-0.442299
-0.378206
-0.680106
-0.286225
NA
0.081946
-0.457982
-0.429611
-0.218383
-0.260408
-0.502392
NA
-0.252694
NA
-0.133272
NA
-0.373369
-0.355829
-0.564857
-0.304191
-0.223404
-0.635812
0.0186566
-0.578783
NA
-0.703891
-0.368812
-0.685578
NA
0.236997
NA
-0.0397029
NA
NA
NA
0.00207786
-0.574687
-0.324275
-1.04576
-0.317747
-0.60154
0.0219322
-0.672555
-0.815035
-0.892048
-0.183077
-0.935769
-0.256593
-0.400321
-0.226747
NA
-0.497717
-0.481366
NA
-0.332839
-0.463836
-0.3971
-0.303194
NA
-0.106231
NA
-0.655615
-0.0409544
-0.0965034
-0.678845
-0.151356
-0.402516
0.0204473
-0.537156
-0.376586
NA
0.189509
NA
NA
-1.0244
NA
0.0459898
-0.0583481
-0.410773
-0.559698
-0.360946
-0.196664
-0.66933
NA
0.0195854
NA
-0.524203
-0.568202
-0.208253
-0.331165
-0.670937
-0.592091
-0.307524
NA
NA
-0.117658
-0.777857
-0.257038
NA
-0.482276
NA
-0.7621
NA
-0.335325
NA
-0.656432
-0.221597
-0.590018
-0.224892
NA
-0.457967
-0.407917
-0.575981
NA
NA
-1.70757
NA
-0.00243236
0.0789027
-0.225412
-0.13079
-0.283844
0.0785735
-0.113731
-0.488093
-0.643074
-0.14792
0.0851816
-0.300532
-1.15066
0.000237143
-0.114145
-0.455567
NA
NA
-0.511772
-0.0665412
-0.152545
0.0247287
-0.380804
-0.0711197
-0.298028
-0.507015
-0.0613689
-0.439744
NA
-0.419536
NA
0.0233483
-0.231143
NA
-0.427092
-0.401211
-0.822695
-0.542129
-0.333299
-0.285396
-0.239303
NA
0.0976084
-0.456292
NA
-1.16729
-0.409626
-0.447385
-0.396944
-0.019163
0.00872511
-0.345191
-0.490124
-0.258296
NA
-0.56772
-0.160727
-0.340644
-0.626376
-0.156624
-0.0244603
-0.0946447
0.0663746
-0.0581978
-1.17982
0.0153883
-0.00850943
-0.427741
-0.584893
0.122792
-0.53166
NA
-0.780991
0.0248291
-0.300821
-0.232996
-0.424942
-0.605297
-0.186778
-0.19848
-0.769449
NA
-0.371322
-0.413137
-0.358405
-0.358963
-0.356604
-0.761114
-0.613918
-0.300215
0.0737485
NA
-0.168635
0.0706766
0.324624
-0.683124
-0.210745
-0.766175
0.0286525
-0.21728
-0.263476
-0.284565
NA
-0.369286
0.05316
-0.244496
-0.846353
NA
-0.422568
NA
-0.313343
-0.581529
-0.114997
-0.566524
-0.48058
-0.221246
NA
NA
-0.509377
-0.287181
-0.645243
-0.133272
-0.163002
-0.127133
-0.500841
-0.155823
-0.698558
-0.813017
-0.605598
-0.55242
-0.00656312
-0.198284
-0.381233
-0.355782
-0.665854
-0.272781
NA
NA
-0.062199
-0.147949
-0.0923296
NA
-0.079968
0.0496116
0.0462051
-0.442481
-1.29938
-0.245695
-0.36995
-0.413732
NA
-0.289678
NA
-0.444503
NA
-0.298687
0.602304
-0.325911
-0.162746
-0.312575
0.0230964
NA
-0.607026
NA
-0.196812
0.0429517
-0.378057
-0.312483
0.0767305
-0.628904
0.0475235
-0.184153
-0.153938
0.111831
-0.697457
0.0606371
NA
-0.22118
-0.460857
NA
-0.485278
NA
-0.643521
-0.436795
NA
NA
-0.87465
-0.461579
-0.450906
-0.220924
0.0852741
-0.162013
-0.740087
0.049
-0.802377
NA
-0.388435
-0.171731
-0.465305
-0.273891
-0.391269
-0.0364577
-0.208371
-0.195174
NA
NA
-0.356378
0.0567085
-0.686105
-0.0518507
-0.146321
-0.0613687
0.155328
-0.261036
-0.580578
NA
-0.635724
NA
NA
NA
-0.286512
NA
-0.78281
-0.683537
-0.487846
-0.559244
-0.296503
-0.441877
NA
-0.284934
-0.417339
0.0696565
0.0155927
NA
NA
0.0290878
-0.518586
-0.668247
0.0253803
-0.823426
-0.573932
0.383606
NA
-0.466651
-0.0535511
-0.29303
NA
0.00764715
-0.278466
-0.277473
-0.417842
NA
0.0530532
NA
-0.318798
-0.515415
-0.279851
-0.53274
NA
-0.0500833
-0.284815
-0.49021
-0.274444
0.0383232
-0.407421
0.0735513
-0.23958
-0.040024
-0.236527
-0.150403
-0.548777
0.0573234
-0.398758
-0.588309
-0.631398
0.0251914
-0.194998
-0.35957
-0.486547
NA
-0.654807
-0.22474
-0.683422
0.0158723
0.0153383
-0.261437
-0.632083
0.0575396
-3.97947
NA
-0.670086
-0.682496
0.0251762
-0.40723
-0.045511
-0.563795
-0.0894897
0.0443056
-0.373883
-0.286296
0.0397969
-0.798401
-0.466795
0.00855384
-0.222344
0.0217307
NA
-0.761325
-0.163549
-0.382211
-0.555132
-0.160209
0.0202905
-0.233874
-0.101641
-0.548372
-0.589483
NA
NA
-0.490828
-0.428103
-0.125411
-0.540964
-0.926019
-0.215439
-0.870458
-0.664444
-0.262143
-0.266365
-0.188883
0.109437
0.0581576
-0.757411
-0.249821
-0.344994
-0.594203
-0.273305
0.0508916
0.0682993
-0.319713
NA
-0.478629
-0.670072
-0.309038
-0.295286
-0.326201
-0.872699
-0.278845
-0.314875
-0.0615866
0.0142494
NA
NA
NA
-0.390574
-0.0489706
-0.126947
-0.0253508
NA
-0.410258
-0.575892
NA
-0.863446
-0.472684
0.00600434
-0.204668
-0.0480437
-1.01894
-0.031269
-0.435016
-0.0992765
-0.215607
-0.241724
NA
-0.326383
0.0288734
-0.633764
NA
0.0158276
-0.733096
NA
-0.707746
-0.00216827
NA
-0.00819142
-0.0362205
-0.926993
NA
NA
-0.270471
-0.310968
-0.422012
-0.725057
-0.0617529
-0.0274353
0.0878821
-0.228826
-0.367353
-0.15477
-0.956574
-0.613883
-0.259045
NA
NA
-0.314109
0.039611
0.0778926
0.017488
-0.53738
NA
-0.462576
0.0771998
-0.376615
-0.266055
-0.556587
-0.0584012
-0.334123
-0.476905
-0.120949
0.0706671
-1.26073
-1.11632
-0.297142
NA
-0.192828
NA
-0.290899
NA
-0.848237
-0.747092
-0.436999
NA
NA
-0.00301407
-0.125553
-0.0366839
-0.190907
-0.444836
-0.314203
NA
-0.637729
-0.423421
-0.530523
-0.0769776
0.0841916
0.0159088
-0.243511
-0.279093
0.032539
-0.362638
-0.241545
NA
-0.678274
-0.265
-0.301548
-0.57087
-0.433429
-0.356112
-0.529494
-0.417381
NA
-0.311314
-0.125254
-0.435217
-0.44138
NA
NA
NA
-0.416961
-0.146087
-0.36963
-0.638314
-0.420652
0.0156182
-0.148595
NA
-0.376769
-0.31449
-0.49864
-0.285032
-0.569866
0.0443742
-0.402945
-0.669278
-0.127407
-0.202517
-0.181101
NA
-0.368821
-0.314584
-0.520784
-1.00082
-0.189076
-0.36777
NA
-0.189864
-0.558705
NA
NA
-0.311167
-0.972838
0.0498872
0.0917956
-0.318558
NA
0.0443185
-0.155241
-0.211342
-0.348023
-0.378202
-6.64679
-0.0563154
-0.494137
-0.622029
-0.515202
-0.212271
NA
-0.208365
-0.246431
-0.481646
-0.114066
0.165256
-0.432392
-0.544069
-0.966615
NA
NA
NA
0.0529251
-0.533651
-0.0837701
-0.0494361
-0.662862
-0.263444
-0.336203
-0.0154508
NA
-0.62734
0.0640305
-0.718444
-0.374667
-0.506258
-0.194607
-0.462631
NA
0.0479991
-0.282213
-0.504876
-0.510788
NA
-0.288969
0.0807276
-0.20502
0.0514186
0.0335569
NA
0.0700788
-0.342234
-0.527998
NA
-0.0845533
-0.32505
-0.360011
-0.339019
-0.334576
-0.323748
NA
-0.241122
0.0714046
-0.150111
NA
NA
0.206257
NA
-0.0528908
-0.0390056
NA
-0.0903755
0.0512799
-0.368507
-0.563884
-0.573266
NA
-0.469076
-0.406147
-0.221768
-0.664304
-0.667085
-0.699875
NA
-0.131791
-0.0554596
-0.160576
-0.168361
-0.230147
0.0738475
NA
-0.369289
-0.332372
0.0741581
-0.115638
-0.711401
-0.225299
-0.132454
-0.333694
-0.32822
-0.347098
-0.193357
-0.476365
-0.863222
0.0244245
0.0586817
-0.276766
-0.275878
-0.0816227
0.015527
-0.186578
-0.409254
-0.263936
-0.507312
0.0469241
-0.507279
-0.984788
-0.433883
-0.920896
-0.353357
-0.275895
-1.08839
-0.130509
-0.0685456
-0.560598
-0.178685
NA
0.0151589
-0.461766
-0.563426
-0.357656
-0.419378
-0.234225
-0.0277519
-0.513947
NA
-0.133838
-0.167787
-0.12548
0.0218444
0.0279288
-0.252018
NA
0.0817216
-0.546851
-0.403569
-0.875124
-0.127923
NA
-0.627049
-0.269839
-0.0634019
-0.266876
NA
-0.319781
-0.338037
-0.292238
-0.669965
0.0159055
-0.292673
-0.0784526
-0.354324
0.036415
0.181165
NA
NA
-0.611555
-0.00701189
-0.132826
0.010585
NA
-0.124707
-0.20631
-0.18631
-0.247776
0.0537495
-0.554742
-0.0867078
0.0215196
-0.590259
-0.398119
NA
-0.190979
-0.140268
-0.235875
-0.276296
-0.4116
NA
-0.143865
NA
-0.516574
-0.118868
-0.550094
0.0256144
-0.27969
-0.327588
0.0227952
0.0155328
-0.221486
0.0257031
NA
-0.319938
NA
-2.29654
-0.120495
-0.124428
-0.298447
-0.250187
-6.60825
NA
NA
-0.420003
-0.293521
-0.451986
-0.0260386
-0.0836522
NA
NA
-0.290748
-0.400423
0.0039491
-0.286802
0.045272
-0.846455
-0.127878
-1.09863
-0.183553
NA
0.036627
-0.257365
-0.531812
-0.0441339
-0.261343
-0.573486
0.0114839
-0.620144
0.737063
-0.328627
-0.407912
-0.0387113
NA
-0.350663
0.031899
0.119882
-0.342136
0.0222871
-0.0309884
-0.578753
0.0579887
NA
-0.652581
-0.0329
-0.581463
NA
NA
-0.438237
NA
-0.00354335
NA
0.0219555
NA
-0.00413272
-0.446206
-0.278393
-0.244539
-0.702835
-0.263368
-0.0491019
-0.30436
-0.00757806
-0.0956721
0.080644
-0.32153
0.0222995
-0.102847
-0.0783235
NA
-0.594618
-0.0566767
-0.37978
-0.63452
-0.367384
0.834879
NA
NA
0.0332893
-0.32623
0.0577335
-0.441101
-0.0794717
NA
NA
-0.412476
0.295646
NA
0.0365029
0.0560136
0.0752458
-0.72754
-0.281375
-0.240175
-0.126231
-0.578266
-0.256964
NA
-0.360641
NA
-0.448231
-0.517398
-0.106621
NA
NA
NA
-0.465877
-0.165469
-0.485068
-0.783179
0.0456154
0.0150487
-0.579046
-0.63481
0.0391577
-0.740219
-0.00470313
-0.57757
NA
NA
-0.116421
NA
-0.770776
-0.0107367
-0.281162
0.064888
0.0930944
-0.741002
-0.192455
-0.128883
-0.771385
0.0752635
-0.489967
-0.446711
-0.599169
-0.176844
-0.150016
-0.2711
0.0433969
-0.114882
-0.439268
NA
-0.425618
-0.416495
0.158677
-0.41221
-0.757474
-0.0396212
-0.686589
0.0674178
-0.913182
-0.494619
-0.103945
0.0354685
-0.00407076
-0.161094
-0.109467
0.080848
-0.0273908
-0.154562
0.0748923
-0.115662
-0.933965
-0.551025
NA
NA
-0.0827991
0.0296294
-0.190915
0.0243426
-0.0452617
-0.365381
0.0943224
-0.22298
NA
-0.475491
-0.101357
-0.475132
-0.363578
NA
-0.188634
-0.199402
0.0556027
-0.089342
-0.420123
-0.0921838
-0.24041
NA
-0.22724
-0.604184
NA
0.0161136
-0.452822
-0.308369
-0.104448
0.0672633
-0.416375
-0.483529
-0.431277
0.188167
-0.0234236
-0.324265
-0.616901
-0.33181
0.0204834
0.00991075
NA
-0.500002
0.0114238
-0.415973
-0.0252897
-0.493661
-0.388706
-0.0921937
0.0594595
-0.560233
-0.602566
NA
-0.650754
-0.700811
-0.199015
-0.0242751
-0.137932
-0.428471
NA
-0.19059
0.0241463
-0.165989
-0.0298548
-0.132271
-0.324571
-0.520081
-0.890504
-0.740635
-0.21838
-0.40687
NA
-0.258212
-0.448163
NA
-0.144448
-0.279233
-0.0437046
-1.05247
-0.390975
-0.0957855
-0.457766
NA
0.0160754
-0.615369
-0.694129
-0.444087
-0.302268
0.064974
-0.635447
1.61762
-0.254387
NA
-0.330873
-0.133971
-0.620835
0.0825851
-0.159153
-0.660187
NA
-0.671334
-0.105414
-0.722147
-0.271633
-0.798604
NA
-0.409863
-0.413554
-0.327219
-0.482625
-0.230554
-0.437505
-0.372215
0.0611784
-0.51995
-0.127458
-0.567876
0.0111628
-0.18558
-0.726006
-0.122189
-0.341781
NA
-0.70619
-0.161091
-0.844944
NA
0.0869559
-0.672722
NA
-2.16787
-0.382788
0.090233
-0.00793933
-0.153297
-0.524672
-0.285471
-0.343145
-0.30649
-0.452493
-0.119629
NA
-0.0340222
-0.331302
-0.187892
NA
-0.0122372
-0.569538
-0.731841
0.0347231
-0.189174
-0.115861
-0.104472
-0.261753
-0.437677
-0.226006
NA
NA
-0.163931
NA
-0.680932
0.0184967
-0.460671
NA
-0.223715
-0.296077
-0.597271
NA
-0.768882
NA
NA
NA
-0.492596
-0.0599362
-0.162077
0.0564415
NA
-0.465522
-0.096287
0.252911
NA
-0.0849207
-0.426594
0.173235
-0.326176
-0.446012
-0.0907693
NA
-0.387769
0.0649147
-0.471142
-0.22905
-0.0613257
-0.693058
-0.415622
-0.124965
-0.436701
0.0181124
NA
-0.121264
-0.466891
-0.0363146
-0.0923139
NA
-0.405802
-0.627475
0.0158346
-0.116107
-1.01891
-0.579481
-0.705502
0.0325103
0.019988
NA
-0.527071
-0.252709
-0.406815
0.0968369
-0.084217
-0.237149
8.49913e-05
-0.00115765
-0.277505
-0.187461
-0.0966269
-0.159319
-0.197065
-0.0982026
NA
-0.752371
-0.0577661
NA
-0.0600138
-0.306143
-0.337692
NA
0.0334241
NA
-0.398584
-0.573122
-0.486527
-0.112636
-0.195301
NA
-0.0431841
NA
-0.29156
NA
NA
-0.345692
0.0401248
-0.596249
0.0612968
-0.374814
-0.135212
-0.81716
-0.687812
-0.302293
-0.197162
-0.307964
-0.465374
-0.17961
-0.401184
-0.386659
NA
-0.131848
NA
-0.442301
-0.441079
-0.619098
-0.372735
0.0552322
-0.0108315
-0.272266
NA
0.014622
-0.534332
0.0180838
-0.640328
0.0366697
-0.469948
0.0287353
-0.245671
NA
-0.0712174
0.0527929
-0.243663
-0.58803
-0.776813
-0.613412
-0.223831
-0.168958
-0.228152
-0.155273
-0.393192
-0.333881
-0.220034
-0.22424
-0.444816
-0.42274
-0.133034
-0.236444
-0.0703771
-0.128502
0.112728
-0.474199
NA
-0.272389
NA
-0.0213712
NA
-0.18634
NA
-0.17582
NA
NA
-0.285632
NA
NA
0.112881
-0.393565
-0.251035
-0.0896203
NA
-0.140935
-0.31922
0.0226858
0.0375905
-0.140175
-0.362882
NA
NA
-0.24497
-0.147369
-0.150473
NA
-0.332737
-0.489579
-0.0202096
NA
-0.188491
-0.611349
-0.144203
0.0677171
-0.5457
NA
-0.288601
-0.45775
0.172813
NA
NA
NA
-0.358923
NA
-0.0147008
-0.774854
-0.599259
-0.607333
-0.425638
0.0799537
NA
-0.357581
-0.703692
0.0672432
-0.73956
-0.469151
-0.385646
0.00366659
0.0973526
-0.548649
-0.0157831
-0.177598
-0.00534085
-0.49813
NA
0.000140527
-0.518912
0.0134271
-0.493526
-0.129212
-0.328979
-0.168046
-0.623391
0.0474565
-0.435306
NA
-0.210175
-0.00950973
-0.304532
-0.546452
0.170006
0.0540717
-0.391032
-0.62636
-0.434151
-0.0699234
NA
NA
-0.225309
-0.547087
-0.6449
-0.554507
-0.223404
-0.612033
-0.113834
0.0133581
NA
NA
NA
-0.368463
-0.405651
NA
0.024372
-0.498412
-0.476398
0.0854191
-0.486376
-0.766588
-0.311602
NA
-0.623973
-0.837265
-0.398314
-0.303004
-0.212761
0.149147
-0.500013
-0.658783
-0.224611
-0.415572
-0.43589
-0.462665
-0.805948
-0.595537
-0.3987
-0.395179
-0.524724
0.0243506
NA
-0.119228
0.00103268
-0.352585
0.0926792
NA
-0.0246889
0.0157983
-0.101713
-0.0974531
-0.101094
-0.465772
NA
-0.649249
-0.255374
-0.192851
NA
-0.0233853
-0.383104
0.212588
0.0150648
-0.163685
-0.251626
-0.280041
-0.176457
0.0212847
-0.657619
NA
-0.269361
NA
0.0824903
0.0270729
NA
0.0696031
-0.382206
-0.290426
-0.316638
NA
NA
-0.302284
-0.709038
-0.18027
-0.713918
-0.293658
-0.579367
-0.114399
-0.287885
-0.0606225
NA
-0.749976
0.633648
-0.361163
NA
-0.544789
-0.306405
-0.153654
0.18242
-0.358415
-0.0988963
-0.629113
-0.137666
-0.84262
-2.41549
0.0488821
0.0580025
-0.0488337
-0.142353
-0.320287
-0.244522
0.04053
-0.480157
0.0727356
-0.570234
-0.201086
0.0534067
NA
0.00948863
-0.271975
-0.849676
-0.270391
-0.284444
NA
-0.773892
-0.297415
NA
-0.537935
-0.542195
-0.334449
0.0640618
-0.137478
-0.030102
-0.247218
-0.869735
-0.133606
-0.0177475
NA
-0.117015
0.0498447
-0.565385
0.0153785
0.0481647
0.00686553
-0.0779379
-0.456748
-0.0336794
-0.31293
0.0702715
0.0542479
0.0994115
NA
NA
-0.632531
-0.269662
-0.554423
-0.0215957
-0.641201
-0.323431
-0.278946
-0.163352
-0.15793
-0.479062
-0.0667635
-0.368909
-0.551342
0.0488833
-0.774372
-0.208369
-0.199594
NA
-0.34502
-0.142638
NA
-0.371704
NA
NA
-0.493976
-0.32711
0.0355919
-0.386053
-0.412812
0.0586226
-0.52389
-0.425
-0.849555
0.0410943
NA
0.0479887
0.0682807
-0.126956
-0.117201
0.0405925
0.00478685
-0.785245
NA
0.00211072
NA
NA
-0.412069
-0.688738
-0.2156
-0.941529
-0.360206
-0.684301
NA
-0.473109
-0.17017
0.0608906
-0.393793
-0.731393
NA
-0.000567228
-0.400234
-0.150696
-0.0919302
NA
-0.465549
-0.230483
-0.712186
NA
-0.0936875
-0.80096
-0.194718
-0.201042
NA
-0.442869
-0.665333
NA
-0.168949
-0.981846
-0.421824
-0.404134
-0.331141
-0.361241
-0.241915
0.0688111
-0.518866
-0.870028
-0.150956
0.236874
-0.40775
-0.858589
-0.392563
0.00945906
-0.656734
-0.0793824
-0.193974
-0.30218
-0.454444
-0.727923
-0.608551
-0.258283
0.00678351
-0.37995
-0.103841
NA
-0.647386
NA
-0.595795
-0.0766445
-0.461348
-0.855217
NA
-0.485608
-0.00379755
-0.494047
-0.12707
-0.400189
-0.248165
-0.129034
-0.274701
-0.691027
NA
0.0783668
-0.10891
-0.758135
-0.541466
-0.751226
-0.491668
0.0767396
-0.543874
0.00314249
-0.506655
NA
-0.392076
0.0439405
NA
NA
-0.360599
-0.0899788
NA
-0.0570401
-0.53929
-0.178475
-0.709517
-0.0290882
-0.720271
-0.273263
-0.493691
-0.500482
-0.702065
-0.326015
0.058294
-0.0631108
-0.189402
0.091479
-0.143295
-0.0589623
0.0211579
-0.0719706
0.0191297
NA
-0.395886
-0.632225
-0.654086
NA
0.0388459
