-0.164392
0.0195854
-0.3221
0.0928412
0.0156234
NA
-0.420003
NA
-0.274701
0.0869365
-0.0836522
-0.18558
NA
-0.547087
0.0039491
-0.308537
0.015913
-0.70619
-0.437001
NA
-0.216424
-0.619228
-0.101754
0.0940401
-0.529954
-0.189831
NA
-0.255174
-0.527458
NA
-0.206752
-0.461348
0.00978471
NA
-0.242968
-0.0726633
-0.168046
-0.240043
-0.503833
NA
-0.105414
-0.428525
-0.061747
-0.408613
-0.210251
-0.119851
-0.447424
NA
NA
NA
-0.371896
NA
-0.125728
-0.225412
-0.346616
NA
-0.292038
-0.250045
-0.665613
NA
0.0751802
-0.581558
-0.297598
-0.43247
NA
-0.33065
-0.0447071
-0.394145
-0.218884
-0.659793
0.00257741
NA
-0.506655
-0.498412
-0.312742
-0.995226
-0.16644
-0.309613
0.0632688
0.0162459
-0.434083
-0.16759
-0.516263
-0.411749
-0.254744
-0.453415
-0.0552417
0.00211072
-0.57804
-0.403569
0.038646
-0.312575
-0.163981
-0.279842
-0.266876
-0.310836
0.0478256
-0.729948
0.146431
-0.319079
-0.368812
NA
NA
0.236997
-0.181292
-0.322519
-0.153938
-0.165989
NA
NA
NA
-0.252441
-0.348472
-0.0845137
-0.420007
0.0682807
-0.242143
NA
-0.117201
-0.118266
0.0414803
NA
-0.505511
-0.290577
-0.0309538
-0.276487
0.00478685
-0.307727
-0.433713
NA
-0.707001
-0.353218
0.00791999
-0.517182
-0.245087
-0.351963
NA
-0.162013
NA
-0.577152
-0.20631
-0.774854
0.0537495
NA
-0.57087
-0.273891
-0.596102
NA
NA
-0.694129
-0.529494
-0.172476
0.12688
-0.258403
-0.123343
-0.656734
-0.356378
-0.0724377
-0.000567228
0.0342344
NA
-0.105752
-0.740635
-0.0784526
-0.411218
NA
-0.0202096
-0.598182
-0.603411
-0.128135
-0.667746
0.0677171
-0.554945
-0.314203
-0.430273
-0.121822
-0.204846
-0.296626
-0.040131
-0.158669
-0.274212
-0.181485
-0.286595
0.00242148
-0.212416
-0.32878
0.0159881
-0.0273932
-0.493479
-0.310369
-0.299632
-0.28781
-0.386541
NA
-0.471832
0.025857
-0.370951
-0.320602
-0.229759
NA
-0.647743
0.0153785
-0.334147
-0.322533
-0.697024
-0.46242
-0.0764422
-0.139561
0.064888
-0.450491
-0.313902
0.00948863
-0.581472
0.0107688
-0.210129
-0.575039
NA
-0.172452
-0.498807
NA
-0.475132
-0.551342
-0.571255
-0.13789
-0.323072
0.0869009
0.0590723
-0.2046
-0.274069
-0.0904326
NA
-0.255682
-0.0177369
-0.605598
NA
-0.319201
-0.243663
-0.384651
NA
0.0167069
NA
-0.372096
-0.461766
-0.386053
0.0569672
0.0586226
-0.541072
-0.22424
0.034021
0.169971
-0.54339
-0.0259866
-0.341301
0.0452272
0.015644
-0.291239
-0.0702323
-0.293735
-0.0695977
-0.181989
-0.515623
-0.263841
-0.204316
-0.00216827
-0.106624
0.0388596
0.0133545
NA
-0.413012
NA
NA
-0.136544
-0.587896
0.100063
0.0159354
NA
-0.45411
-0.786959
-0.0956721
-0.0599362
-0.389139
0.0158723
-0.096287
-0.383039
-0.184995
-0.0148931
0.0245576
NA
-0.121153
-0.0907693
-0.462631
-0.456292
0.0649147
-0.379926
-0.475661
-0.801357
0.0219742
-0.211771
-0.428563
0.0778334
-0.155835
-0.235206
-0.101713
-0.816356
-0.0974531
-0.622029
-0.622431
-0.49021
-0.47696
0.00261391
0.0158282
-0.349146
-0.338421
-0.405128
-0.320717
NA
-0.733414
0.0152209
-0.574396
NA
-0.256964
0.0695233
0.0474993
-0.84262
-0.471812
-0.729804
NA
NA
-0.615551
NA
0.016192
NA
0.0138237
-0.409626
-0.134174
0.0251561
-0.389908
-1.0363
-0.00513249
-0.463542
-1.05656
-0.655606
-0.388281
-0.403807
NA
-0.750114
0.0726231
-0.626376
-0.240751
-0.698376
