-0.199402
-0.0921838
-0.371704
-0.0904326
-0.157405
-0.0321406
-0.101357
NA
-0.403154
-0.208369
-0.216301
0.0488833
-0.199188
0.0586226
-0.0777209
-0.0798237
-0.490917
NA
NA
-0.275664
-0.0981825
NA
0.00345849
-0.0825356
-0.502882
-0.0176978
0.0158276
-0.190915
-0.0362205
NA
-0.262941
NA
NA
-0.362593
-0.207541
-0.212416
0.0261764
-0.542195
-0.614183
-0.0382829
-0.313057
-0.900337
0.0153785
-0.161094
-0.310519
-0.838514
0.025857
-0.435016
NA
-0.123842
NA
0.00948863
-0.0125524
0.0266132
0.0107688
-0.306789
-0.0500044
-0.284183
-0.276442
-0.697024
-0.158823
-0.186966
-0.87407
-0.0489706
-0.715017
0.0325458
-0.131732
-0.392857
NA
0.0554631
NA
-0.953828
-0.448231
NA
-0.255697
-0.309038
-0.0440282
-0.729804
NA
-0.0488337
-0.0824537
-0.00935124
NA
-0.338063
-0.286237
-0.811862
NA
-0.212141
0.248163
-0.59202
NA
-0.412476
-0.480169
-0.684129
0.0726231
-0.380969
NA
0.10625
-0.0651589
-0.540964
-0.0782772
-0.447516
-0.430175
NA
0.0158673
-0.0693575
0.0222995
-0.683422
-0.34306
NA
-0.229302
0.206644
-0.666083
-0.121153
NA
-0.597866
-0.32623
-0.592076
0.162235
-0.0911029
-0.0974531
-0.101713
0.00261391
-0.836646
NA
NA
-0.49021
-0.269203
-0.274444
-0.196082
-0.111677
-0.320717
-0.54258
-0.48617
-0.214047
0.212588
NA
-0.225412
-0.16194
-0.283844
-0.189864
-0.131352
0.0336518
0.0804105
0.0851816
NA
-0.220171
-1.15066
-0.665613
-0.439087
-0.104472
-0.543151
-0.250045
-0.480035
-0.398729
-0.421298
NA
-0.221597
-0.392076
0.0559677
0.090233
NA
-0.598948
-0.0414788
-0.644622
-0.330169
-0.486624
-0.0183025
-0.0045191
-0.517844
-0.250784
-0.245716
-0.582091
-0.30649
-0.380494
-0.029765
-0.274701
-0.372215
-5.74353
0.0150225
-0.0924992
0.0182117
NA
0.0158894
-0.187075
-0.0407259
0.0391404
-0.529954
-0.213602
0.0552073
NA
-0.125254
-0.428708
0.00297876
-0.409863
-0.00562228
-0.660187
NA
-0.550093
-0.864313
-0.148595
NA
NA
NA
NA
-0.57087
-0.138843
NA
-1.79391
0.0623535
-0.626696
0.837778
-0.619957
-0.986229
0.00945906
0.00998149
-0.00169266
-0.0275179
0.0875206
-0.0642659
-0.385464
-0.297592
-0.00487441
NA
-0.447929
-0.0671655
0.0108996
-0.105752
-0.890504
-0.000567228
0.0342344
NA
-0.598182
-0.00982722
-0.372843
NA
-0.411218
-0.040131
0.00720121
-0.0561275
-0.935769
-0.256593
-0.53346
0.0276865
-0.362521
NA
-0.0193799
-0.221003
-0.327931
-0.0695175
0.0608906
-0.324571
NA
-0.156479
-0.238769
0.146431
NA
NA
0.0361824
NA
0.0672633
-0.355868
-0.0858466
NA
0.0645952
-0.406855
-0.42091
-0.368164
-0.553805
-0.469948
-0.34224
NA
NA
NA
-0.192504
-0.461766
-0.238395
NA
-0.594944
0.034021
-0.612374
-0.419378
-0.16254
-0.260871
-0.69106
-0.437344
NA
-0.441606
NA
-0.239214
-0.513986
-0.399809
0.100063
NA
-0.100181
0.0388596
-0.413012
-0.0464357
0.0621283
-0.372735
-0.870727
-0.139256
-3.67349
-0.08517
-0.329154
-0.405481
0.0110195
-0.359563
-0.386377
-0.402832
-0.334147
-0.135212
-0.0931419
NA
-0.241295
NA
-0.269547
0.0571236
-0.104883
-0.0770986
-0.49543
0.00738439
-0.172452
-0.224197
-0.373811
0.025804
-0.163693
-0.2265
0.0402197
-0.580876
-0.255066
-0.491906
-0.82423
-0.266206
-0.28079
-0.0626828
-0.119603
0.0569655
0.163974
-0.212715
-0.177594
NA
0.0660722
NA
-0.0175584
-2.97796
-0.475671
-0.235906
-0.182872
-0.0921121
0.0138237
-0.264549
-0.504876
NA
-0.405802
-0.282313
-0.676434
-0.228895
-0.315536
NA
0.0922342
-0.334576
-0.0845533
-0.32505
NA
-0.446488
-0.580269
-0.119723
-0.3068
-0.0599362
-0.0473808
-0.537925
-0.0907693
-0.0311414
-0.549336
-0.282213
-0.194607
-0.462631
NA
-0.413663
NA
-0.822695
-0.718444
-0.096287
-0.089141
-0.548333
-0.678251
-0.223715
0.202037
-0.198616
NA
NA
-0.379926
-0.176238
-0.155835
-0.405128
NA
-0.284862
-0.13105
NA
0.0248249
-0.290004
-0.682269
-0.80122
0.0247287
-0.349146
-0.313175
-0.0856254
0.15641
-0.333525
-0.346616
-0.488048
-0.302989
-0.658783
-0.216408
-0.487298
0.0780701
-0.395179
-0.028555
-0.803719
NA
-0.104444
-0.733539
NA
-0.33065
NA
-0.0447071
0.00257741
-0.368463
-0.444856
-0.0744024
-0.079513
0.0786954
-0.407912
-0.0499766
NA
NA
-0.465045
-0.100746
-0.537734
NA
NA
0.0928412
-0.431994
-0.19314
-0.00720586
-0.0263748
-0.547087
-0.136238
-0.49813
-0.241564
-0.255174
NA
NA
-0.216424
-0.460401
-0.568101
-0.0157831
NA
-0.941273
-0.202815
0.0864784
-0.327921
-0.188786
-0.247776
0.0537495
-0.121494
-0.712721
-0.223522
-0.399787
-1.01102
-0.368429
-0.356378
-0.273891
-0.398119
NA
-0.278727
-0.642429
-0.338337
0.0159055
NA
-0.0784526
-0.296626
NA
-0.402292
-0.214497
-0.684054
-0.182799
-0.033311
-0.875124
0.0563429
0.0231893
-0.266876
-0.432421
-0.16099
NA
-0.135753
-0.57804
-0.0633567
-0.638336
NA
-0.269521
-0.560436
-0.517146
-0.153938
-0.458363
-0.347448
NA
NA
0.12227
-0.0053443
-0.280169
-0.252018
-0.056842
0.0422614
-0.406152
-0.307727
-0.171193
