0.0157075
NA
-0.3971
-0.594791
-0.534892
0.025796
NA
-0.622724
-0.0409544
-0.348907
-0.375341
-0.462081
-0.529776
NA
-0.598182
-0.0232561
NA
0.0219322
-0.383163
-0.297151
-0.197589
-0.402141
-0.342819
-0.141734
NA
-0.0671655
-0.935769
0.0695457
0.0276865
-0.528948
-0.357133
-0.119064
-0.654222
-0.612951
-0.481366
NA
-0.198317
-0.252694
-0.348245
NA
-0.416802
-0.371632
0.0219667
-0.576606
-0.635812
-0.154368
-0.238769
-0.166484
NA
0.236997
-0.177513
NA
-0.61838
-0.207808
-0.124609
NA
NA
NA
-0.296797
-0.40958
NA
NA
-0.286225
-0.680106
-0.218383
-0.220055
-0.429611
0.081946
-0.502392
-0.260408
NA
NA
-0.352663
-0.234972
-0.225412
-0.363284
-0.283844
-0.146056
-0.180072
-0.488093
0.0840533
0.159914
0.0851816
-0.643074
-0.218909
-0.0632565
-1.15066
-0.172979
NA
-0.579753
-0.335325
NA
-0.221597
-0.28529
-0.590018
-0.233164
NA
-0.407917
NA
-0.105945
0.186544
-0.445363
0.0148235
0.0443823
-0.159792
NA
NA
-0.196664
-0.156351
-0.360946
-0.559698
-0.199599
-0.0720143
-0.568202
NA
-0.0043566
0.0195854
-0.208253
-0.179867
-0.757689
-0.29169
NA
-0.29765
-0.36034
-0.375399
-0.0948634
-0.0949847
-0.437001
-0.7621
-0.19083
-0.402516
-0.12305
-0.0731486
0.0204473
-0.603218
NA
NA
-0.299726
-0.0583481
-0.147594
-0.410773
0.0836748
-0.255697
0.0106308
NA
-0.136615
-0.188815
-0.55776
-0.0274798
NA
NA
-0.25225
-0.187344
-0.39561
-0.332942
0.010131
0.118355
-0.365442
-0.355826
-0.472544
-0.428609
-1.01605
-0.889481
-0.274528
-0.433229
NA
-0.512965
-0.0745408
0.0215961
-0.535483
-0.535655
NA
0.0455153
0.0369786
-0.112509
-0.39005
-0.0977663
-0.648273
-0.00284536
0.198846
-0.679844
-0.689768
-0.164457
NA
-0.325053
-0.10318
-0.110329
NA
-0.942877
-0.0951693
-0.518961
-0.0517862
-0.332148
-0.339847
-0.179197
-0.0517394
0.0702783
-0.269619
0.0812624
-0.840155
NA
-0.348872
NA
-0.54258
NA
-0.0199344
NA
-0.629196
-0.0795888
NA
0.0467436
-0.00605736
-0.0969766
-0.265447
-0.257171
-0.457919
-2.71089
-0.402771
-0.370155
-0.481132
-0.405803
-0.319201
-0.0877909
-0.316602
-0.543913
-0.0710314
NA
-0.629134
-0.223381
NA
-0.4629
NA
0.00887819
NA
-0.375412
NA
-0.0387747
-0.327747
-0.214969
-0.209892
-0.398659
-0.483519
0.0159354
-0.498417
-0.105405
-0.409817
-0.243015
-0.288077
NA
-0.45156
-1.44999
-0.119235
-0.698097
0.025857
-0.276287
-0.360962
-0.383011
0.0248102
-0.0106022
-0.123842
-0.389603
-0.181578
NA
-0.863144
-0.0428468
NA
NA
NA
-0.357185
-0.0120626
0.066578
NA
-0.326381
NA
-0.380947
0.0193469
0.0132286
-0.436199
-0.121494
-0.678954
-0.380201
-0.5765
-0.261661
-0.109019
-0.416232
-0.0276957
-0.40692
0.0122331
NA
-0.122029
-1.14731
-0.149991
-0.0641683
-0.244898
-0.160351
-0.552027
-0.531345
-0.491175
0.0633686
-0.723296
NA
0.44445
-0.296626
-0.705631
-0.416864
-0.221485
0.0173739
-0.299874
NA
-0.566009
-0.397069
-0.591625
-0.505566
0.0264633
0.231216
-0.893188
-0.646042
0.0773886
-0.536512
0.0255768
NA
0.0506094
-0.541252
-0.118266
0.0184385
NA
-0.381612
-0.765788
NA
-0.447871
-0.423736
-0.171785
-0.349832
0.0158256
NA
-0.496055
NA
-0.219558
-0.920719
-0.337665
-0.648889
-0.284597
NA
NA
0.0693523
-0.765875
-0.39028
NA
NA
-0.0625732
-0.315088
0.0097957
-0.401638
0.0833527
-0.456061
0.0561447
-0.133367
-0.156646
-0.264545
-0.40614
-0.225247
-0.473757
-0.208573
0.054498
-0.474061
-0.329161
-0.330144
-0.218306
-0.680415
-0.567858
0.0505077
0.0580787
-0.110907
NA
-0.431994
NA
-0.0724911
NA
-0.54968
-0.274806
-0.737465
NA
-0.314156
-0.252703
-0.0949601
-0.412425
-0.116981
-0.216424
-0.229687
NA
-0.219137
NA
NA
-0.0171287
NA
-0.199116
-0.813084
NA
-0.129628
-0.52563
-0.384311
0.0864784
-0.381407
0.0643581
0.0806861
0.057665
-0.266206
0.0297745
NA
-0.630008
-0.513707
-0.555859
-0.161616
-0.0488714
-0.354349
0.0907169
0.0992763
-0.0351248
-0.463542
NA
-0.164808
-0.182409
-0.395312
-0.451519
-0.499913
-0.666059
-0.230769
NA
-0.584778
-0.240751
-0.0914936
-0.368972
-0.092022
-0.486354
-0.217889
-0.120488
-0.318243
0.0383727
-0.182932
-0.0621147
-0.315935
-0.754254
-0.313236
-0.428563
-0.0501748
-0.35018
-0.155835
-0.775727
-0.228967
NA
-0.959475
NA
NA
-0.230106
NA
-0.198616
-0.432916
-0.349146
-0.510075
-0.192633
-0.297338
-0.109583
0.0869009
NA
-0.00450184
0.0856154
NA
-0.34528
0.0159008
NA
-0.192504
0.150168
-0.563804
-0.152813
-0.359684
-0.170907
-0.28919
-0.567876
-0.0205532
-0.100181
0.0133545
-0.344758
-0.106624
-0.806217
-0.870727
0.0411217
-0.570284
-0.15428
-0.0899543
-0.136668
-0.0291021
NA
-0.618244
-0.0273932
-0.185525
-0.181477
-0.0224454
-0.380122
-0.713819
-0.54578
-0.499119
-0.195591
-0.491476
NA
-0.0548334
-0.802676
-0.302954
-0.132401
-0.0849353
-0.0935948
0.0402197
-0.0915282
-0.384607
-0.490233
-0.169816
-0.83103
-0.278488
NA
-0.0752458
-0.293957
0.032539
0.0394702
-0.243511
NA
-0.0309999
0.837778
-0.678274
-0.138843
-0.57087
0.545857
-0.660205
-0.599956
-0.635689
-0.666855
0.243302
-0.747092
0.000254911
NA
-0.530032
NA
-0.547839
-0.814964
NA
0.089795
0.0136991
0.0159088
-0.0550981
-0.695384
-0.227364
-0.166454
-0.158706
-0.0785529
-0.105067
NA
NA
-0.151888
NA
-0.420007
-0.104585
-0.314109
-0.268887
-0.523438
-0.0598034
-0.00428538
-0.376615
-0.628019
-0.118644
-0.558705
-0.656424
-0.543151
0.0143661
-0.272279
-0.557732
NA
0.0498872
-0.431727
-0.295115
-0.318558
NA
-0.368821
NA
-0.520784
NA
-0.212631
-0.236198
NA
-0.589051
-0.732453
-0.245441
-0.19814
-0.525307
-0.530457
-0.626626
NA
-0.125804
-0.569866
0.00235924
-0.402945
-0.13265
-0.127407
-0.202517
NA
0.0391404
0.0552073
0.0156182
0.0248483
-0.638314
-0.148595
-0.400619
-0.398887
-0.376769
-0.327137
-0.380312
-0.356427
-0.188883
-0.266365
-0.560357
0.0511624
-0.249821
-0.281011
0.266345
-0.756999
-0.729804
-0.273305
-0.0223803
-0.478629
NA
-0.319713
-0.644506
-0.309038
-0.794858
-0.103028
-0.884
-0.163549
-0.332999
NA
NA
-0.160209
-0.382211
0.0674411
-0.0708447
-0.0109983
-0.233874
-0.215812
-0.209362
-0.490828
-0.177732
-0.540964
-0.125411
-0.0382556
-0.35957
-3.88904
-0.486547
-0.16356
0.0158723
-4.8311
-0.232092
-0.111698
-0.40723
-0.385347
-0.373883
-0.742667
-0.563795
-0.284815
-0.0299743
0.00692294
NA
-0.213432
NA
-0.468015
0.0383232
-0.274444
-0.49021
NA
-0.236527
-0.0498069
-0.040024
-0.398758
-0.505868
0.0573234
-0.299592
0.0251914
-0.194998
-0.238031
-0.532685
-0.0847183
-0.327628
-0.728118
0.0872605
-0.251808
0.028924
-0.422012
-0.0617529
0.0253077
-0.44827
-0.755048
-0.15477
0.028125
-0.62161
-0.453588
-0.3206
-0.370127
-0.733096
0.0158276
NA
-0.222637
0.0927927
-0.50708
-0.212862
-0.360458
0.0801896
0.00306476
-0.727425
-0.0362205
-0.346248
-0.495885
NA
-0.410258
NA
NA
-0.0856111
-0.472684
-0.211066
0.0132708
-0.665194
-0.468505
-0.215607
-0.435016
-0.326383
0.0162414
-0.505155
NA
-0.241724
-0.139554
-0.383882
0.0288734
-0.278845
-0.158823
-0.75699
-0.0770396
-0.359401
-0.0615866
-0.308198
0.0266132
-0.0500044
-0.0309334
-0.101367
-0.193864
NA
-0.126947
-0.0489706
-0.267105
-0.162013
NA
-0.223522
-0.0393808
-0.297023
NA
0.039591
0.0585275
-0.298758
-0.535531
NA
-0.273891
-0.298673
NA
-0.539638
0.0530381
-0.356378
-0.0625274
-0.406932
NA
-0.169223
-0.485278
NA
NA
-0.642429
-0.206041
-0.932536
NA
-0.436795
-0.467308
NA
-0.962786
NA
-0.325911
NA
0.0429517
-0.312483
-0.378057
-0.00992905
-0.0735669
-0.265308
-0.628904
-0.122514
-0.697457
-0.153938
-0.184153
-0.460857
-0.354245
-0.22118
NA
NA
-0.47948
-0.719713
-0.062199
-0.785797
-0.147949
-0.260192
-0.442481
0.0432469
NA
0.0668853
NA
-0.117525
-0.413732
NA
-0.514275
0.0433318
-0.0396848
-0.263288
-0.515415
-0.318798
-0.279851
-0.333065
-0.028555
0.0333802
NA
-0.453556
-0.0231994
-0.721269
-0.159005
-0.200854
-0.264446
-0.668247
-0.518586
-0.641144
0.0253803
-0.560785
NA
-0.776972
0.0296577
-0.343321
-0.466651
-0.521635
-0.278466
-0.118648
-0.683537
NA
-0.373255
-0.694708
-0.441877
-0.296503
-0.343286
NA
-0.278603
-0.171705
-0.417339
0.0155927
-0.146321
-0.0518507
-0.197593
-0.635724
-0.625664
NA
NA
-0.580578
0.0474994
-0.234304
-0.101513
NA
-0.540146
-1.17982
0.0153883
-0.211317
-0.127603
-0.241443
-0.427741
-0.00850943
-0.837816
NA
-0.110322
NA
-0.300821
NA
-0.0836192
-0.28478
-0.186778
-0.19848
-0.628638
0.0279613
-0.409626
0.025498
-0.398899
-0.132051
-0.257373
0.0256813
NA
-0.235906
-0.396944
-0.692537
-1.08397
-0.0949053
-0.134676
NA
NA
-0.160727
-0.373131
-0.734907
-0.518823
-0.626376
-0.219081
-0.458835
-0.454558
-0.0658659
0.0563986
-0.00638182
-0.188844
-0.247003
NA
NA
-0.427092
-0.542129
-0.822695
-0.401211
0.0259004
-0.285396
-0.229986
-0.333299
-0.341485
-0.531372
-0.239303
-0.367396
-0.456292
-0.114145
0.105877
0.000237143
-0.300797
-0.455922
-0.0665412
-0.146681
-0.0711197
0.0701952
-0.740913
-0.257889
-0.842746
-0.419536
0.0728477
-0.18518
0.0629648
-0.55242
-0.605598
-0.0630859
NA
-0.421105
-0.198284
0.0497578
NA
NA
-0.272781
-0.790427
-0.313343
-0.0695977
-0.581529
-0.37643
-0.419316
-0.467338
NA
-0.435533
-0.80151
-0.410926
NA
-0.0575931
-0.21728
-0.369286
-0.364925
NA
-0.199889
NA
-1.09716
NA
-0.49543
-0.324882
-0.0770986
NA
NA
-0.0118876
-0.358405
NA
0.0567138
-0.491906
0.0484901
-0.586001
0.0744972
-0.395016
-0.210745
-0.28556
-0.457766
0.0250851
NA
-0.118265
0.0635837
0.0160754
0.0248019
-0.713741
-0.444087
-0.302268
NA
0.064974
NA
-0.303056
NA
-0.890504
-0.520081
NA
-0.40687
-0.31376
-0.12864
NA
-0.169319
-0.447929
-0.549689
-0.111141
-0.738606
NA
NA
-0.0207373
0.0681902
-0.394344
-0.230949
-0.212683
-0.377438
-0.0957855
-0.420383
0.0636552
-0.00213644
NA
-0.0695175
-0.700811
-0.158463
-0.0242751
-0.734587
NA
-0.0298548
-0.132271
-0.43169
-0.324571
0.0672633
-0.348472
-0.217001
-0.713325
NA
-0.00785929
NA
0.0154763
-0.0404148
-0.154735
-0.0234236
-0.616901
-0.437662
NA
NA
-0.415973
0.0114238
-0.221163
-0.0921937
-0.712299
NA
-0.627122
-0.569538
NA
-0.110148
NA
0.0347231
-0.0194227
-0.189174
NA
-0.104472
-0.163931
0.095373
NA
-0.0323434
-0.844944
-0.161091
-0.221927
-2.16787
NA
-0.14201
-0.087485
0.090233
-0.343145
-0.309613
-0.00793933
-0.0472341
-0.00160535
-0.0274792
-0.367369
-0.0340222
NA
-0.00343352
-0.118303
-0.437505
-0.408781
-0.230554
0.0111628
-0.18558
-0.526516
-0.726006
0.0706924
-0.635191
-0.0163576
NA
-0.70619
NA
-0.40678
-0.217837
-0.746718
-0.620835
-0.339405
-0.665071
-0.660187
-0.187111
NA
-0.105414
-0.381547
-0.271633
-0.327818
-0.448231
-0.256964
NA
-0.153591
-0.106621
NA
-0.0351411
NA
0.0787098
-0.386461
0.0643474
-0.13119
0.0150487
-0.786218
0.0945466
-0.430592
-0.235957
-0.57757
NA
-0.450163
-0.0794717
-0.412476
-0.309765
NA
-0.521639
-0.412678
0.00135147
-0.212068
-0.240175
-0.138281
-0.00757806
-0.452798
-0.216613
-0.0491019
-0.0709178
0.080644
NA
-0.0956721
-0.398089
NA
0.0242909
-0.195379
-0.127453
-0.508163
0.0222995
-0.0693575
-0.253298
-0.473246
-0.102847
-0.562253
NA
-0.557823
-0.63452
0.0193019
-0.37978
-0.0630694
NA
NA
0.0561351
-0.32623
NA
NA
NA
-0.0206233
NA
NA
NA
-0.702835
-0.101357
-0.475491
-0.550504
-0.475132
0.0556027
-0.199402
-0.388251
-0.27594
-0.420123
NA
-0.42955
-0.817727
NA
-0.191085
0.230559
-0.0170796
NA
NA
-0.496714
-0.682548
NA
0.0157114
NA
NA
-0.459987
-0.0737242
0.0296294
NA
-0.190915
NA
-0.513877
NA
-0.297769
0.0433969
-0.344061
-0.343362
NA
0.158677
0.0313678
-0.416495
-0.425618
NA
-0.41221
-0.161094
-0.00407076
-0.109467
-0.508539
-0.0273908
-0.140916
NA
0.0930944
-0.771385
-0.61733
-0.750723
NA
-0.306789
-0.489967
-0.243081
0.15513
NA
NA
0.00437115
NA
NA
-0.218083
0.010585
-0.115214
NA
0.0218365
0.0537495
-0.247776
-0.18631
-0.012097
-0.276296
-0.373141
-0.433953
-0.412835
NA
-0.486657
0.0159055
-0.570736
-0.30105
-0.064465
-0.283986
-0.405162
NA
-0.0784526
NA
NA
-0.459158
-0.409483
-0.514561
-0.0877016
0.0243365
-0.442695
-0.398345
-0.132826
-0.49735
0.0237572
-0.305987
-0.403569
-0.546851
NA
0.0563429
-0.875124
-0.266876
-0.432701
-0.627049
NA
NA
-0.146164
-0.0824691
NA
-0.421783
-0.569986
-0.245377
-0.0519387
-0.0277519
-0.0315024
-0.0575448
-0.28006
-0.650933
-0.16807
-0.133838
-0.324452
-0.12548
-0.666959
-0.184645
NA
-0.252018
NA
-0.493863
-0.170575
-0.759739
-0.481807
-0.322628
-0.638067
-0.612162
0.0402554
-0.138274
-0.0122297
-0.284799
-0.350613
0.031899
NA
-0.559509
-0.578753
NA
-0.221995
-0.227335
-0.846455
-0.49581
-0.627423
-0.183553
-1.09863
NA
NA
-0.487323
-0.599166
-0.355804
-0.341958
-0.407912
NA
-0.273018
NA
NA
-0.420003
-0.309401
-0.364827
-0.114535
-0.0836522
0.05224
-1.01071
-0.608583
NA
-0.0704565
NA
-0.00720586
0.0447197
0.045272
NA
-0.118868
-0.516574
-0.597777
NA
-0.327588
0.0256144
-0.0703427
-0.319938
NA
0.0157736
0.0054322
-0.120495
-0.250187
NA
NA
-0.150111
NA
-0.0903755
NA
-0.219229
-0.212853
-0.420477
-0.791324
-0.309851
NA
NA
-0.00442297
-0.519382
0.163974
-0.0921121
-0.656269
NA
-0.288969
NA
NA
NA
-0.339019
-0.334576
0.0501105
-0.32505
-0.893991
NA
-0.323748
-0.148637
0.0262705
NA
-0.279653
0.0393503
-0.263444
NA
-0.718444
-0.0356147
-1.01926
-0.0989887
NA
-0.658889
NA
-0.374667
-0.462631
-0.194607
-0.0939691
-0.155241
NA
-6.64679
-0.348023
-0.211342
-0.732896
-0.622029
-0.0563154
-0.212271
-0.432392
NA
NA
-0.966615
-0.00828501
NA
0.0181481
0.0528253
0.0423234
-1.08839
-0.475412
0.082622
-0.387414
0.0956222
-0.240791
-0.519329
-0.16254
-0.69106
NA
-0.499142
-0.461766
-0.0335242
NA
-0.419378
NA
-0.800968
-0.476365
0.123732
-0.200449
0.0586817
-0.266974
-0.0305608
-0.351799
-2.94668
0.0256188
-0.263936
-0.098655
-0.405438
-0.433883
0.00140474
-0.142604
0.00890586
-0.711401
-0.132454
-0.189565
-0.323435
0.0363308
NA
-0.619992
-0.232898
-0.664304
-0.0621093
0.0158693
-0.566121
-0.182514
-0.475865
-0.699875
-0.303741
-0.0554596
-0.168361
-0.0819866
0.0530588
-0.48982
-0.204318
-0.554095
NA
-0.729273
-0.239133
-0.410109
-0.812277
-0.604294
1.11
NA
NA
-0.345275
-0.870028
-0.858589
-0.115483
0.00945906
-0.30218
-0.454444
-0.180477
-0.884611
-0.193974
-0.0793824
-0.105752
-0.822222
NA
-0.319629
-0.000567228
-0.512918
NA
-0.0936875
-0.216084
-0.00487441
NA
-0.24638
-0.547501
-0.665333
-0.230611
0.0215231
-0.421824
-0.0672208
-0.61404
-0.424745
-0.397006
-0.0873585
-0.331141
-0.246259
-0.393678
-0.598727
-0.422068
-0.258498
-0.941529
0.0883055
-0.17017
0.0608906
-0.393793
-0.229732
-0.182686
-0.357631
0.0233288
-0.52389
-0.538862
0.0682807
-0.46403
0.0479887
0.0436794
-0.117201
-0.374817
0.0405925
0.00478685
-0.659547
0.0309107
-0.166808
-0.733109
0.023831
-0.493691
-0.437123
-0.720271
-0.515943
-0.500482
-0.0631108
-0.0244693
0.0191022
-0.463624
-0.322468
-0.588514
0.0848308
-0.595063
0.0211579
-0.654086
-0.543874
-0.208077
NA
-0.242803
-0.506655
0.0972
-0.777035
-0.413676
NA
-1.0869
-0.53929
NA
-0.118697
-0.469318
NA
-0.0282145
-0.0290882
-0.162303
-0.298124
NA
-0.147477
0.0156234
0.0808924
-0.274701
NA
-0.521482
-0.114384
-0.673413
NA
0.0258799
-0.0465616
NA
-0.727923
-0.292003
0.00678351
0.0423442
-0.608551
-0.335487
0.0549949
-0.103841
NA
-0.645838
-0.508578
-0.727417
-0.855217
-0.485608
NA
-0.37054
-0.494047
0.0164109
-0.07812
-0.43551
-0.0988963
-0.0306393
-0.249408
-0.228162
0.0554631
-0.137666
0.0488821
-0.647854
-0.142353
-0.0488337
-0.28262
-0.588915
-0.320287
-0.293658
-0.579367
-0.197879
-0.491398
-0.0066709
-0.200735
-0.193624
-0.216703
-0.4264
-0.544789
-0.306405
-0.700836
-0.579768
-0.449733
-0.176457
-0.589494
-0.51622
-0.230069
NA
NA
-0.290426
-0.465315
-0.302284
NA
-0.352585
-0.235206
0.0157983
NA
-0.0974531
-0.101713
0.0498616
-0.370992
-0.358522
-0.0233853
-0.0956841
-0.192949
-0.501222
-0.48901
0.0275203
-0.0956029
-0.771489
-0.455776
-0.208369
-0.774372
0.0488833
-0.551342
-0.059443
NA
-0.072982
-0.199594
NA
-0.371704
NA
-0.32711
-0.512736
NA
NA
0.51319
-0.386053
NA
NA
0.0586226
-0.692114
-0.0777209
0.0687089
-0.3761
NA
0.0702715
-0.189757
NA
-0.740587
-0.308537
-0.240262
0.0994115
0.0731805
-0.44469
0.0502675
-0.494408
-0.479062
-0.721814
0.0261764
-0.542195
-0.137478
-0.693512
NA
-0.891631
NA
-0.655934
-0.601705
0.0576443
-0.201086
0.0534067
-0.015896
0.00948863
-0.552064
-0.506114
0.0107688
-0.271975
NA
-0.0147008
-0.0145279
NA
-0.599259
-0.119798
-0.508707
-0.425638
-0.699847
-0.357581
-0.401829
0.0672432
0.0160701
-0.73956
-0.147337
-0.276367
-0.216171
-0.72118
NA
NA
NA
-0.0202096
0.0550381
NA
-0.611349
-0.0898705
0.0677171
-0.902658
-0.294268
NA
0.172813
-0.454505
-0.395397
-0.358923
-0.522859
NA
-0.507046
0.0498266
-0.634436
-0.474463
-0.29594
-0.251035
-0.393565
-0.31922
-0.140935
-0.313915
NA
NA
-0.546572
0.0496276
-0.69271
-0.140175
-0.16484
-0.0231783
NA
0.0226858
NA
-0.238781
-0.147369
-0.356601
-0.544596
-0.24497
-0.628702
-0.295143
-0.352972
-0.23993
-0.133034
-0.64105
-0.260406
NA
-0.236444
-0.503071
-0.349305
-0.474199
NA
-0.315059
0.0255706
-0.219551
-0.0213712
-0.247466
-0.116616
NA
NA
-0.404061
-0.134743
-0.246948
0.0257954
-0.408613
-0.658783
0.013019
-0.48095
NA
-0.119762
-0.805948
-0.595537
-0.524724
-0.395179
-0.200463
-0.189922
-0.286938
-0.224675
-0.43247
NA
NA
-0.315941
-0.276553
-0.368463
-0.577873
-0.27551
-0.0530699
-0.00525106
-0.312742
-0.311602
NA
-0.476398
NA
-0.2223
NA
0.0253413
-0.212761
0.0265491
-0.210175
-0.365402
-0.420834
NA
-0.547087
-0.187093
NA
-0.0103681
-0.570135
0.0274625
0.058247
-0.554507
-0.0811553
-0.417148
-0.826311
NA
-0.327921
-0.328979
-0.168046
-0.429781
-0.220721
-0.518912
0.0134271
NA
NA
-0.059966
NA
NA
-0.435306
0.0764683
-0.139081
-0.213112
-0.579481
-1.01891
-0.0897125
0.0422553
-0.398164
-0.600844
NA
-0.214944
NA
0.0569655
-0.691684
0.0968369
-0.124965
-0.693058
-0.26342
0.0442942
0.0181124
-0.275044
NA
-0.0295578
-0.121264
-0.347763
-0.750114
-0.330526
-0.0363146
-0.0923139
NA
-0.335166
-0.195813
-0.361038
-0.384185
NA
-0.0401509
-0.492596
-0.0599362
-0.465522
0.0564415
0.0912963
0.252911
-0.096287
-0.0907693
-0.634282
-0.326176
NA
-0.471142
0.0160087
0.0649147
-0.546728
-0.167846
0.0184967
-0.379926
-0.0462234
NA
-0.24408
-0.460671
-0.460299
-0.223715
0.0636151
-0.282778
-4.14846
-0.191802
-0.0555808
-0.640328
NA
-0.349718
NA
-0.0712174
-0.3725
NA
-0.421124
-0.188935
-0.58803
-0.631093
-0.556706
-0.411868
-0.223831
-0.168958
0.0816726
NA
0.041663
-0.211153
-0.333881
0.0939456
-0.501945
-0.307964
0.0373135
-0.302293
-0.606499
NA
-0.0523113
0.04711
-0.303924
0.716338
-0.0108315
-0.372735
0.014622
-0.606234
-0.483295
-0.414044
-0.112636
-0.70627
0.0793115
NA
4.89211
-0.782303
-0.353516
NA
NA
-0.53879
-0.217953
0.0473471
-0.084217
-0.456358
-0.175018
-0.411359
-0.159319
NA
-0.313902
-0.546647
-0.205974
-0.341135
-0.51455
-0.629908
NA
-0.39041
NA
-0.157489
-0.337692
-0.00901601
-0.573122
-0.398584
-0.215641
-0.76001
0.0730853
0.187551
-0.201939
-0.284235
-0.189852
-0.342756
-1.22854
-0.297592
-0.381186
0.055292
-0.605276
NA
-0.0436454
NA
-0.162422
0.0108996
-0.652529
NA
0.0342344
-0.24599
-0.42113
-0.134646
-0.101857
0.0409566
-0.19361
-0.145195
-0.479109
-0.241234
-0.166862
NA
NA
-0.334087
-0.158669
-0.81308
-0.607974
-0.309251
-0.412501
-0.383913
-0.0761811
-0.423474
-0.308971
-0.279842
-0.221003
NA
-0.634959
-0.189414
-0.176184
-0.54642
-0.318655
-0.355868
-0.699589
-0.116662
-0.137658
NA
NA
-0.245578
-0.133101
0.0250241
-0.419435
-0.253696
-0.202382
-0.11755
-0.353218
-0.435413
-0.541862
-0.208575
NA
-0.638889
-0.137738
-0.151618
NA
-0.371896
-0.7
-0.40165
-0.140304
-0.292038
0.0980599
-0.00817855
-0.0881683
NA
NA
-0.103807
0.0174662
NA
NA
NA
NA
-0.453106
-0.0230306
-0.305181
NA
-0.131758
-0.178857
NA
-0.316885
-0.837787
0.0501958
0.00809877
-0.879988
-0.747446
0.0333464
-0.176046
NA
-0.67428
NA
-0.307816
NA
-0.375301
NA
-0.0329
-0.297317
-0.0182784
-0.29111
-0.200995
NA
NA
-0.202156
0.013648
-0.0458547
-0.247994
-0.128191
-0.454628
-0.0763797
-0.128928
NA
-0.262139
NA
-0.67481
-0.123399
-0.35838
-0.113514
-0.306574
-0.601879
NA
-0.0026075
NA
NA
-0.326189
-0.144736
-0.229067
0.000298346
NA
0.0485134
-0.609396
NA
NA
-0.244901
-0.343468
0.022357
-0.432605
-0.482069
-0.433036
-0.302576
-0.109214
-0.352306
-0.19292
-0.598392
-0.631834
0.106265
-0.380969
0.0726231
-0.0386664
NA
-0.698572
-0.30078
-0.229302
-0.568287
NA
NA
0.0158673
-0.163263
-0.218062
0.0664272
-0.293328
-0.34306
-1.11338
-0.407121
-0.678648
0.0188834
0.0820832
-0.44814
-0.730354
-0.484221
-0.128682
-0.427497
-0.114356
0.0589306
NA
-0.624142
-0.716499
-0.244179
-0.333778
-0.354898
-0.297692
0.0256778
NA
-0.580737
NA
NA
-0.33772
-0.700616
NA
-0.0723146
-0.151605
-0.111741
-0.223801
-0.511155
0.0835918
-0.196856
-0.23628
-0.477701
-0.604765
-0.81801
-0.33009
-0.193299
-0.353652
-0.393318
-0.290197
-0.118398
-0.331096
0.184588
0.187065
-0.204316
-0.291673
-0.760373
NA
-0.353833
-0.226808
NA
-0.220205
-0.0213387
-0.212416
-0.140722
-0.484931
-0.571873
-0.420228
-0.278971
0.0458199
NA
-0.169576
-0.538899
0.018206
-0.0182297
-0.0382829
-0.535777
NA
-0.462187
0.0984559
-0.565087
NA
-0.981076
-0.344524
-0.36413
-0.242591
-0.210129
-0.9961
-0.0340019
-0.206201
-0.302597
-0.15076
-0.222348
NA
-0.596102
NA
-0.100396
-0.431505
-0.520704
-0.335669
-0.397278
-1.07878
-0.167111
-0.468037
-0.242075
-0.58324
-0.381429
-0.197643
-0.7404
NA
-0.327314
-0.41314
-0.587321
-0.202338
-0.306936
-0.378923
NA
NA
NA
NA
-0.493957
0.0645708
-0.235159
-0.246912
0.138316
-0.416287
-1.4291
0.0250481
-0.289481
-0.26729
-0.23049
-0.0257983
-0.135675
0.121575
-0.357514
NA
0.0537301
-0.646893
-0.995261
-0.281792
-0.0261902
-0.552301
-0.645582
-0.546791
-0.00800671
-0.527518
NA
NA
NA
NA
-0.0883334
NA
0.099054
NA
-0.443652
-0.103999
0.0343923
NA
0.10418
0.0823946
-0.150826
-0.149316
-0.988908
-0.480689
-0.365194
-0.409859
-0.419709
-0.132321
NA
0.0414296
NA
-0.142314
0.0546446
0.00257741
-0.176904
-0.317475
-0.23987
-0.455982
NA
NA
0.0606009
0.0242868
-0.475023
NA
NA
NA
-0.155552
-0.448436
-0.685758
0.0983106
NA
0.0502479
-0.479479
-0.270998
NA
-0.136499
-0.156095
NA
-0.484702
NA
-0.359194
NA
NA
-0.189831
-0.750445
NA
NA
-0.441251
-0.0627886
NA
-0.265504
-0.312962
-0.431449
-0.368331
-0.355019
NA
-0.0328271
-0.600575
-0.239088
-0.317122
-0.096424
-0.275132
-0.267612
-0.335474
-0.58874
-0.464975
-0.152355
0.131372
-0.162507
-0.87109
0.0157267
-0.311939
NA
NA
NA
0.0189562
NA
NA
0.0482724
NA
-0.22113
-0.273596
-0.59269
-0.0148931
-0.678251
NA
0.0265746
-0.601069
-0.242225
-0.20217
-0.213996
-0.128269
-0.828597
-0.39152
NA
NA
NA
-0.542161
-0.688428
0.0255858
NA
-0.664613
-1.02955
NA
-0.119068
-0.496546
-0.840341
-0.166542
-0.399226
-0.338421
-0.499772
NA
0.497172
-0.13105
-0.053959
-0.682269
NA
-0.373696
-0.553805
-0.00591661
-0.38072
-0.34224
-0.214212
-0.0193625
-0.405915
-0.411336
-0.60748
-0.238628
-0.144035
-0.324007
-0.516851
NA
-0.242157
-0.0248897
-0.317236
NA
NA
NA
-0.581295
-0.165887
-0.188743
-0.403236
0.034021
-0.142779
NA
-0.583916
0.0458661
-0.219163
-0.044131
NA
-0.293735
-0.153635
-0.392149
-0.177495
NA
-0.441606
0.0491035
-0.60404
-0.607729
-0.273232
NA
-0.0507853
-0.106078
-0.296651
0.100063
-0.0454458
-0.173911
0.0110195
NA
-0.326812
-0.607643
-0.0126289
0.0154274
-0.221373
-0.28394
-0.241295
-0.00871307
-0.334147
-0.892499
-0.374624
-0.141536
-0.00369086
0.0293402
NA
-0.0575095
-0.0151352
-0.677716
-0.609596
-0.210066
NA
-0.515754
-0.566155
-0.179613
-0.366
-0.198196
-0.214874
0.025804
-0.504709
-0.259252
-0.369624
-0.411548
NA
NA
0.0775362
NA
-0.246398
-0.507783
-0.614376
NA
-0.370416
-0.23582
NA
-0.341384
-0.126534
-1.02939
-0.270284
-0.0724377
-0.419514
-0.372843
-0.00982722
-0.0361892
-0.0569695
-0.168505
NA
0.0269879
-0.040131
-0.497971
-0.0716904
-0.2802
NA
-0.259078
-0.235083
-0.359966
NA
0.190449
-0.728267
-0.508651
NA
-0.0193799
-0.0388047
-0.363599
0.037428
-0.517172
-0.988327
-0.230384
-0.00325416
NA
-0.174017
-0.0954245
NA
NA
-0.592275
NA
-0.12084
NA
-0.42091
-0.594991
-0.340851
-0.253508
NA
-0.274399
-0.279661
0.0251979
-0.339471
-0.264136
-0.0343789
-0.504777
-0.00799301
-0.254494
-0.0814534
-1.01153
-0.144854
-0.101726
-0.421298
NA
-0.258162
-0.0774605
-0.301878
-0.424292
NA
-0.0217615
-0.432466
-3.57961
0.0655141
-0.398676
-0.391785
0.0336402
-0.605532
0.095347
-0.0183025
-0.244651
0.0140985
NA
0.0625188
-0.164392
NA
-0.0129047
-0.487727
0.0150225
0.0646444
-0.19078
-0.29673
-0.567773
-0.813812
-0.525409
-0.397632
NA
-0.315653
NA
-0.31604
NA
-0.149539
-0.131501
-0.368789
NA
-0.0699772
-0.108859
-0.0503505
0.0680023
-0.096652
NA
-0.289787
-0.185911
-0.318392
-0.0388882
0.0164
-1.05401
-0.38421
NA
-0.331834
0.0263634
-0.574396
-0.463567
NA
-0.340456
-0.142477
-0.192725
-0.410173
-0.798801
-0.0458985
-0.000617397
-0.779141
-0.0645652
-0.315069
0.343066
-0.11523
-0.434497
-0.0648472
-0.667585
-0.045503
-0.26178
-0.179603
-0.450903
NA
-0.26582
-0.123895
-0.168108
NA
-0.342504
-0.264916
NA
0.10625
-0.491191
-0.245382
-0.0110294
NA
NA
-0.653231
-0.376247
0.0676661
0.0162709
-0.25001
0.0412631
NA
-0.445917
-0.149982
-0.448221
-0.386305
-0.0943261
0.0157463
-0.119491
-0.188075
-0.551124
-0.212333
-0.0106016
NA
-0.521628
NA
NA
-0.526807
-0.643041
-0.243414
0.00261391
-0.925422
-0.61038
-0.276821
-0.00334154
-0.132153
-1.57756
NA
-0.236824
-0.214047
-0.0820106
NA
-0.482854
NA
-0.146926
-0.451131
-0.0363728
-0.372096
0.0154971
NA
NA
-0.177507
-0.288042
-0.42583
0.00222096
0.0108347
0.0242689
-0.188606
-0.758068
-0.372209
-0.443016
0.188897
0.0688396
-0.192314
-0.0910705
0.0154962
-0.0217807
-0.172616
NA
-0.159247
-0.20156
0.0536618
NA
-0.863286
-0.0235502
-0.105187
-0.152809
-0.579535
-0.473555
-0.584838
-0.656522
-0.209462
-0.71844
-1.08575
NA
-0.451591
NA
-0.240875
-0.697024
-0.450491
-0.076341
-0.250066
0.0701865
-0.679461
-0.284183
0.0508207
-0.111044
-0.131732
-0.176059
-0.258987
NA
-5.03678
-0.262429
-0.342533
0.0301248
NA
-0.939253
-0.457028
-0.649135
-0.11028
-0.81352
0.0480639
-0.400314
-0.640516
NA
NA
-0.65842
-0.380275
-0.0171029
-0.222174
-0.38077
-0.0336624
NA
-0.0248268
-0.214497
-0.375866
-0.462675
0.0752119
NA
-0.57804
-0.209037
NA
-0.0816292
NA
-0.638019
NA
-0.547306
NA
-0.269521
-0.112289
-0.713506
-0.366081
0.0513944
0.0643898
-0.162237
-0.892391
-0.146382
NA
-0.260087
-0.424251
NA
NA
0.0569967
0.0800848
-0.438213
0.30034
-0.151371
-0.450723
-0.800712
-0.570705
-0.665563
-0.31348
-0.421746
-0.043298
-0.0141816
-0.216408
-0.0447071
0.0250231
-0.150067
0.0230856
-0.109133
-0.733539
-0.879729
-0.479376
-0.497228
-0.0387841
0.0822621
-0.307114
-0.112761
-0.454146
NA
-0.398859
NA
-0.933536
-0.346325
-0.0221881
-0.453342
0.0449625
-0.90924
-0.350549
0.0186751
-0.20472
-0.485427
-0.405331
NA
-0.0248005
-0.298186
-0.599535
-0.417122
-0.460401
-0.279323
-0.162863
-0.786064
-0.0849144
0.0516428
-0.65878
-0.142078
-0.350624
-0.257654
-0.212605
-0.279772
-0.173803
NA
-0.40688
NA
0.0855141
-0.16285
-0.326938
-0.231049
NA
-0.584272
-0.65655
-0.394408
-0.480269
-1.32006
0.0869167
0.0905457
0.0103413
-0.201658
-0.166252
0.0156093
-0.595191
-0.714306
-0.361579
-0.603126
-0.0702992
-0.0175584
NA
-0.773482
-0.666506
NA
NA
-2.97796
NA
NA
-0.535103
-0.676434
0.0400996
-0.514571
-0.703947
-0.0329845
-0.827748
-0.0531574
-0.597259
-0.300563
-0.343173
-0.255333
-0.32997
NA
-0.315898
-0.258438
NA
NA
-0.55333
NA
NA
-0.556
-0.108692
-0.0323757
-0.663107
-0.387667
-0.0322162
-0.511659
-0.417145
NA
-0.726207
-0.173339
-0.300037
-0.0125677
-0.731721
-0.67218
NA
-0.394715
-0.196121
0.0610724
NA
-0.692827
NA
0.0182045
-0.484372
-0.494157
NA
-0.053411
-0.170742
-0.26834
-0.739738
-0.251419
0.0724548
0.018243
-0.103612
0.430135
-0.359743
-0.533745
-0.505039
-0.0646272
0.0808285
-0.0253214
NA
-0.440382
NA
-0.426074
NA
-0.221481
-0.324147
-0.456023
0.511495
0.0235764
0.00716909
NA
-0.645472
-0.746699
-0.609573
-0.0380368
-0.0311547
0.0665887
NA
NA
0.0161667
0.0159881
NA
-3.67349
-0.178705
-0.329154
-0.0180315
-0.343512
-0.339048
-0.0996487
0.0366686
-0.20064
-0.227471
-0.499936
-0.170303
-0.402832
NA
0.0341869
-0.303691
-0.509543
-0.144138
-0.168539
0.0571236
0.0745322
NA
-0.180914
-0.326266
NA
0.0494915
-0.0833083
-0.3571
-0.185882
-0.352366
-0.679571
-0.295145
-0.302845
-0.263321
-0.103651
-0.411336
NA
NA
-0.184728
-0.0491751
-0.71152
0.0741668
-0.00067679
-0.0892112
NA
-0.411218
-0.427349
-0.588376
0.0759975
-0.770712
-0.385384
-0.410625
-0.126935
-0.45935
-0.326676
-0.192276
NA
-0.525229
-0.66777
0.0191633
-0.00509819
0.054101
-0.19908
-0.266313
-0.373615
-0.310836
-0.156479
NA
-0.150834
-0.291361
NA
NA
NA
0.000278164
-0.138863
-0.0918424
-0.425014
NA
0.043178
NA
NA
-0.518832
-0.222528
NA
-0.357233
-0.283348
-1.09726
0.0250384
-0.152719
NA
-0.433713
-0.0404103
NA
0.0336518
-0.491173
-0.298023
-0.225519
-0.898302
-0.284073
0.0185789
0.0913333
NA
-0.665613
NA
-0.0380016
-0.914483
-0.185117
NA
-0.431739
-0.297598
0.00563167
-0.193503
-0.329193
-0.343469
-0.56866
-0.11072
NA
-0.598948
-0.434379
-0.271186
NA
-0.394811
0.291169
-0.253279
NA
-0.0770385
-0.327193
NA
-0.376564
-0.486624
0.0151455
-0.16759
-0.12415
0.0662952
-0.216743
0.0867273
-0.722285
-0.510093
0.0691262
0.0918481
-0.441496
-0.315007
-0.315752
-0.384301
NA
NA
-0.700755
-0.0470942
0.0182117
-0.323595
-0.136962
-0.419198
-0.394616
-0.213602
-0.032321
-0.550093
NA
NA
-0.528825
NA
-0.16158
-0.284749
-0.0301061
-0.473855
-0.49857
-0.131307
NA
NA
-0.357107
-0.0597342
-0.262349
-0.450095
NA
-0.535784
0.241777
-0.233596
NA
-0.47128
NA
-0.0681231
-0.181873
-0.171377
-0.373103
NA
-0.930435
NA
-0.139495
-0.247677
-0.488663
-0.108344
NA
-0.164884
NA
-0.228835
-0.0571455
-0.56761
0.0686161
-0.257462
-0.278166
-0.685727
NA
0.206644
-0.136978
NA
-0.479399
NA
-0.458554
-0.0470533
NA
NA
-0.56876
-0.499967
0.0832982
-0.193432
-0.402964
-0.42913
NA
-0.339816
-0.666083
NA
-0.402533
-0.653115
NA
-0.68727
-0.133626
-0.554501
-0.289651
-0.564079
-0.334211
-0.588182
-0.421717
-0.27245
-0.107055
-0.397819
-0.43127
NA
0.0396714
NA
0.0154147
NA
-0.682657
0.0217311
-0.922648
-0.627318
-0.290052
-0.54339
NA
-0.374186
-0.46296
-0.187929
-0.725614
-0.78289
-0.0573304
-0.0643996
-0.313559
-0.648078
-0.963042
-0.0483405
-0.245016
-0.635848
-0.417252
-0.388463
-0.339028
-0.479459
-0.313508
-0.324562
-0.252898
-0.157453
-0.614183
0.0537567
NA
-0.228758
-0.28781
-0.564175
-0.320602
NA
0.0302475
-0.283916
0.0154756
NA
0.0570929
-0.229759
NA
0.0251217
NA
-0.146627
-1.03269
-0.336722
0.0784921
-0.533598
-0.932255
NA
-0.00251924
-0.566131
-0.16481
-0.0253782
-0.363254
-0.688592
-0.156108
NA
-0.0304787
0.02516
-0.252214
NA
-0.557829
0.0715203
-0.579967
-0.346433
NA
-0.313252
-0.298681
NA
-0.45052
0.0348901
NA
-0.468392
-0.103874
-0.367479
-0.428761
-0.519498
-0.0149147
0.0638252
-0.472182
-0.352684
-0.436063
0.0508088
-0.682669
-0.103584
-0.140214
NA
0.0463719
NA
-0.157101
-0.318304
NA
-0.684054
-0.155465
-0.0262011
0.0481998
NA
0.0103095
-0.390371
-0.460548
-0.012761
-0.46361
0.995829
-0.586603
-0.65331
0.12227
0.0157972
-0.0438425
-0.672807
-0.152781
-0.0238668
-0.393065
0.132765
-0.307727
-0.280169
-0.407052
-0.737804
0.0448904
-0.152388
NA
-0.267437
-0.182915
-0.302989
-0.159603
0.0432597
-0.168078
-0.135544
-0.125728
NA
-0.0374102
-0.346616
-0.464545
NA
-0.34816
-0.204181
-0.339675
-0.744669
-0.783
-0.275733
-0.0883402
-0.286509
-0.0711385
NA
-0.516263
-0.300634
-0.238501
-0.368763
-0.191921
0.0928412
0.0449863
NA
-0.42654
-0.865583
NA
0.0357361
-0.129784
NA
NA
-0.336723
-0.512257
-0.757145
-0.970047
NA
-0.340838
-0.308537
-0.288018
-0.281044
-0.183353
-0.0283816
-0.0591814
-0.128131
0.0623702
-0.233216
-0.598084
-0.588971
-0.140709
-0.241564
-0.108954
NA
NA
NA
0.0450705
NA
0.0915447
-0.161407
-0.147841
-0.580097
-0.416637
-0.0787643
-0.0626828
NA
-0.509573
-0.304554
-0.0914475
-0.260723
NA
-0.735968
-0.442921
-0.366933
-0.153901
-0.424514
-0.0314671
0.0680337
-0.119603
0.015779
NA
0.0872258
-0.273199
-0.0638301
-0.521602
0.0158522
NA
-0.202022
-0.0660705
0.0779258
-0.736496
-0.480506
-0.250589
NA
-0.0445758
-0.0152555
-0.465147
-0.315871
-0.211549
-0.255515
NA
-0.141765
-0.261103
-0.126657
-0.560876
-0.400694
-0.0311414
-0.353266
NA
-0.335648
NA
-0.0889221
-0.198967
0.0561393
-0.46241
-0.80497
0.202037
-0.334632
-0.159633
-0.649677
-0.411732
-0.405128
0.0243328
NA
-0.303399
-0.509223
NA
-0.400073
-0.653193
-1.1197
-0.119501
-0.2046
0.0412223
-0.121087
NA
-0.414891
-0.324282
0.391669
0.048175
NA
0.0153765
-0.0712473
-0.754517
NA
-0.452175
-0.0730472
-0.22452
0.0476801
-0.419204
-0.413012
-0.462153
-0.419226
NA
-0.122833
-0.323028
0.0587273
NA
-1.06906
-0.321072
-0.497782
-0.23271
-0.040102
NA
-0.17845
-0.0404491
-0.570768
NA
-0.359563
-0.559274
-0.32878
-0.15609
0.0245451
-0.101076
0.0247254
-0.807805
NA
-0.368731
NA
-0.460035
0.0457553
-0.232492
-0.660052
-1.79391
-0.780425
NA
-0.5224
0.0852864
NA
NA
-0.523048
-0.669637
-0.81327
-0.636405
-0.3234
-0.250919
-0.575666
-0.24941
-0.0265031
-0.285131
-0.430245
-0.0485626
-0.128135
NA
-0.387346
-0.131954
-1.28538
NA
NA
-0.32229
-0.0785272
0.0650637
-0.432602
-0.178142
-0.0797969
-0.0793885
-0.327931
-1.00542
0.103196
-0.515434
0.0316925
-0.345469
NA
-0.0518024
-0.259823
0.011116
-0.475097
-0.0866318
-0.0858466
-0.504129
-0.282871
0.0710844
0.288792
-0.0465872
0.00246149
-0.338573
NA
-0.382336
-1.15974
-0.811479
-0.406855
-0.517182
NA
NA
-0.197302
-0.0194042
-0.278394
-0.131836
0.0196684
-0.0739631
NA
-0.738613
-0.250045
-0.0673987
-0.74037
0.0788432
-0.1594
0.0851713
-0.605503
-0.229891
-0.34747
-0.0928243
-0.379417
-0.903121
-0.628051
-0.030771
-0.0414788
-0.359938
0.0432286
-0.624513
NA
NA
NA
-0.00991073
-0.69332
-0.369708
0.711429
-0.568937
-0.463085
-0.0519141
-0.329945
-0.128051
-6.11215
-0.249041
-0.23325
-0.44666
NA
-0.519138
-0.38873
-0.391198
-0.556782
-0.600433
-0.529422
-0.0907686
-0.549482
-0.397605
0.0728208
-0.529954
-0.297033
-0.29807
-0.0726633
-0.864313
0.00297876
-0.539101
-0.150833
-0.136785
-0.768909
NA
-0.519743
-0.691198
-0.196668
-0.346275
-0.143631
NA
-0.633362
-0.39323
0.0125438
-0.384604
-0.230943
NA
-0.212141
-0.0831583
-0.59202
NA
NA
-0.0271586
-0.0496823
-0.0929851
-0.338063
NA
-1.64108
-0.0634687
NA
-1.31802
-0.496525
NA
0.0581292
-0.182564
-0.658132
0.116476
-0.0911029
-0.121153
-0.391415
0.0798935
NA
-0.0146557
-0.533264
-0.784535
-0.59032
NA
-0.264863
-0.42853
-0.166621
-0.14604
0.0158282
-0.321273
NA
NA
-0.12271
-0.4653
-0.582153
NA
-0.797665
0.06267
-0.122687
NA
-0.255682
NA
-0.125025
-1.18808
NA
-0.421421
0.0572722
-0.0478853
-0.0825356
0.01603
NA
-0.136312
-0.0234495
-0.10644
-0.351812
NA
0.015644
-0.170683
NA
NA
-0.147827
0.0281953
NA
-0.429313
0.0731142
-0.587987
NA
0.0253369
-0.401912
-0.112721
-0.212271
NA
NA
-0.366789
-0.0121477
-0.257006
-0.393875
-0.143825
-0.900337
-0.536488
-0.7839
-0.182601
-0.203757
-0.507889
-0.00279103
0.047561
NA
-0.408864
-0.630465
0.0160569
-0.0377599
NA
-0.392857
0.0160438
-0.170348
NA
-0.122168
0.0194879
-0.712721
NA
NA
-0.340333
-0.455855
-0.460496
-0.0537986
-0.417069
0.0791654
-0.0352404
NA
-0.365777
-0.717983
-0.338463
-0.510029
-0.00518605
-0.255136
-0.628348
-0.259141
-0.671342
-0.699739
NA
-0.16099
NA
-0.466938
-0.300963
-0.355465
-0.473604
-0.451968
NA
NA
-0.636205
0.0701378
NA
-0.409991
-0.200689
-0.0788269
0.0941049
-0.523019
-0.0089761
-0.447234
NA
-0.77191
-0.567652
-0.145901
-0.583808
0.0414803
-0.200528
-0.177034
NA
-0.186007
-0.829029
NA
-0.0441184
-0.109792
-0.565688
NA
-0.141745
-0.0443872
-0.34476
-0.095098
-0.407095
-0.112365
0.0711847
NA
-0.728175
NA
-0.820945
-0.418821
0.0815132
-0.608101
NA
-0.0681984
NA
-0.213706
-0.198656
-0.199941
-0.143432
-0.66683
0.0665218
-0.000298734
-0.433736
-0.622299
-0.562032
NA
0.0812581
-0.238735
0.0675952
NA
-0.369037
NA
-0.100746
NA
NA
-0.814531
NA
-0.387224
NA
-0.507278
0.0610172
-0.0925359
0.015913
-0.544324
-0.300774
-0.295205
-0.313881
NA
-0.294278
-0.518589
-0.333774
-0.101987
-0.22075
-0.255174
-0.129095
-0.716343
-0.508405
-0.883393
-0.282021
-0.478059
NA
NA
0.0732231
NA
NA
-0.838004
-0.141238
-0.651091
1.5846
0.238647
-0.10052
0.0152209
-0.132565
-0.095099
-0.352258
-0.574682
-0.213104
-0.410053
NA
-0.337004
-0.271118
0.143991
-0.614852
0.0474993
-0.555843
-0.129409
NA
-0.199951
-0.255883
NA
-0.0183289
NA
0.0610577
0.0117813
NA
-0.401316
0.00223055
-0.167281
NA
NA
-0.114888
0.0583727
-0.166197
-0.320462
-0.228895
-0.315536
0.0510361
NA
0.00751058
0.032293
0.0468191
0.00612217
0.0765165
-0.580269
-0.230227
-0.172451
-0.163376
-0.507545
-0.0974313
-0.446488
NA
-0.089141
-0.368092
-0.697687
-0.443986
0.0185521
-0.126
-0.0560519
NA
-0.176238
-0.478161
0.0455551
NA
-0.377729
-0.425876
0.0948608
-0.243467
-0.398897
-0.336237
-0.295409
-0.884532
NA
-0.274069
-0.26032
-0.310638
-0.00454936
-0.16131
-0.260871
-0.576031
-0.230028
0.0688889
-0.410713
0.167544
-0.00521424
-0.674723
-0.341301
0.0155845
-0.0259866
NA
-0.515623
0.00848531
-0.148531
0.0151425
NA
0.0388596
NA
-0.467951
-0.739848
-0.364131
-0.251254
-0.418616
-1.18527
0.0497731
0.0952578
-0.191613
NA
-0.558271
-0.463477
-0.261601
NA
-0.420912
NA
-0.931816
-2.21
-0.647743
-0.272207
-0.33647
-0.0690621
-0.129017
NA
NA
NA
-0.521106
-0.0880422
0.0220689
NA
-0.806546
-0.626286
NA
NA
-0.451318
-0.0666614
-0.228456
-0.163693
-0.213209
0.0378091
-0.301786
0.0153609
-0.255066
-0.129716
-0.340474
-0.0692627
-0.874232
-0.172419
-0.160868
NA
-0.373811
-0.0510868
