-0.605169
0.0332148
-0.187075
-0.21418
-0.666937
-0.40359
-0.751997
-0.232517
-0.595041
-0.0602794
0.0711688
-0.52299
-0.428708
0.00371461
-0.241806
NA
-0.262139
-0.375301
-0.297243
NA
NA
-0.289064
-0.543201
0.0483417
-0.628187
-0.176046
-0.0275841
NA
-0.238443
-0.247994
0.018562
-0.597449
-0.202156
-0.200995
-0.582322
NA
-0.495986
0.0762799
-0.0951709
-0.249733
-0.386315
-0.360662
-0.370359
-0.625566
-0.0153407
-0.182446
-0.0594594
-0.346782
0.114381
-0.178857
-1.09617
0.0478652
-0.445334
-0.111166
NA
NA
-0.0509545
-0.151703
NA
-0.371896
-0.338332
-0.507326
-0.322012
-0.137738
NA
NA
0.0319206
-0.131352
-0.220171
0.0174662
-0.233848
-0.236694
-0.37386
NA
-0.238075
-0.16192
-0.0974957
-0.292038
-0.140039
0.0526136
NA
-0.151669
-0.632265
0.0582567
-0.540245
-0.886984
-0.355868
-0.342165
-0.0970242
-0.541862
-0.114515
-0.531837
0.0250241
-0.881243
-0.202382
-0.992836
NA
-0.245578
-0.290577
-0.71445
-0.133101
NA
-0.279842
-0.221003
-0.113898
-0.262185
-0.423474
-0.308971
-0.0761811
-0.487316
-0.81308
NA
0.0389164
-0.47509
-0.309251
0.053268
-0.546471
-0.634959
-0.189414
NA
-0.0870244
-0.0751307
0.123318
NA
0.0870318
0.0451089
-0.134646
-0.00572032
-0.603411
-0.24599
-0.652529
0.0108996
0.0342344
-0.334087
-0.158669
-0.156737
NA
-0.601937
-0.19361
-0.200731
-0.473198
-0.201939
-0.993552
-0.0671473
0.0677147
-0.58884
-0.127021
NA
-0.215641
0.0252486
0.30304
NA
-0.603182
0.0645723
-0.289533
-0.297592
-1.22854
0.15204
-0.349393
-0.651678
-0.36413
NA
-0.565087
-0.630341
-0.385444
-0.9961
-0.656527
-0.506603
-0.177123
0.0144514
-0.478415
-0.210129
-0.373375
-0.232255
NA
NA
NA
0.181803
-0.212416
-0.202808
-0.571873
-0.0160915
-0.544708
NA
-0.295068
-0.19401
-0.242484
-0.462187
-0.0382829
-0.0298571
-0.169576
-0.493625
-0.538899
-0.499616
0.187065
0.0447194
-0.186618
-0.331096
-0.206712
-0.11785
-0.374782
-0.0836267
NA
-0.353833
-0.636148
-0.893238
NA
-0.323072
-0.216301
-0.00751317
0.0730528
NA
-0.273833
NA
-0.413105
-0.238281
-0.399396
-0.510532
NA
0.0249862
-0.624142
-0.244179
-0.0145282
-0.111677
-0.327925
-0.560883
0.060691
-0.760567
NA
NA
-0.26419
NA
-0.293328
NA
0.0158673
-0.218062
0.0256535
-0.129921
-0.229302
-0.229035
NA
-0.098705
-0.30078
-0.221938
-0.320676
-0.335682
-0.597866
-0.281235
-0.484221
-0.49436
-0.105718
NA
-0.314707
0.0820832
-0.352306
NA
-0.438322
-0.00513249
-0.363934
-0.482069
NA
-0.302576
-1.0363
-0.134174
-0.254878
0.0726231
-0.380969
-0.0386664
-0.300337
NA
0.011345
-0.0138888
-0.631834
-0.447516
0.0709203
-0.598392
0.000298346
-0.316108
-0.326189
-0.243397
-0.249922
-0.417715
0.0428296
-0.432175
-0.00265019
-0.343468
-0.223531
NA
-0.0430255
-0.674056
-0.569951
NA
-0.296465
0.0114828
NA
NA
-0.359194
-0.133355
0.048561
0.0705906
-0.0610362
-0.0312399
NA
-0.520947
-0.427851
-0.794739
0.0519988
-0.758396
NA
-0.129513
-0.455982
-0.194325
0.0327612
0.00257741
0.0546446
0.0983106
NA
0.0626053
0.0374062
-0.685758
-0.000923879
-0.323197
-0.255698
-0.40071
-0.0341563
-0.164177
0.0750952
-0.388407
-0.155552
0.544334
-0.361333
-0.0406486
NA
NA
-0.149316
-0.503104
-0.321026
0.128363
-0.474253
-0.0326897
NA
NA
-0.701249
-0.187411
-0.409859
NA
0.0608319
0.0958438
-0.124094
NA
-0.546791
-0.321076
-0.604983
-0.266486
NA
0.099054
0.0261832
-0.25473
-0.0308205
0.0862289
-0.374762
-0.26729
-0.312324
-0.249068
-0.246912
-0.0151131
-0.416287
-0.281792
-0.233737
0.0537301
NA
-0.646893
-0.440316
-0.512567
-0.162278
-0.667746
NA
-0.711042
-0.373864
-0.323614
-0.587321
-0.866885
-0.197643
-0.413732
-0.557802
NA
-0.260062
NA
-0.516744
NA
NA
-0.0724695
-0.427413
0.148125
-0.158624
0.0220242
-0.440614
0.0389677
-0.425302
-0.15076
-0.222348
-0.0385648
-0.431505
-0.520704
-1.07878
-0.596102
-0.100396
-0.194046
NA
-0.26156
NA
NA
-0.374624
-0.00369086
0.0293402
-0.179613
-0.246293
-0.366
NA
-0.125445
NA
-0.610384
0.0154274
-0.997331
0.0240501
0.0110195
NA
NA
-0.0807244
-0.334147
-0.0858655
-0.335129
-0.748795
-0.580857
-0.453403
-0.455655
-0.441606
-0.58191
-0.0970345
-0.153635
-0.591689
-0.218991
0.100063
-0.294371
-0.0454458
-0.0507853
-0.0647453
-0.106078
-0.228294
NA
-0.874976
-0.624336
-0.0092458
-0.641178
-0.60748
NA
-0.34224
-0.0110178
-0.214212
NA
-0.46273
-0.00591661
-0.553805
-0.28133
0.034021
-0.105656
-0.581295
-0.261974
-0.188743
-0.403236
-0.317236
-0.238628
-0.144035
-0.760463
NA
-0.541364
-0.298327
-0.0248897
-0.213968
0.0231482
-0.145006
NA
-0.688428
-0.291455
-0.649346
NA
-0.053959
-0.13105
-0.272005
NA
NA
-0.400185
NA
-0.171859
-0.562929
-0.439755
-0.80122
-0.558693
-0.0266547
-0.51148
NA
-0.693162
-0.391185
-0.128269
NA
NA
-0.828597
NA
-0.171597
-0.23209
-0.0148931
-0.454191
-0.678251
0.0482724
NA
-0.119406
-0.152355
-0.334149
-0.3126
0.0660722
NA
-1.16552
NA
-0.367287
0.0251561
NA
-0.464975
0.0249104
-0.241909
0.055061
-0.311939
-0.282313
0.0157267
NA
0.131372
-0.162507
NA
NA
-0.600575
-0.182903
-0.211455
-0.111401
-0.328335
0.00371509
-0.253199
-0.267612
-0.2065
NA
-0.239088
NA
-0.317122
-0.187806
-0.575633
-0.096652
-0.533347
-0.0699772
-0.572671
0.0578503
NA
-0.303571
NA
-0.331834
-0.740541
0.0263634
-0.00562228
-0.27226
-0.00666968
-0.0777592
-0.318392
NA
0.0150225
0.0604756
-0.45519
-0.117206
-0.164392
NA
-0.0129047
-1.25289
NA
-0.429308
NA
-0.485631
-0.43882
NA
NA
NA
-0.67691
-0.244651
-0.310983
NA
-0.250784
-0.411749
-0.480925
-0.145259
0.0336402
-0.0051185
-0.398676
0.049325
-0.254494
-0.319759
-0.791708
-1.01153
-0.0343789
-0.504777
-0.499648
-0.00799301
-0.220578
-0.0626198
-0.386096
-0.527593
-0.258162
-0.485787
-0.452776
-0.101726
-0.421298
-0.298485
-0.858323
NA
-0.73129
0.0574364
NA
-0.160284
NA
-0.399994
-0.362906
-0.339471
-0.500712
0.00791999
0.05453
-0.52795
-0.385079
NA
-0.549016
-0.42091
-0.340851
-0.0193799
-0.363599
NA
0.005157
-0.544932
-0.163981
-0.359966
-0.259078
0.190449
-0.453323
-0.297682
-0.106041
-0.378927
-0.194743
-0.0373701
NA
NA
-0.00325416
-0.101341
-0.372843
-0.00982722
-0.0724377
-0.0561275
-0.040131
-0.509584
NA
-0.168505
-0.303571
-0.252134
-0.648133
NA
-0.399617
NA
NA
-0.259252
-0.106379
0.0875206
0.00998149
-0.341384
-0.23582
NA
NA
0.0810476
-0.284183
-0.0874868
-0.167395
-0.129328
-0.824884
-0.254817
-0.095971
-0.697024
-0.262429
-0.349587
-0.276772
-5.03678
NA
-0.702977
NA
-0.191823
-0.105187
-0.152809
-0.471821
-0.213409
0.0536618
0.0492795
-0.658702
-0.39313
-0.459721
-1.08575
0.0391536
-0.584838
-0.656522
NA
-0.325809
-0.463044
0.00222096
-0.457386
-0.0981825
NA
-0.651107
-0.46522
0.0320424
0.0622562
0.0958154
-0.399005
-0.0910705
-0.324892
0.0242689
-0.257005
-0.260954
-0.400312
-0.372209
NA
0.219719
-0.146926
-0.489398
NA
-0.8051
-0.0363728
-0.308501
-0.243414
NA
-0.187091
NA
NA
-0.410281
-0.276519
-0.214047
-1.57756
-0.00334154
-0.789171
-0.25001
NA
-0.653231
0.0637174
-0.786959
-0.732093
-0.426428
-0.212333
0.0157463
-0.454421
-0.48605
0.0145172
-0.733359
-0.168536
-0.556803
-0.214545
-0.179603
-0.0527369
-0.045503
NA
-0.26178
0.0282878
NA
0.057037
-0.282749
-0.39561
-0.19106
-0.491191
-0.264916
-0.0858592
-0.194256
NA
NA
-0.0942342
-0.150391
NA
-0.340552
-0.0458985
-0.000617397
0.0248159
-0.142477
-0.468546
-0.410173
-0.32536
-0.449302
-0.463567
-0.340456
NA
0.0654754
-0.152105
0.0682559
NA
-0.0980321
-0.0645652
-0.701658
2.99365
0.0516428
-0.272484
-0.137228
-0.681277
NA
-0.585588
-0.372316
-0.599535
NA
-0.100595
-0.460401
-0.435272
-0.307217
NA
NA
-0.257654
NA
-0.142078
0.164466
-0.347704
NA
NA
NA
-0.454113
NA
-0.346325
-0.363754
-0.0248005
-0.388506
-0.486647
-0.26443
-0.485427
0.0376486
NA
-0.278375
-0.733539
-0.879729
NA
-0.17588
-0.5637
0.0250231
-0.0447071
-0.102863
-0.454146
-0.386788
-0.779885
-0.25296
-0.0387841
0.0257768
-0.457462
-0.0856254
-0.487958
-0.333525
NA
0.727645
-0.267444
NA
-0.225045
-0.583689
-0.543516
-0.216408
-0.043298
-0.290089
-0.391022
-0.665563
NA
NA
NA
NA
-0.323841
-0.5987
NA
-0.464304
-0.478704
-0.216304
0.30034
NA
-0.695605
-0.505511
-0.110049
-0.050037
-0.394419
-0.600208
NA
NA
-0.638336
NA
NA
0.0895874
-0.976902
-0.209037
-0.57804
-0.353795
-0.130925
-0.713506
-0.269521
NA
0.0873542
-0.424368
NA
-0.0676978
-0.222174
-0.567695
NA
-0.135726
0.0503436
-0.462675
-0.447531
-0.187448
-1.16821
-0.769561
-0.214497
-0.523023
0.112534
-0.11028
-0.81352
0.0810517
NA
-0.342533
-0.111943
-0.716847
-0.65842
-0.640516
NA
-0.113915
-0.400314
-0.716295
-0.113066
-0.405991
-0.195036
0.0571236
NA
0.0164
-0.185236
-0.698762
-0.3571
-0.129599
-0.33308
-0.357698
-0.240492
-0.872313
-0.0736382
-0.486128
NA
-0.271733
-0.496773
0.0159881
-3.67349
NA
-0.329154
-0.219141
NA
-0.343613
-0.447516
-0.662178
-0.428615
-0.297014
-0.179702
NA
-0.402832
-0.103249
-0.509543
0.0551641
0.0366686
-0.471832
-0.528412
-0.324147
-0.375314
-0.377784
-0.412693
-0.426074
0.0615533
0.0829044
-0.0253214
NA
-0.485333
NA
0.0624842
NA
0.043767
NA
0.368182
0.511495
-0.456023
0.00716909
0.0672597
-0.324742
-0.286384
-0.170742
-0.588033
0.0616164
NA
-0.053411
NA
-0.253926
-0.476569
-0.715348
0.018243
-0.103612
-0.155231
-0.399299
0.0724548
NA
-0.374383
0.00820716
-0.0177369
-0.372739
-0.251419
-0.122533
0.0396046
-0.150764
-0.726207
-0.140851
-0.510405
NA
-0.511659
-0.255391
-0.509531
0.0248249
-0.200477
-0.0565977
-0.692827
NA
-0.800755
-0.67218
NA
-0.255333
0.0795689
-0.33638
NA
-0.300563
-0.343173
-0.0531574
-0.0323757
-0.663107
-0.387667
-0.0220419
-0.549336
-0.108692
NA
-0.0716408
-0.52465
NA
-0.258438
-0.304514
-2.97796
-0.773482
-0.0175584
-0.288663
-0.0702992
-0.204815
0.0156093
-0.0643981
-0.243121
NA
-0.676434
0.0922342
NA
NA
-0.247195
0.0855141
-0.356843
-0.201658
-0.468869
-0.166252
-0.212715
NA
0.0151578
-0.480269
-0.637166
0.0059975
-0.233947
-0.213602
0.102597
-0.120824
-0.323595
NA
-0.000730068
NA
NA
-0.473855
-0.0301061
-0.49857
-0.157381
NA
-0.528825
-0.16158
-0.206752
NA
0.0723623
-0.304892
-0.190828
0.0303522
-0.0393246
0.00870846
-0.584374
-0.700755
-0.0470942
0.0182117
-0.271962
0.0255831
0.0319132
-0.0538742
-0.329
0.0158894
NA
0.0061294
NA
-0.194143
-0.150972
NA
NA
-0.56575
-0.330169
0.291169
NA
-0.379438
-0.598948
-0.12415
-0.303723
-0.072236
-0.294805
-0.316688
-0.486624
-0.483817
0.0151455
-0.16759
-0.376564
-0.420887
-0.91864
-0.284073
-0.332171
0.054169
-0.898302
0.0336518
-0.206266
-0.298023
-0.484331
-0.329193
-0.343469
-0.193503
-0.445582
-0.297598
NA
NA
-0.914483
-0.0380016
-0.121623
-0.521338
-0.0327145
-0.728173
-0.222528
0.576608
0.043178
NA
-0.232131
NA
0.0769679
-0.0845137
-0.138863
0.000278164
-0.526311
-0.95813
-0.245168
-0.310999
0.0410502
-0.669114
-0.283348
NA
NA
0.0191633
-0.00509819
-1.24
NA
-0.168053
NA
NA
NA
-0.0309936
-0.367172
-0.388783
-0.156479
NA
NA
-0.310836
NA
-0.385384
-0.176901
-0.427349
-0.52928
-0.130864
0.0759975
-0.679005
-0.634543
NA
-0.411218
0.00945715
-0.18932
0.0395959
-0.104654
-0.171279
-0.103651
NA
-0.274932
-0.302845
-0.596553
NA
-0.132929
-0.0491751
-0.189389
-0.224672
-0.184728
-0.57557
-0.76499
NA
-0.0642659
-0.46414
0.114021
-0.152217
-0.197412
-0.637642
-0.363254
-0.202131
-0.52053
-0.0253782
-0.622766
NA
NA
-0.228758
-0.28781
-0.0437976
-0.614183
NA
-0.171095
-0.339028
-0.324562
-0.362593
-0.146627
NA
-1.03269
NA
-0.252702
-0.159062
-0.611143
-0.229759
NA
-0.320602
-0.0287251
-0.525948
0.0154756
NA
NA
-0.145278
-0.783754
-0.350924
-0.46296
NA
-0.500049
-0.374186
-0.635848
-0.0270056
-0.865439
-0.963042
-0.26455
-0.156279
-0.195076
0.000651696
0.00132444
-0.922648
-0.627318
-0.0126872
NA
NA
-0.152305
0.0154147
NA
NA
0.0778334
NA
-0.665313
-0.334211
NA
-0.315806
NA
0.0729566
0.000661784
NA
-0.272453
-0.342157
-0.458554
-0.123526
NA
-0.419037
NA
-0.666083
NA
-0.339816
-0.954907
-0.499967
0.0832982
-0.108344
-0.203026
-0.60457
-0.659055
-0.111223
0.099716
-0.930435
0.0488866
-0.659863
0.046183
-0.143568
-0.257462
-0.131374
-0.325296
-0.164398
-0.0905313
NA
NA
-0.0943957
NA
-0.253815
-0.415411
-0.840611
-0.0597342
-0.262349
NA
-0.297946
-0.0681231
-0.0417763
-0.0498008
NA
-0.47128
-0.254356
0.426125
NA
NA
-0.250688
NA
-0.140709
-0.575423
-0.241564
-0.699441
-0.72728
0.0623702
0.0414338
NA
0.0915447
-0.137103
-0.709427
-0.440113
-0.263471
NA
-0.496692
NA
-0.413736
-0.389763
NA
NA
0.0357361
NA
NA
-0.42654
NA
-0.865583
-0.461601
0.0928412
-0.946616
-0.381981
-0.238501
-0.125398
0.0746099
-0.308537
-0.288018
-0.340838
-0.0263748
-0.512257
-0.649095
NA
-0.234117
NA
-0.362731
-0.0388917
-0.723845
0.0643077
-0.106487
-0.293302
-0.637286
0.01
NA
-0.346616
NA
-0.125728
0.0817506
-0.085968
-0.256102
-0.468393
NA
-0.427081
-0.302989
-0.129014
-0.00614019
-0.205877
-0.134423
-0.744669
NA
-0.418726
-0.453814
-0.464545
NA
-0.463549
-0.46361
-0.586603
-0.164628
-0.103749
0.0256892
-0.152388
-0.176853
-0.407052
-0.307727
-0.765395
-0.522212
-0.0238668
-0.280194
-0.684054
0.0303699
-0.540713
-0.116781
NA
-0.599353
-0.157101
-0.318304
-0.390371
-0.427689
NA
-0.498984
-0.461394
-0.281737
-0.629231
0.0362496
-0.436063
-0.891364
-0.354267
-0.203497
-0.352684
-0.336501
0.0629961
0.0791779
NA
-0.311667
-0.326568
NA
-0.357814
-0.0149147
NA
-0.425778
-0.368944
-0.359155
0.0463719
-0.631084
0.0227706
-0.103584
NA
0.0125068
-0.346433
-0.108918
-0.386342
0.0567954
-0.0266379
NA
-0.927274
-0.144178
-0.199346
-1.01102
-0.00441355
-0.428761
NA
NA
NA
-0.326645
-0.457821
NA
NA
-0.232492
-0.512816
-0.331067
-0.496141
-0.245209
-0.32878
-0.307957
-1.21717
-0.0515377
NA
-0.101076
-0.511163
-0.845122
0.0247254
-0.807805
NA
-0.0208275
0.126695
-0.0730472
NA
-0.754517
-0.0712473
-0.152397
NA
-0.365393
-0.497782
-1.06906
-0.122833
-0.323028
NA
-0.413012
NA
NA
-0.467188
-0.2046
-0.401971
-0.106259
-0.1038
-0.343789
0.0175017
-0.106258
NA
-0.653193
-0.0367606
-0.324282
-0.305486
-0.970997
NA
-0.334632
0.0608998
-0.115024
-0.663587
-0.597609
-0.23306
-0.00560887
0.202037
NA
-0.431282
-0.475661
-0.290004
-0.411732
NA
-0.455944
-0.405128
-0.313175
-0.426338
-0.630693
-0.0473808
-0.326192
NA
-0.342635
-0.156286
-0.0587979
-0.0311414
-0.353266
-0.335648
0.0245576
-0.126657
-0.30795
-1.05656
NA
-0.0660705
-0.0829254
-0.0386969
0.0158522
NA
NA
-1.44564
0.0911547
-0.966571
-0.250589
-0.042783
-0.716175
-0.260723
-0.178081
-0.0914475
-0.0787643
-0.0626828
-0.638688
-0.185529
0.108284
-0.172697
-0.232534
-0.147841
-0.580097
-0.145945
-0.0314671
0.0680337
-0.301933
0.0175212
-0.442921
-0.209388
-0.735968
-0.143104
-0.548152
-0.397605
-0.529954
-0.212256
-0.56433
-0.549482
-0.247024
-0.136785
0.0677362
NA
-0.539101
0.00297876
-0.0726633
-0.47446
NA
-0.0665579
-0.464579
0.025286
0.0161104
-0.329945
-0.255581
-0.0693424
-0.568937
-0.463085
0.711429
0.0238485
-0.391198
-0.620898
-0.529422
-0.390221
-0.0384319
-0.514083
-0.092788
-0.23325
-0.328434
0.0559677
-0.472827
0.0432286
-0.234911
-0.0414788
0.0663067
-0.477574
0.0268664
-0.468513
-0.389318
0.0225737
-0.453415
NA
NA
-0.615126
-0.582091
0.0196684
-0.408717
NA
-0.197302
-0.278394
NA
-0.179607
-0.336255
-0.451613
NA
NA
-0.229891
-0.0336962
-0.407406
NA
-0.605503
0.0851713
NA
-0.439087
-0.157468
-0.250045
NA
-0.282871
-0.0858466
NA
-1.13727
-0.458244
-0.406855
-0.257346
-0.338573
-0.071538
0.103196
-0.503679
-0.356501
-0.327931
-0.120939
-0.464863
0.08127
0.0249097
-0.491132
-0.399508
-0.432602
-0.178142
NA
-0.475097
-0.26588
-0.0695815
0.011116
0.303196
NA
-0.550728
-0.152514
NA
-0.259823
-0.551828
-0.0534858
-0.0571123
-0.430245
-0.289414
-0.19532
-0.541733
-0.317376
-0.497044
0.0753923
-0.361784
-0.360588
-0.560768
0.00720121
0.0650637
-0.32229
-0.659145
-1.28538
NA
-0.442425
-0.527918
NA
0.0816952
-0.503255
NA
-0.398818
-0.40433
-0.626696
-0.429739
4.78006
-0.136779
-0.320663
-0.24941
-0.498506
-0.636405
-0.385464
0.047561
-0.139561
-0.290527
-0.507889
NA
-0.715017
NA
-0.20696
-0.0472867
-0.392857
-0.0566699
-0.112721
NA
-0.0752189
-0.225758
-0.900337
-0.0953905
-0.179914
-0.23886
-0.212191
0.515991
-0.293193
0.015644
-0.0825356
-0.109454
-0.0234495
0.0678212
-0.162349
-0.197979
-0.122022
0.0495046
-0.261886
NA
NA
-0.823247
-0.260412
-0.466327
-0.541072
-0.236912
-0.199188
-0.0478853
NA
-0.879645
NA
-1.54421
-0.255682
NA
NA
0.0243633
NA
-0.0605989
-0.533264
-0.096977
-0.239844
-0.744285
-0.571254
NA
NA
-0.321273
NA
-0.166621
0.0158282
-0.341121
-0.110503
-0.658132
-0.67873
-0.585941
NA
0.0252814
0.201509
-0.121153
-0.146351
-0.284279
NA
0.116476
-0.520034
-0.114829
-0.322043
-1.64108
-0.0634687
-0.389908
NA
-0.647571
-0.59202
NA
-0.721498
-0.140361
-0.0765694
-0.473493
-0.682196
-0.507515
-0.346275
-0.196668
-0.519743
-0.558228
0.121421
-0.953828
NA
0.0155806
-0.581353
-0.230943
0.74
0.0888358
-0.747294
-0.698802
-0.333774
-0.101987
-0.328666
-0.669085
-0.255174
-0.880399
-0.539783
0.0762709
-0.351761
-0.563978
-0.146312
-0.061747
0.0224439
-0.345192
-0.0304521
NA
0.0355875
0.130141
NA
-0.282021
-0.121912
-0.734828
-0.316666
-0.540463
-0.356099
NA
NA
-0.526935
0.0155224
-0.369037
0.0813486
-0.675796
-0.100746
-0.0232481
-0.120308
-0.168049
-0.475221
-0.0925359
-0.343672
0.0649694
-0.666024
-0.15713
-0.143432
-0.149618
-0.394145
-0.42184
-0.0722528
-1.19274
NA
-0.213247
0.0675952
NA
NA
-0.562032
NA
-0.432055
-0.434083
-0.449996
0.0799181
-0.435301
0.0665218
NA
0.00286206
NA
-0.439247
-0.364574
-0.196251
-0.487298
NA
-0.0652817
-0.318205
NA
-0.194236
-0.340158
-0.0627024
-0.327616
-0.418821
-0.440828
0.0643133
-0.145901
0.0414803
-0.215008
0.0750024
-0.51465
-0.0053443
-0.0826425
-0.0649378
-0.138572
-0.109792
-0.609559
NA
-0.0309538
-0.432421
-0.636205
NA
0.0701378
-0.222305
-0.00992311
-0.240233
-0.386072
-0.0633567
-0.473604
-0.491416
-0.135753
-0.16099
NA
-0.362568
NA
-0.409991
-0.200689
-0.460385
NA
-0.551562
-0.140581
0.0478256
-0.255136
-0.0846773
-0.530116
-0.78314
-0.510029
-0.365777
-0.193368
-0.539663
-0.779266
-0.259141
-0.667
-0.402292
-0.460496
-0.142902
-0.455855
NA
0.0237395
NA
-0.15089
-0.310456
-0.374232
0.0791654
-0.393131
0.167744
-0.0537986
NA
NA
-0.451318
-0.352013
-0.433889
-0.521106
-0.362216
-0.31217
-0.886656
NA
NA
-1.15628
NA
-0.373811
NA
-0.146266
-0.172419
NA
NA
-0.163693
-0.213209
-0.301786
-0.279124
-0.58451
-0.931816
0.0145377
NA
NA
-0.558271
-0.759777
-0.201781
-0.191613
-0.275776
0.0666125
NA
NA
NA
-0.0690621
-0.258008
NA
-0.647743
-0.33647
NA
-0.804627
-0.0204511
0.00848531
-0.33496
0.0151425
-0.341301
NA
-0.239214
-0.0314837
0.06576
NA
-0.198891
-0.0296709
-0.739848
0.0101568
NA
NA
-0.469349
-0.0427664
NA
0.0388596
NA
NA
-0.274069
-0.641525
-0.0921196
-0.336237
-0.295409
0.167544
-0.674723
0.0173575
-0.478325
-0.230028
-0.00454936
0.0540872
-0.452799
-0.260871
-0.191386
0.0391887
-0.268862
-0.313013
-0.334686
-0.242269
-0.792554
0.0365018
-0.034668
0.0948608
-0.675728
-0.709905
0.0140827
0.00973243
NA
NA
-0.0974313
NA
-0.580269
0.0239153
-0.085424
-0.508463
-0.126
-0.813908
NA
NA
-0.089141
-0.368092
-0.0683885
-0.296037
-0.353436
-0.37165
-0.291638
-0.455222
-0.163507
-0.269036
-0.0702629
-0.322588
-0.387885
-0.193156
0.0501088
-0.643069
-0.198288
-0.228895
-0.315536
-0.271118
0.143991
-0.614852
0.0474993
-0.291175
NA
-0.337004
NA
-0.264587
0.0695233
-0.28079
-0.352258
-0.132565
0.0146742
-0.0183289
-0.693483
-0.679512
-0.537156
0.0204473
-0.12305
NA
-0.678845
-0.410773
-0.444683
-0.125126
-0.299726
-0.428525
0.0459898
0.0516367
NA
NA
0.189509
NA
NA
-0.0720143
NA
0.0195854
NA
-1.02237
-0.437001
-0.485135
NA
-0.29765
-0.117658
-0.29169
0.0576663
-0.448542
-0.221597
-0.259083
-0.392645
-0.267606
NA
-0.575981
-0.445363
0.186544
NA
-0.802453
NA
NA
-0.233164
-0.448703
-0.146056
-0.283844
NA
-0.225412
0.0031175
-0.363284
NA
-0.352663
-0.61014
0.117172
-0.659527
NA
NA
-1.15066
0.0851816
-0.643074
-0.0632565
-0.139202
-0.585785
-0.300941
0.0209976
-0.26708
-0.368174
NA
0.0809214
-0.124609
-0.398731
-0.121489
NA
-0.496682
-0.207808
-0.783224
-0.260408
-0.696994
-0.228409
-0.185198
-0.218383
-0.429611
0.0645952
0.0440801
-0.680106
-0.0542663
-0.635812
-0.223404
0.0406142
0.0219667
NA
-0.109698
NA
-0.252694
NA
-0.268306
-0.322519
0.236997
NA
-0.166484
-0.238769
-0.105856
-0.368812
-0.30706
-0.0172447
-0.703891
-0.154368
-0.116419
-0.0908826
-0.0671655
0.0219322
-0.598182
NA
NA
NA
-0.324275
-0.268278
-0.261989
-0.274212
-0.378673
0.19706
0.0761215
-0.294824
-0.119064
NA
-0.528948
-0.53346
-0.256593
-0.892048
-0.371384
-0.000377701
-0.228518
-0.122637
0.0157075
NA
-0.158514
NA
-0.192352
-0.172476
0.025796
0.0185267
NA
NA
NA
-0.0424292
NA
NA
-0.0428468
-0.0685878
-0.112112
0.0630577
0.0386497
-0.369194
NA
-0.65231
NA
-0.621198
-0.119235
-0.0380499
0.0126737
-0.45156
-0.460823
0.0344971
-0.406626
-0.195431
NA
-0.243015
-0.419462
-0.389603
-0.0982375
-0.181578
-0.33442
0.0248102
-0.360962
-0.123842
0.025857
-0.246006
-0.745451
0.0720753
0.0323617
-0.382358
NA
-0.102675
0.0452272
-0.629134
-0.0198233
NA
0.0159354
-0.398659
0.0108721
-0.209892
-0.0768015
-0.443435
-0.327747
-0.402771
-2.71089
-0.157405
-0.257171
-0.00783252
NA
-0.00605736
-0.106534
NA
-0.401489
-0.450008
-0.175272
-0.0710314
-0.099743
-0.543913
-0.0877909
-0.0185953
-0.319201
-0.836646
-0.178948
-0.0595451
-0.00338797
-0.27902
-0.518961
-0.509541
-0.061685
NA
0.0352779
-0.472658
-0.320717
NA
NA
-0.600443
-0.269619
0.0396487
-0.434349
-0.333371
-0.212405
NA
-0.385483
-0.592076
-0.00284536
0.198846
-0.679844
NA
-0.286237
-0.319192
-0.459618
NA
-0.684129
-0.316247
0.0119441
-0.428609
0.248163
NA
-0.535655
-0.00760004
-0.318147
NA
-0.0387887
-0.274528
-0.196351
-0.0728354
NA
0.0106308
-0.262376
-0.255697
-0.747139
-0.0981315
NA
-0.246944
-0.39561
NA
-0.55776
-0.188815
-0.199116
-0.304578
NA
0.0297403
NA
-0.0171287
-0.113602
-0.116981
-0.688312
-0.216424
-0.0374473
-0.384311
-0.0385068
0.0864784
-0.316127
-0.375592
-0.287056
-0.129628
-0.0876615
-0.171469
-0.165302
-0.181243
-0.291457
-0.322079
-0.505067
-0.431994
-0.700542
-0.14387
-0.746019
-0.713243
-0.728581
-0.0998468
-0.145098
-0.208573
-0.115754
-0.300756
-0.473757
-0.225247
-0.330144
-0.0494798
-0.111625
-0.209155
-0.595847
-0.535425
-0.289773
-0.0244667
-0.407898
-0.474061
NA
0.15641
-0.138644
-0.353924
-0.284597
-0.388566
-0.153309
-0.219558
-0.648889
-0.133367
NA
NA
0.0561447
-0.456061
NA
0.0833527
0.0725602
-0.268255
-0.391617
-0.812293
-0.0715803
-0.651947
-0.348585
-0.396931
0.0506094
NA
-0.191646
NA
-0.0484771
-0.071734
-0.765788
-0.421836
-0.397069
-0.322112
0.083914
0.0715598
NA
0.0539569
-0.960361
NA
-0.282783
-0.214436
0.0639312
-0.893188
0.0539728
NA
-0.631042
0.00294428
0.240309
-0.531345
-0.278727
-0.443893
NA
-0.378882
NA
-0.366896
-0.416864
-0.296626
0.44445
-0.243932
-0.109387
-0.723296
-0.130574
-0.0624463
-0.410831
-0.436199
-0.121494
-0.380947
0.0193469
-0.205342
NA
-0.46416
NA
NA
NA
NA
NA
-0.371869
NA
NA
-0.661753
-0.80835
-0.46668
-0.674356
-0.132401
-0.567198
-0.293957
NA
NA
-0.532863
-0.169816
-0.83103
0.0402197
0.0121445
NA
-0.185525
NA
-0.582947
-0.941568
-0.569761
-0.0931419
-0.245357
NA
0.15542
-0.28919
-0.437344
-0.101378
-0.359684
-0.170907
-0.775154
-0.314398
-0.0236725
-0.15428
NA
-0.56789
-0.806217
-0.326027
-0.587896
-0.870727
-0.567876
-0.100181
-0.106624
0.552118
NA
-0.297338
0.0869009
NA
-0.117572
-0.192633
-0.192662
-0.543529
-0.447092
-0.192504
NA
NA
0.0253286
-0.34528
NA
-0.0401339
-0.970646
NA
NA
-0.380731
NA
-0.820193
-0.155835
-0.218897
-0.428563
-0.0501748
NA
-0.284862
0.0721962
-0.177241
NA
NA
-0.349146
-0.276074
-0.364268
0.0425468
-0.207781
-0.119723
-0.0914936
-0.433844
-0.00569007
-0.315935
-0.182932
0.0959106
-0.383039
-0.182409
-0.395312
-1.04596
-0.461818
-0.182872
0.138583
0.0907169
-0.230769
-0.693333
-0.351029
-0.666059
-0.388835
0.438501
-0.713372
-0.516708
-0.266206
-0.106569
-0.516257
-0.508291
-0.467867
-0.378961
0.0643581
-0.0488714
-0.354349
NA
0.0514086
-0.513707
NA
NA
NA
-0.675462
-0.631052
-0.66395
0.0552073
NA
0.0248483
0.0253932
-0.638314
-0.267649
0.0391404
NA
-0.416961
-0.610864
-0.140265
-0.164378
-0.44138
-0.101754
-0.125254
-0.376769
-0.184346
-0.359132
-0.569866
-0.321465
-0.241079
NA
-0.029765
-0.125804
NA
-0.19814
-0.530457
-0.202517
-0.669278
-0.0205156
-0.402945
-0.611475
-0.203899
-0.0631582
-0.327145
NA
-0.589051
0.214968
-0.10611
-0.142154
-0.798531
-0.177635
-0.656424
NA
-0.129152
-0.558705
NA
-0.203011
NA
-0.628019
-0.189864
NA
0.0917956
-0.0867587
0.0498872
-0.480035
NA
-0.557732
NA
-0.409594
-0.0598034
0.0361824
-0.314109
NA
-0.151888
0.0630376
-0.198549
NA
NA
-0.556587
-0.678619
-0.870094
-0.53738
NA
0.017488
-0.295447
-0.0811483
-0.643172
NA
-0.743831
0.0706671
-0.251643
-0.476905
NA
-0.848237
NA
NA
NA
NA
NA
-0.175615
NA
-0.151463
-0.125553
-0.00301407
0.0713102
NA
0.243302
-0.40085
0.0136991
-0.0759789
-0.423421
NA
-0.138843
-0.57087
-0.301548
NA
-0.484553
NA
-0.152018
-0.362638
0.837778
-0.332785
0.032539
-0.572031
NA
0.172402
NA
-0.619957
-0.291249
-0.356112
-0.433429
0.0266132
-0.0500044
-0.359401
NA
-0.384587
-0.75699
-0.158823
-0.195565
-0.0489706
NA
-0.390574
NA
0.0874249
-0.410258
0.0576635
-0.666183
0.0288734
NA
-0.0992765
-0.365335
-0.435016
-0.402817
-0.209474
-0.386541
0.0379059
NA
NA
NA
-0.0176978
0.0158276
-0.453588
-0.255123
-0.732284
-0.346248
-0.0362205
-0.762732
-0.376609
NA
-0.676794
NA
0.0801896
-0.310968
-0.0234078
-0.313904
-0.327628
0.0705657
-0.289264
-0.640147
-0.0357394
-0.926993
NA
0.0922855
-0.26239
0.028125
-0.256139
-0.15477
-0.275664
-0.0617529
-0.263651
NA
NA
0.0383232
-0.274444
NA
-0.49021
-0.576407
-0.704707
-0.175932
-0.573191
NA
-0.0500833
-0.194998
-0.631398
-0.203044
-0.150403
0.330375
-0.413002
-0.040024
-0.23958
0.0408367
0.0158723
-0.683422
0.0117868
-0.0177528
-0.484684
0.120885
-0.0441583
NA
NA
-0.742667
NA
-0.563795
-0.40723
0.0251762
-0.439148
0.0250536
-0.111698
-0.676365
0.0210508
-0.163549
-0.31587
NA
0.0217307
-0.798401
-0.896631
-0.108128
-0.540964
-0.490828
-0.186169
NA
-0.177732
-0.114205
-0.096773
-0.548372
-0.0435221
-0.589483
0.0821668
-0.233874
-0.351146
-0.275392
-0.606521
NA
0.109437
-0.266365
-0.560357
-0.664444
-0.356427
-0.380312
-0.53083
-0.564808
-0.141498
-0.309038
NA
-0.319713
NA
-0.0163209
0.0682993
-0.372529
-0.00408748
NA
-0.729804
-0.273305
NA
-0.580578
-0.584762
NA
NA
0.0620534
-0.392973
-0.957641
-0.101513
-0.538553
-0.124101
-0.694708
0.0561139
NA
-0.487846
NA
NA
-0.0772928
-0.425236
-0.417339
0.0696565
-0.0904714
-0.278603
-0.19314
0.0602002
0.0264895
0.0157545
-0.343286
-0.296503
-0.641144
NA
0.0290878
-0.266418
-0.440475
NA
-0.079513
-0.278466
NA
-0.29303
-0.139925
-0.118648
-0.466651
-0.0744024
-0.627133
-0.343321
-0.640919
-0.515415
-0.249704
-0.263288
0.00414767
-0.440476
NA
-0.58963
NA
0.0577
-0.158686
-0.028555
-0.225611
NA
-0.117525
-0.14852
-0.260192
-0.526835
0.0159165
-0.442481
NA
-0.785797
-0.353514
0.0783326
-0.479134
0.0643798
-0.289678
-0.413732
-0.355342
-0.0429392
-0.378057
-0.312483
NA
NA
-0.497567
-0.0320277
0.224255
-0.287598
-0.476072
-0.325911
-0.460857
NA
NA
-0.697457
-0.153938
-0.184153
-0.13682
-0.338408
-0.772606
-0.0735669
-0.642429
0.0329548
-0.932536
NA
NA
-0.0625274
NA
-0.154675
-0.353219
NA
-0.311564
-0.450906
-0.319566
NA
0.262169
0.0816392
-0.0164956
-0.713568
0.0252875
-0.223522
-0.267105
-0.162013
-0.351963
-0.322529
-0.356378
0.0567085
-0.872742
-0.709916
NA
-0.195174
-0.391269
-0.535531
NA
-0.273891
-0.761114
-0.255949
-0.151253
-0.413137
-0.548947
-0.49543
NA
-0.0770986
-2.00584
-0.573909
NA
-0.681223
0.324624
-0.586001
-0.320275
-0.00321137
-0.284565
NA
-0.251683
NA
-0.434764
-0.37576
-0.342531
-0.327357
-0.502233
-0.370083
NA
-0.592778
-0.541541
NA
-0.0459654
-0.356535
-0.0695977
-0.570864
-0.547964
-0.313343
-0.443972
-0.160623
-0.186806
-0.80151
-0.645243
NA
-0.226986
-0.205009
0.0629648
-0.127133
-0.237041
-0.482394
NA
-0.634966
-0.272781
-0.295662
-0.0821804
NA
0.0167069
-0.198284
-0.55242
-0.605598
-0.529528
NA
0.372687
NA
-0.407998
-0.31418
-0.455567
0.105877
-0.270126
NA
-0.597656
-0.419536
-0.439744
-0.507015
-0.0613689
0.0701952
-0.152545
-0.146681
-0.41229
NA
-0.105619
-0.571623
NA
-0.454558
-0.367396
NA
NA
-0.311357
-0.239303
NA
-0.822695
-0.401211
0.00872511
-0.447385
-0.398899
-0.132051
-0.409626
-0.59211
NA
-0.626376
NA
-0.160727
-0.56772
NA
-0.734907
-0.327822
-0.345191
-0.0532692
-0.127603
-0.241443
NA
-0.612454
0.0153883
-0.0244603
NA
-0.19848
-0.0383666
NA
-0.278771
-0.300821
0.0248291
-0.0644932
-0.084011
-0.837816
-0.110322
-0.636199
-0.489187
-0.217837
-0.409863
NA
-0.271633
-0.798604
0.0693593
-0.105414
-0.541367
-0.144788
NA
-0.0791912
-0.159153
-0.372215
NA
-0.437505
-0.0932679
-0.0865938
NA
-0.327219
NA
-0.70619
NA
0.00273378
-0.635191
-0.726006
-0.18558
0.0111628
-0.14201
0.090233
-0.575875
-0.221927
-0.672722
NA
NA
NA
-0.844944
-0.156374
-0.0323434
-0.0274792
-0.0340222
0.045014
NA
-0.163389
-0.0472341
-0.119629
-1.06838
-0.309613
-0.153297
-0.189174
NA
NA
NA
-0.290439
NA
0.0804105
NA
-0.110148
-0.0122372
0.0791385
-0.187892
0.095373
-0.174559
NA
-0.163931
-0.392859
-0.104472
-0.588668
NA
NA
0.0672633
-0.348472
-0.217001
-0.0921937
-0.388706
-0.493661
-0.415973
0.0560645
0.0114238
-0.437662
-0.477191
-0.311737
0.0204834
-0.154735
-0.47904
-0.0234236
-0.616901
-0.839188
-0.0242751
-0.199015
-0.304516
NA
-0.0695175
-0.650754
-0.509759
-0.0298548
-0.165989
0.0241463
NA
-0.428471
-0.215158
NA
-0.447929
-0.204145
-0.448163
NA
-0.258212
-0.169319
-0.336239
-0.257868
-0.740635
-0.0414334
-0.890504
-0.0957855
-0.00806618
-0.150915
-0.29739
-0.215721
-0.0207373
NA
NA
NA
0.0248019
NA
-0.122879
-0.193535
-0.324623
NA
-0.211614
NA
-0.653491
NA
-0.620561
-0.254387
-0.0886133
0.064974
1.61762
-0.694129
-0.302268
-0.615369
-0.381047
-0.750723
NA
0.0930944
-0.438011
NA
NA
-0.399691
-0.347824
NA
-0.243081
-0.446711
0.0631421
0.158677
-0.299632
-0.425618
-0.344061
-0.439268
0.0611918
0.00858233
-0.352403
-0.161094
-0.00407076
-0.109467
-0.142856
-0.0813487
-0.0809734
-0.682548
0.0157114
NA
-0.0452617
0.0243426
0.0520419
-0.458061
NA
-0.089342
-0.569337
-0.368769
-0.0544156
-0.475491
-0.0321406
-0.101357
-0.22298
-0.221854
NA
-0.191085
-0.0620039
0.0161136
-0.349727
NA
-0.31152
NA
-0.16833
NA
NA
-0.391347
-0.702835
NA
-0.410246
0.0730354
-0.180904
-0.278393
-0.481719
NA
0.0266231
-0.0693575
0.0222995
0.080644
-0.0956721
-0.30436
0.0577335
-0.32623
-0.060326
-0.118711
0.0689585
NA
0.834879
NA
-0.367384
0.0193019
-0.37978
-0.0566767
-0.412678
-0.382551
-0.412476
-0.0794717
0.0565315
-0.72754
-0.212068
-0.496078
NA
-0.106621
-0.461129
-0.115289
-0.448231
-0.84827
-0.122996
NA
-0.256964
-0.327818
-0.662588
-0.740219
0.0205652
-0.430592
-0.63481
-0.579046
0.0150487
-0.562617
-0.632273
NA
0.0643474
0.0227952
-0.39099
-0.327588
-0.27969
NA
-0.253275
-0.516574
NA
-0.219986
-0.419146
NA
-0.120495
NA
NA
0.0257031
-0.420003
-0.364827
-0.613097
NA
-0.791913
-0.639914
-0.400423
-0.00720586
-0.0822651
NA
-0.290748
-0.136238
NA
-0.456233
-0.121777
-0.182399
-0.278648
-0.127878
-0.517715
0.0743537
-0.846455
-0.407912
0.0865114
0.0114839
0.0110347
NA
-0.531812
NA
-0.257365
-0.581517
-0.350663
-0.0122297
0.0759875
-0.098297
0.0402554
-0.169824
NA
-0.0387113
-0.399773
-0.0329
0.0780701
NA
-0.227335
-0.72217
0.0222871
-0.123485
-0.342136
-0.364931
-0.16807
-0.586076
-0.262242
-0.133838
NA
-0.0277519
-0.407653
-0.390493
-0.230023
-0.373422
NA
-0.759739
NA
-0.252018
0.0279288
-0.265142
-0.12548
NA
-0.266876
-0.146106
-0.432701
-0.627049
NA
-0.127923
-0.740318
-0.033311
-0.875124
0.0563429
-0.403569
-0.475012
0.0149214
-0.46065
NA
-0.421783
-0.411701
-0.679228
NA
-0.270019
NA
-0.459158
-0.341283
-0.354324
NA
-0.30105
-0.405162
NA
-0.0784526
-0.338337
-0.292673
-0.570736
0.0159055
-0.669965
NA
-0.132826
NA
0.0360797
-0.13234
-0.352781
-0.498701
-0.475025
0.0537495
-0.247776
-0.0592704
-0.480934
NA
-0.386045
NA
0.0216566
0.0218365
0.010585
-0.164765
-0.61781
0.0480602
-0.276296
-0.32894
0.0840929
NA
-0.398119
-0.554742
-0.566121
0.0158693
-0.677665
-0.163036
-0.0621093
-0.215458
-0.0208305
-0.0764422
0.0738475
-0.372588
-0.0819866
-0.0554596
-0.08517
-0.160409
NA
-0.711401
-0.300101
-0.332372
-0.365052
-0.44925
NA
-0.187306
NA
-0.0867976
-0.0416721
-0.348253
NA
-0.351799
-0.469164
-0.0816227
0.123732
-0.0769357
-0.547528
NA
-0.142604
-0.984788
NA
-0.389432
-0.348384
-0.263936
-0.0344389
-0.560598
-0.464314
-0.25854
-1.08839
-0.353357
0.0181481
-0.311004
-0.238395
NA
-0.132084
-0.544354
NA
0.0151589
-0.461766
-0.519329
-0.69106
-0.343282
NA
-0.644717
-0.840881
-0.208365
-0.515202
-0.622029
-0.816356
-0.0563154
-6.64679
NA
-0.0494361
-0.320003
0.0529251
NA
-0.153537
-0.966615
0.165256
-0.568043
NA
-0.493664
-0.279653
-0.3068
-0.263444
-0.478931
-0.143178
NA
-0.462631
-0.194607
-0.374667
-0.718444
-0.62734
-0.295066
NA
0.065794
-0.00509181
-0.0337113
NA
-0.201391
-0.34096
-0.504876
-0.656269
0.0262705
NA
-0.241122
-0.323748
-0.148637
-0.339019
-0.334576
0.0501105
-0.0845533
NA
-0.32505
NA
NA
-0.219229
-0.0903755
NA
NA
NA
-0.0589154
0.163974
-0.406147
-0.557982
-0.436411
-0.573266
-0.455905
-0.518335
-0.791324
-0.586955
-0.647386
-0.103841
-0.292003
-0.608551
-0.494047
-0.00379755
NA
-0.855217
-0.461348
-0.250437
-0.274701
-0.474819
0.0156234
NA
-5.74353
-0.298124
-0.167491
-0.492724
-0.185716
NA
-0.446293
-0.578224
NA
NA
-0.521482
NA
-0.295359
-0.668802
-0.506655
0.0972
-0.491883
-0.644622
0.00314249
-0.208077
-0.442925
-0.257045
-0.178475
-0.409105
-0.0570401
-0.0899788
NA
-0.16194
0.058294
-0.326015
-0.0244693
-0.441418
NA
-0.847981
-0.733109
-0.0263273
NA
NA
0.0211579
-0.491495
NA
-0.489486
-0.628462
-0.48244
-0.158534
0.00621851
-0.538862
-0.209034
0.0479887
0.0410943
-0.636705
-0.433731
-0.296479
-0.166808
0.0218821
-0.550239
0.00478685
-0.233793
-0.598101
-0.33348
-0.276708
NA
-0.0852791
-1.07959
-0.596134
0.00211072
-0.182686
NA
-1.23992
-0.393793
-0.381567
-0.00487441
NA
-0.168054
-0.125247
-0.230483
0.086844
-0.105752
-0.150696
-0.000567228
NA
-0.61404
-0.981846
-0.665333
-0.230611
-0.252441
-0.310326
-0.365576
-0.410109
-0.181323
0.0672673
-0.239133
-0.236918
-0.505872
-0.454444
-0.00169266
-0.193974
-0.0793824
0.1055
-0.191797
-0.421316
0.00945906
-0.858589
-0.27089
-0.115483
0.0599624
-0.849676
0.0107688
-0.271975
0.00948863
-0.137795
-0.0125524
0.0727356
-0.570234
-0.015896
-0.64239
-0.208681
-0.773892
-0.592125
-0.317989
-0.527423
-0.0760959
-0.0936753
-0.693512
-0.137478
NA
0.0727948
0.0261764
-0.419999
-0.377286
-0.542195
-0.60435
-0.471006
-0.0779379
0.0576443
NA
NA
0.0663913
-0.303523
-0.740587
-0.240262
-0.632531
0.0994115
NA
0.00345849
NA
NA
0.0702715
-0.201976
-0.0336794
-0.479062
-0.15793
0.0231209
-0.634698
NA
0.0930776
-0.278946
-0.503618
-0.353437
-0.54394
NA
-0.142638
NA
-0.371704
NA
-0.072982
-0.419332
-0.774372
0.0488833
NA
-0.0956029
-0.602205
-0.771489
NA
0.0586226
-0.0777209
-0.33955
-0.512736
-0.420142
-0.0974531
-0.101713
0.0750556
-0.280831
-0.0246889
0.0926792
-0.352585
-0.202877
-0.48901
NA
NA
-0.280041
-0.192949
-0.0956841
0.0150648
-0.718496
NA
-0.0233853
NA
-0.797112
-0.736256
-0.802116
-0.123607
NA
-0.51622
-0.57816
-0.230069
-0.194554
-0.657619
-0.176457
-0.290426
-0.382206
-0.465315
0.0696031
NA
-0.0698817
NA
-0.0066709
-0.197879
0.162835
-0.255673
-0.0280321
-0.137666
-0.0363856
0.0554631
-0.0731979
-0.358415
-0.35331
-0.121745
-0.28262
NA
NA
-0.0488337
-0.2037
-0.241894
0.0580025
-0.434766
0.0488821
NA
-0.49813
-0.452993
-0.293557
-0.177598
-0.00534085
-0.0157831
0.100901
NA
-0.414955
0.0798665
-0.385782
-0.138669
-0.125143
0.00809647
-0.202815
NA
NA
-0.328979
-0.168046
-0.340383
-0.518912
-0.493526
NA
-0.246153
NA
-0.388945
-0.159627
-0.268364
-0.365402
NA
0.0265491
NA
-0.0560507
-0.0461084
NA
-0.223404
-0.262391
-0.261955
-0.547087
NA
NA
-0.104444
-0.312742
NA
0.0240244
-0.368463
-0.700923
NA
-0.202251
-0.227306
-0.315941
0.149147
-0.0375229
-0.709202
-0.837265
-0.305969
NA
-0.476049
-0.0618977
-0.311602
-0.486376
-0.476398
-0.0990846
-0.119762
-0.121417
-0.0845518
-0.658783
-0.218219
0.013019
0.0257954
-0.210251
NA
-0.34693
-0.43247
-0.119228
-0.224675
0.156154
-0.751754
-0.0563798
-0.524724
-0.395179
-0.367098
-0.474199
0.0574989
-0.128502
-0.0703771
-0.236444
-0.0795063
0.0279609
NA
-0.405992
-0.444816
NA
-0.17582
NA
NA
-0.0213712
-0.247466
-0.277338
-0.251035
0.0213125
-0.5096
-0.123289
-0.474463
-0.29594
-0.31016
0.0498266
-0.634436
-0.371289
-0.526623
NA
NA
-0.356601
-0.628702
NA
NA
0.0806887
0.0226858
NA
NA
0.0677171
0.643901
-0.611349
-0.0202096
-0.440355
0.0550381
NA
NA
-0.150473
-0.522859
-0.115429
-0.315117
-0.555055
-0.183557
-0.902658
0.065724
-0.774854
0.0093087
-0.612341
-0.230503
-0.368429
-0.276367
NA
-0.577122
-0.385646
-0.0584048
0.118702
0.0160701
-0.458627
-0.357581
NA
NA
-0.104883
-0.159319
-0.313902
-0.00115765
8.49913e-05
0.0946217
-0.573122
NA
-0.563576
NA
-0.337692
-0.115864
-0.2265
-0.299131
NA
-0.405481
-0.29592
-0.70627
NA
-0.419865
NA
-0.112636
-0.355231
-0.53879
NA
-0.374814
0.0155611
-0.53398
-0.386377
NA
NA
NA
NA
NA
0.0224952
NA
-0.273621
-0.307964
0.0939456
-0.373995
-0.679714
NA
0.426867
-0.534332
-0.0397575
-0.272266
-0.139256
-0.0108315
0.716338
NA
-0.255467
NA
-0.349718
0.0287353
-0.469948
-0.22424
0.041663
-0.612374
-0.220034
-0.333881
-0.629053
-0.556706
-0.155273
-0.411868
-0.503767
-0.168958
-0.613412
-0.58803
0.0527929
NA
-0.443466
0.0636151
-0.460299
-0.223715
-0.460671
-0.778979
-0.379926
-0.100578
0.0957373
-0.191802
NA
NA
-0.597271
0.0912963
NA
-0.162077
-0.0599362
NA
-0.0401509
-0.665812
-0.167846
-0.413663
NA
0.173235
-0.426594
NA
-0.096287
-0.415622
-0.693058
-0.169582
0.0153427
0.0524585
-0.00182158
-0.347763
-0.132204
-0.750114
NA
0.0181124
-0.330043
-0.365555
-0.574539
-0.518887
-0.579481
-0.116107
0.0764683
-0.129108
-1.02281
-0.176613
0.0569655
-0.110502
-0.527071
NA
-1.04612
NA
