0.0276451
-0.185525
NA
0.00389225
-0.218711
0.15542
NA
-0.0635497
-0.0931419
-0.802676
-0.0489411
-0.545526
-0.46242
NA
-0.132401
-0.0955389
-0.168382
-0.338482
-0.601712
NA
-0.169816
-0.83103
-0.24003
0.0402197
NA
0.0121445
0.00737295
NA
-0.512596
-0.224197
-0.191694
-0.192633
0.0575027
-0.117572
-0.420986
NA
NA
0.0540539
0.0869009
NA
-0.449479
NA
-0.0224033
-0.200795
-0.455443
-0.34528
-0.563804
-0.543529
-0.502238
-0.147412
-0.192504
-0.417037
-0.359684
-0.152813
-0.386126
-0.0983988
-0.28919
-0.437344
-0.806217
-0.326027
-0.106624
-0.567876
-1.01036
NA
0.23229
-0.56789
-0.245522
-0.434019
-0.570284
0.00998646
0.0273895
-0.0914936
-0.217889
NA
-0.318243
-0.092022
-0.486354
-0.896591
NA
-0.432891
-0.182932
NA
-0.433844
-0.313236
-0.180366
-0.155835
-0.218897
-0.380731
-0.0501748
-0.466565
-0.395664
-0.211771
-0.581686
-0.428563
-0.0401339
0.0186686
-0.970646
NA
NA
-0.0031538
NA
-0.349146
NA
-0.0180556
0.0721962
-0.900338
-0.0803341
0.0557869
0.0643581
-0.0156571
-0.607565
0.0297745
-0.0826614
-0.266206
-0.66395
-0.888503
-0.630008
NA
NA
-0.703232
-0.439534
0.0514086
NA
-0.120788
0.138583
-0.182872
-0.182409
-0.395312
-0.0351248
-1.19989
-0.180063
-0.803084
-0.666059
-0.693333
0.438501
-0.623634
NA
-0.584778
-0.679713
-0.230769
-0.167911
-0.431994
-0.591292
0.0580787
-0.452093
0.0232809
-0.505067
-0.172906
-0.0724911
-0.322079
-0.662674
-0.280399
-0.51262
-0.159946
NA
-0.145098
-0.746019
-0.541038
-0.113602
NA
NA
NA
-0.688312
-0.199116
NA
0.0297403
-0.129628
-0.26871
-0.764301
0.0250224
0.00486989
0.0864784
-0.0914395
-0.384311
-0.0374473
-0.0385068
-0.199726
NA
-0.337665
-0.648889
0.0238152
-0.219558
-0.547528
NA
0.0693523
NA
-0.284597
-0.552296
-0.138644
NA
NA
-0.827383
-0.0625732
-0.0452515
0.137333
-0.133367
0.0561447
-0.456061
-0.402719
-0.473757
-0.303715
-0.557517
-0.208573
0.0679094
-0.115754
0.0470583
NA
-0.407898
-0.474061
NA
-0.595847
-0.52359
-0.0494798
-0.330144
NA
0.0500853
-0.329161
-0.289773
-0.0924262
-0.0630516
NA
NA
-0.500044
-0.221485
-0.421016
-0.397069
0.083914
0.0389717
0.0539569
0.0449613
NA
0.121984
-0.172411
-0.214436
-0.536512
-0.646042
-0.466969
-0.105082
0.0639312
-0.798154
-0.893188
0.0239466
0.0506094
-0.348585
-0.396931
NA
-0.631981
-0.541252
-0.118266
-0.812293
-0.0715803
-0.3144
0.0778231
NA
0.0184385
-0.171785
-0.0484771
-0.285868
NA
0.0132286
-0.410831
-0.436199
-0.121494
-0.0260516
-0.380947
NA
-0.0532
NA
NA
NA
-0.0832293
0.088798
-0.475568
-0.192829
NA
-0.522872
-0.40692
0.240309
-0.160351
-0.503959
-0.95551
-0.149991
-0.443893
-0.278727
-0.723296
-0.285814
-0.130574
-0.250892
-0.420243
-0.416864
NA
-0.171522
-0.243932
-0.406626
-0.195431
NA
-0.460823
-0.288077
0.0344971
-0.243015
0.0658222
-0.698097
-0.0380499
-0.377741
-0.45156
-0.123842
-0.482494
0.0248102
-0.360962
NA
0.025857
-0.181578
0.0261947
-0.0982375
-0.369194
-0.863144
-0.0923452
-0.0424292
NA
-0.824048
-0.0685878
-0.0428468
-0.0120626
-0.659581
NA
-0.450008
-0.401489
-0.339793
-0.157405
-0.481132
NA
-0.58067
-0.402771
-0.311549
-0.265447
-0.457919
-0.00783252
-0.120077
NA
-0.450031
-0.086535
-0.319201
NA
-0.543913
-0.683505
-0.099743
NA
NA
0.0452272
NA
0.169971
NA
-0.0198233
-0.332808
-0.686839
-0.209892
-0.327747
0.0221761
-0.398659
0.0108721
-0.212405
0.0564359
-0.180249
-0.245194
-0.392923
-0.434349
-0.240281
0.198846
-0.592076
-0.00284536
NA
NA
-0.0517862
-0.061685
-0.166728
NA
NA
-0.27902
-0.518961
-0.0278091
0.0702783
-0.00338797
-0.600443
NA
NA
0.00671892
-0.269619
-0.733414
-0.0199344
0.0693286
NA
-0.320717
-0.255697
-0.377434
-0.693779
-0.560302
-1.33719
-0.196351
NA
NA
0.0339699
0.0808176
-0.251078
-0.55776
-0.359682
-0.0440282
-0.309526
-0.39561
NA
-0.0981315
-1.03601
-0.257675
-0.428609
-0.684129
0.0119441
-0.332942
0.248163
-0.286237
-0.651594
-0.319192
-0.889481
NA
NA
NA
-0.459061
-0.513427
0.0538837
-0.535655
-0.71502
-0.936428
0.0195854
-0.0720143
-0.568202
NA
NA
-0.757689
3.56869
-0.29765
-0.29169
-0.117658
0.020239
-0.437001
-0.442082
-0.537156
NA
-0.12305
-0.524405
0.0204473
NA
-0.186181
NA
-0.249506
-0.0555638
NA
-0.602542
-0.170423
-0.147594
-0.410773
-0.0583481
-0.267479
NA
-0.352663
NA
-0.659527
-0.146056
-0.180072
-0.283844
-0.225412
-0.139202
-0.340996
NA
-1.15066
-0.0632565
0.0851816
0.159914
-0.211464
NA
-0.163505
0.0246619
-0.590018
0.0647283
-0.448542
NA
-0.221597
0.186544
NA
-0.017876
0.0550907
NA
0.0443823
-0.374901
0.0219667
0.0406142
-0.252694
-0.059007
NA
-0.109698
-0.635812
-0.689037
-0.361483
-0.579081
-0.223404
-0.368812
-0.165228
-0.238769
0.236997
NA
-0.197027
-0.154368
NA
-0.0172447
NA
-0.61838
NA
NA
-0.322519
NA
0.0809214
-0.124609
-1.21343
-0.207808
NA
NA
-0.562679
NA
-0.0962008
NA
-0.680106
NA
-0.611113
-0.189297
NA
-0.220055
-0.429611
NA
-0.67291
0.0157075
-0.463836
-0.332839
-0.141427
NA
-0.534892
-0.228518
-0.000377701
NA
-0.375341
-0.622724
0.0185267
NA
-0.570159
-0.236479
-0.986229
NA
NA
-1.04576
-0.598182
NA
-0.139232
-0.324275
-0.574687
-0.0908826
-0.0671655
-0.342819
0.0948298
-0.297151
NA
-0.116419
0.0219322
0.0268256
NA
0.0276865
-0.892048
-0.261989
-0.378673
0.19706
-0.268278
NA
-0.144141
NA
NA
-0.251683
-0.434764
NA
-0.351624
-0.130422
-0.244496
-0.364925
NA
-0.0561492
NA
-0.342531
NA
-0.592778
-0.536929
-0.548947
-2.00584
-0.573909
-0.49543
NA
-0.0770986
-0.413137
-0.251599
-0.300215
-0.320275
NA
0.0729563
NA
-0.482394
-0.0537855
-0.95013
-0.33008
-0.126811
-0.127133
-0.156624
-0.237041
-0.122701
-0.500841
-0.384651
-0.855866
-0.198284
-0.813017
-0.55242
NA
NA
-0.0821804
-0.0695977
-0.37643
-0.541541
-0.0459654
-0.494716
-0.645243
-0.186806
-0.415451
NA
-0.454558
-0.0658659
-0.421421
NA
-0.105619
NA
-0.229986
-0.435972
-0.174523
-0.285396
-0.401211
-0.430206
-0.822695
0.0213311
-0.456292
NA
-0.239303
-0.31418
-0.814282
-0.275516
-0.455567
0.000237143
NA
-0.0711197
-0.284623
-0.511772
NA
-0.146681
-0.0665412
-0.419536
-0.439744
-0.460583
-0.507015
NA
NA
-0.241443
0.0153883
-0.300821
0.0248924
-0.110322
-0.084011
-0.373363
-0.19848
-0.0383666
-0.274574
-0.605297
-0.449443
-0.0836192
-0.409626
-0.59211
NA
-0.235906
0.00872511
-0.132051
NA
-0.409956
-0.105587
-0.588383
-0.447385
-0.327822
0.0588441
-0.345191
-0.626376
-0.491316
-0.734907
-0.129935
NA
-0.678255
NA
-0.504678
-0.0812888
-0.717969
-0.694708
0.0157545
-0.343286
-0.296503
-0.480499
0.0696565
-0.0772928
-0.452708
-0.171705
-0.0904714
NA
0.155328
-0.580578
NA
NA
-0.101513
NA
NA
NA
0.00414767
0.0577
-0.249704
-0.308722
-0.028555
-0.225611
-0.158686
-0.0385175
NA
0.0290878
-0.668247
-0.721269
-0.183574
NA
0.0744158
-0.641144
NA
NA
-0.118648
-0.079513
-0.278466
-0.160855
-0.287598
-0.0320277
-0.628926
-0.415558
-0.159845
NA
-0.485984
-0.378057
NA
-0.497567
-0.312575
-0.357404
-0.0735669
NA
NA
-0.460857
-0.184153
0.0240491
NA
-0.062199
-0.245695
-0.14852
-0.117525
-0.591371
NA
-0.260192
-0.49853
-0.442481
-0.595389
-0.0429392
-0.211946
0.0923306
-0.0659482
0.0643798
-0.454145
-0.223522
-0.00800265
-0.162013
-0.171731
-0.684566
-0.0164956
NA
-0.297023
-0.282929
-0.195174
-0.0458777
-0.353018
-0.208371
-0.535531
-0.391269
-0.248443
-0.356378
0.0567085
-0.539638
NA
NA
-0.425582
-0.406932
-0.0625274
-0.932536
-0.786792
-0.436795
-0.353219
-0.962786
NA
NA
-0.268193
-0.0856111
-0.233194
0.00600434
-0.410258
0.0576635
-0.666183
NA
-0.286595
0.0874249
-0.334114
-0.0480437
NA
-0.578347
-0.402817
-0.386541
-0.365335
-0.435016
0.0288734
-0.75699
-0.158823
-0.326201
-0.0500044
0.0266132
-0.314875
-0.471141
NA
-0.437506
-0.390574
-0.193864
0.0705657
-0.313904
-0.327628
-0.0357394
-0.576794
NA
-0.0960023
NA
NA
-0.310968
-0.270471
-0.367353
-0.0617529
-0.26239
-0.62161
-0.305721
NA
-0.15477
-0.256139
0.0158276
0.0544246
-0.733096
-0.6336
-0.453588
0.0227296
NA
-0.469623
NA
-0.676794
NA
-0.00216827
0.0801896
NA
-0.460094
NA
-0.762732
-0.0362205
NA
-0.139926
-0.484684
0.120885
NA
-0.19626
NA
0.0117868
-0.683422
-0.62904
-0.871718
-0.632083
-0.232092
0.0712221
-0.563795
0.0443056
-0.742667
-0.40723
0.000918779
-0.704707
-1.06402
-0.494733
-0.028337
-0.284815
NA
-0.274444
-0.239747
NA
-0.49021
0.0383232
-0.642311
-0.040024
-0.831896
-0.150403
0.330375
-0.361971
NA
-0.359304
0.0251914
-0.194998
0.016986
-0.575533
-0.203044
-0.266365
0.0511624
-0.380312
-0.344994
0.0581576
-0.0897784
-0.629503
-0.397846
-0.0163209
NA
-0.273305
-0.00408748
-0.309038
-0.225067
-0.319713
-0.644506
NA
-0.478629
NA
-0.108128
-0.798401
-0.555132
-0.676365
-0.31587
-0.544225
-0.163549
-0.761325
NA
-0.0435221
-0.275392
-0.351146
-0.540964
NA
-0.177732
-0.114205
-0.096773
NA
0.028226
-0.530457
-0.19814
0.512498
0.0566462
NA
-0.241079
-0.0205156
-0.202517
-0.00842516
-0.669278
NA
-0.177352
-0.118014
-0.164378
-0.612494
-0.125254
-0.36963
-0.638314
-0.554149
0.0248483
-0.337386
0.0552073
-0.123258
-0.349263
-0.277073
-0.130794
-0.327137
NA
-0.398887
-0.823025
-0.203011
NA
-0.102622
-0.118644
-0.659638
NA
-0.229745
-0.313499
-0.129152
-0.558705
NA
NA
NA
0.0498872
0.0917956
-0.0888307
NA
-0.543042
-0.212631
-0.10611
NA
NA
NA
-0.0785529
-0.476905
-1.11632
-0.643172
-0.0811483
-0.434502
0.0706671
-0.247959
NA
-0.175615
NA
NA
-0.58168
NA
NA
-0.420007
NA
NA
0.0630376
-0.0598034
0.0361824
-0.314109
-0.870094
0.0613876
0.017488
-0.141968
-0.295447
-0.53738
NA
-0.198549
-0.32464
-0.255761
-0.462576
-0.362638
-1.05184
0.837778
-0.152018
-0.0583121
-0.589673
NA
-0.15932
-0.57087
-0.138843
-0.301548
NA
-0.154323
-0.288634
-0.599956
-0.433429
NA
-0.291249
-0.226604
-0.677549
0.243302
-0.269647
NA
NA
-0.00301407
-0.151463
-0.0759789
-0.256641
-0.814964
NA
NA
-0.547839
-0.227364
-0.40085
-0.0550981
0.0136991
0.0741581
-0.332372
0.00890586
NA
-0.266735
-0.369289
NA
0.0154813
-0.534841
-0.160409
-0.277202
-0.0416721
-0.0867976
NA
-0.496395
-0.493123
-0.187306
-0.216452
-0.424259
-0.204469
-0.163036
-0.214496
NA
-0.566121
NA
-0.160576
-0.285413
-0.372588
-0.168361
-1.08839
-0.130509
-0.353357
0.0181481
-0.109341
-0.622184
-0.464314
-0.69106
-0.654235
-0.840881
0.0181462
-0.0335242
-0.461766
0.0151589
0.0244245
-0.35961
0.0586817
-0.12668
-0.205884
0.0621283
-0.263936
-0.507312
NA
-0.433883
-0.279653
-0.3068
-0.662862
-0.478931
-0.169026
NA
-0.419982
-0.0179014
-0.0989887
-0.178429
-0.718444
-0.143178
NA
-0.462631
-0.194607
-0.543324
-0.741472
-0.282213
-0.374667
NA
-0.348023
-0.325494
-6.64679
-0.729188
NA
-0.494137
-0.560491
-0.0563154
-0.816356
-0.622029
-0.481646
NA
0.0529251
NA
-0.0494361
-0.343598
-0.0449189
-0.320003
-0.507932
NA
NA
-0.833198
-0.518335
-0.791324
-0.362441
0.163974
-0.318286
NA
-0.557982
-0.406147
NA
-0.504876
-0.201391
-0.295066
-0.342234
NA
0.0335569
0.0514186
-0.20502
-1.00195
-0.32505
-0.0845533
-0.334576
NA
-0.323351
-0.360126
0.0262705
NA
NA
NA
-0.148637
-0.241122
-0.349357
-0.273018
NA
0.0645271
-0.420003
-0.364827
-0.243196
NA
-0.110437
-0.290748
-0.136238
NA
-0.104144
0.045272
-0.00720586
-0.639914
-0.516574
NA
-0.254642
-0.162917
-0.39099
-0.27969
-0.327588
NA
-2.29654
0.0257031
NA
-0.250187
-0.219986
-0.120495
NA
-0.298447
-0.533737
-0.169824
0.0402554
-0.617044
-0.322628
-0.399773
-0.0387113
0.00271813
-0.769427
-0.098297
0.119882
-0.364931
-0.296058
0.0780701
-0.652581
-0.227335
-0.578753
-0.72217
NA
-0.127878
NA
NA
NA
-0.121777
-0.054903
0.0865114
-0.0441339
-0.257365
NA
-0.573486
-0.407912
-0.557843
-0.423342
-0.403569
NA
-0.509464
-0.0510647
-0.432701
-0.627049
0.0627087
-0.875124
0.0563429
NA
-0.086435
-0.0824691
-0.146164
NA
NA
NA
-0.0277519
-0.74381
NA
-0.133838
-0.328878
NA
-0.125368
NA
NA
-0.666959
-0.265142
NA
-0.481807
-0.632803
0.017461
-0.373422
-0.252018
NA
0.0216566
-0.562611
-0.124707
-0.386045
NA
-0.515933
0.010585
-0.434158
-0.498701
-0.352781
-0.475362
-0.247776
NA
-0.302741
-0.852452
-0.433953
NA
-0.45767
-0.209232
-0.405162
0.0159055
-0.412835
-0.338637
-0.459158
0.4225
-0.483929
-0.772012
-0.398345
-0.428442
-0.00701189
-0.331995
-0.655553
-0.230225
-0.367818
-0.425618
-0.292078
-0.299632
0.158677
NA
-0.344061
-0.48894
-0.69427
-0.913182
0.0354685
-0.738862
-0.0809734
-0.187047
-0.161094
-0.109467
-0.00407076
-0.0813487
-0.610924
NA
-0.348979
NA
-0.750723
-0.381047
-0.306789
0.0930944
-0.243081
0.0631421
-0.446711
0.00437115
-0.599169
-0.347824
NA
-0.484394
-0.620808
-0.370167
-0.22298
NA
-0.475491
-0.101357
-0.0321406
-0.550504
-0.905496
-0.0732636
-0.089342
NA
-0.0921838
NA
-0.0544156
0.0556027
-2.21
NA
-0.44905
-0.211908
NA
NA
-0.32148
-0.191085
-0.0620039
0.0161136
-0.369202
NA
-0.0506167
0.0157114
-0.496714
NA
0.0914429
-0.185761
-0.155597
0.0520419
-0.307906
-0.0452617
-0.232815
-0.377207
-0.131284
-0.0956721
-0.490767
-0.127453
-0.246566
-0.37978
-0.63452
-0.588376
0.0193019
-0.070425
-0.39529
-0.32623
0.0577335
0.834879
NA
NA
0.0332893
-0.118711
-0.391347
0.0299783
-0.16833
NA
NA
NA
0.0716068
-0.110761
-0.584971
-0.280035
-0.256964
NA
-0.448231
-0.327818
-0.106621
-0.517398
-0.039575
NA
0.0833389
-0.579046
-0.430592
-0.63481
0.0187764
-0.497428
-0.412476
-0.327827
-0.441101
0.0662452
NA
NA
-0.382551
NA
-0.242642
0.0752458
-0.0857046
0.0565315
-0.72754
NA
0.386865
-0.118303
NA
-0.327219
-0.144193
NA
-0.372215
-0.437505
-0.408781
NA
-0.726006
-0.0894577
0.00209134
-0.18558
0.0111628
-0.70619
0.0706924
-0.635191
0.0343638
-0.330873
-0.636199
-0.250463
-0.217837
0.0825851
-0.435791
-0.175613
-0.0791912
-0.271633
-0.798604
-0.409863
-0.379818
-0.105414
NA
-0.303468
-0.0203358
NA
0.25304
-0.0122372
-0.189174
-0.115861
-0.25689
-0.351159
-0.261753
-0.865838
-0.588668
-0.377066
-0.104472
-0.0122483
NA
0.118358
-0.448201
-0.741471
-0.163931
NA
NA
-0.14201
-0.575875
0.090233
NA
NA
-0.30649
0.0304496
-0.301167
-0.153297
-0.343145
0.0664997
-0.309613
-0.0340222
NA
-0.00160535
-0.0472341
-0.0045191
-0.0695175
0.0636552
-0.560233
-0.199015
NA
0.0387021
NA
-0.304516
0.0241463
-0.592401
-0.428471
-0.324571
-0.579602
-0.0298548
-0.132271
-0.165989
-0.483529
-0.217001
-0.348472
NA
-0.417581
NA
-0.834689
NA
-0.311737
0.0204834
-0.437662
-0.805877
-0.020556
-0.616901
-0.0234236
-0.839188
-0.0404148
-0.154735
0.0594595
-0.0921937
-0.0252897
-0.493661
0.0560645
-0.415973
0.0114238
-0.388706
NA
-0.457766
-0.193535
NA
0.0248019
0.0635837
-1.37705
0.0607322
1.61762
-0.694129
-0.302268
-0.237066
0.0603751
NA
-0.890504
NA
-0.447929
-0.169319
NA
-0.258212
-0.84134
0.0403764
-0.251479
-0.66856
-0.150915
-0.0207373
-0.0957855
-0.579995
0.0378776
-0.38093
NA
-0.355231
NA
-0.29592
-0.405481
NA
-0.336362
-0.0793813
NA
-0.27202
-0.663553
NA
-0.732508
NA
NA
-0.53879
-0.41269
-0.256358
-0.434767
-0.0986983
-0.335575
-0.325089
-0.53398
-0.568212
8.49913e-05
0.0473471
-0.0982026
-0.695009
-0.313902
-0.115864
-0.874464
-0.629908
-0.299131
-0.398584
-0.573122
NA
-0.563576
-0.335429
NA
0.0366697
-0.469948
NA
-0.218981
NA
-0.58803
-0.613412
-0.601599
-0.443466
-0.243663
-0.262986
-0.612374
-0.22424
0.041663
-0.409658
-0.411868
-0.679293
-0.302293
-0.399809
-0.513986
0.0939456
-0.372197
0.0197008
-0.576729
-0.0689178
-0.303924
-0.273621
NA
-0.0108315
-0.321948
-0.139256
-0.372735
0.716338
-0.139138
-0.373995
-0.679714
-0.122692
-0.21218
NA
NA
-0.492596
-0.0401509
0.0157877
NA
-0.39845
-0.426594
-0.096287
NA
-0.167846
-0.413663
-0.227364
-0.478987
-0.0907693
NA
NA
-0.379926
0.0636151
-0.311661
-0.223715
-0.597271
-0.564349
0.29555
NA
-0.191802
-0.0555808
-1.01891
-0.579481
-1.02281
-0.129108
-0.157511
-0.365555
0.0325103
-0.545312
-0.518887
-1.04612
NA
-0.214944
-0.852988
0.0968369
0.0569655
-0.527071
NA
-0.110502
-0.169582
0.0153427
0.0709717
NA
-0.416024
-0.770192
NA
NA
-0.466891
-0.629428
0.0181124
-0.230815
-0.405802
0.0143715
-0.0857539
-0.347763
-0.398786
-0.750114
-0.132204
-0.822848
-0.365402
-0.0461084
NA
-0.210175
NA
-0.388945
NA
-0.0331583
-0.694552
-0.547087
NA
0.0388491
-0.0586248
-0.223404
0.0274625
-0.6449
-0.566918
-0.177598
-0.0157831
-0.138669
-0.417148
NA
-0.293557
NA
-0.49813
-0.123771
NA
-0.0718913
-0.168046
-0.518912
0.0134271
-0.340383
-0.788349
-0.202815
NA
NA
NA
-0.683103
-0.564196
-0.218219
-0.658783
0.013019
-0.0962426
-0.119762
NA
NA
-0.225885
-0.286938
-0.524724
-0.285939
-0.395179
-0.463687
-0.34693
NA
0.0205596
0.156154
-0.368463
-0.612033
-0.202251
-0.498412
NA
-0.104444
0.024372
-0.2223
NA
-0.482344
-0.476398
-0.311602
-0.0375229
-0.709202
0.149147
-0.51425
-0.225792
NA
-0.353559
-0.634436
-0.371289
NA
-0.393565
0.0213125
-0.251035
-0.119655
0.0634297
-0.5096
0.112881
-0.474463
0.0682333
-0.16484
-0.69271
-0.31922
-0.356601
-0.544596
-0.24497
-0.446561
-0.234585
NA
-0.739048
-0.128502
-0.367098
-0.474199
0.0574989
-0.236444
NA
NA
NA
-0.247466
NA
-0.658169
-0.246948
-0.978091
-0.0145279
-0.0468854
0.065724
-0.479019
-0.0943847
-0.0293441
0.0799537
-0.270956
-0.324768
-0.774854
0.0160701
-0.0734058
-0.0601275
NA
-0.357581
NA
-0.577122
-0.368429
-0.276367
-0.415667
-0.125192
-0.440355
-0.0202096
-0.150473
NA
0.0677171
-0.611349
NA
-0.115429
-0.183557
-0.294268
-0.648275
-0.395397
-0.358923
-0.496497
-0.45775
-0.542195
-0.377286
-0.471006
-0.693512
NA
-0.489282
NA
-0.24174
-0.0779379
0.0153785
NA
-0.201086
0.0534067
-0.64239
0.0107688
-0.849676
-0.271975
-0.581472
-0.0125524
0.00948863
-0.137795
-0.317989
-0.13377
-0.229036
NA
NA
-0.00697825
-0.548455
-0.297415
-0.440386
0.0488833
NA
-0.208369
-0.143317
-0.453188
-0.368909
-0.379738
-0.371704
NA
-0.059443
NA
-0.072982
-0.33955
-0.146427
-0.0777209
-0.485861
-0.0194193
-0.889351
-0.169272
0.0586226
-0.412812
0.104675
-0.686299
-0.201976
-0.192096
-0.240262
-0.632531
NA
0.00345849
0.0663913
-0.740587
-0.308537
NA
0.0702715
NA
-0.54394
-0.479062
-0.634698
NA
-0.313516
-0.636401
-0.51622
-0.230069
NA
-0.176457
0.0212847
-0.281067
-0.449733
-0.657619
NA
NA
-0.686009
-0.123607
-0.0698817
0.0816962
-0.540675
NA
NA
-0.0779275
0.0696031
-0.290426
-0.382206
NA
-0.751293
NA
0.0926792
0.424495
-0.352585
-0.101713
-0.446532
0.0750556
-0.0974531
-0.791426
NA
-0.306196
-0.134277
-0.0672258
NA
-0.48901
0.0150648
-0.628333
-0.0956841
-0.552857
-0.0988963
-0.399989
-0.358415
-0.318739
0.0554631
0.0529711
-0.434203
NA
-0.0488337
-0.434766
-0.244522
-0.35331
NA
-0.28262
-0.240167
-0.606717
-0.491398
-0.0939592
-0.480169
-0.516172
-0.303018
-0.200735
-0.0066709
-0.186901
NA
0.0152285
-0.263452
-0.500689
-0.39009
-0.306405
0.162835
-0.492724
-0.185716
-0.36695
-0.274701
0.0156234
-0.315624
-0.673413
-0.578224
-0.77012
-0.670211
0.0783668
-0.168496
-0.163277
NA
NA
-0.608551
-0.292003
-0.829868
0.0197191
0.00678351
-0.647386
-0.0356681
-0.0988034
-0.103841
-0.897995
-0.461348
NA
-0.494047
-0.00379755
0.0163198
-0.847981
-0.720271
-0.733109
NA
-0.16194
0.12376
-0.0244693
NA
0.058294
-0.489486
-0.189402
-0.463624
0.0191297
NA
-0.491495
-0.595063
0.0211579
-0.644622
0.00314249
-0.543874
-0.585955
-0.208077
0.0972
-0.895308
-0.506655
NA
-0.53929
-0.418509
-0.250526
-0.257045
-0.469318
-0.884616
-0.243595
-0.596134
NA
-0.649648
0.00211072
0.078717
-0.276708
-0.531165
NA
NA
-0.688738
-0.55714
-0.729948
NA
-0.393793
0.0410943
-0.164169
NA
NA
0.0682807
0.0479887
0.0566877
-0.538862
NA
-0.233793
-0.618355
-0.33348
-0.0389648
-0.166808
0.0309107
-0.619389
-0.239133
-0.890761
-0.668164
NA
0.0435298
-0.310326
-0.105386
-0.181323
NA
-0.115483
-0.447566
-0.858589
-0.27089
-0.870028
0.0599624
0.058117
-0.193974
-0.0793824
0.00945906
-0.0450191
-0.712186
NA
-0.000543219
NA
-0.150696
-0.543506
-0.105752
NA
-0.168054
-0.0936875
-0.00487441
NA
-0.397006
-0.665333
-0.230611
0.0200669
NA
-0.0964964
0.00242148
-1.39178
-0.0846354
0.0110195
-0.326812
-0.538949
-0.657044
0.0154274
0.0454
NA
-0.476961
-0.0858655
NA
-0.334147
-0.00871307
NA
-0.117173
-0.464894
-0.268365
NA
NA
-0.478879
-0.170058
-0.892499
NA
-0.377991
-0.0173307
-0.26156
-0.609596
NA
-0.486468
-0.210066
-0.437283
0.025804
-0.198196
-0.246293
-0.179613
NA
-0.125445
-0.0284911
-0.00591661
-0.553805
NA
-0.368164
-0.201171
-0.60748
-0.624336
0.0591622
-0.755888
-0.00393442
-0.317236
-0.298327
-0.0248897
-0.238628
NA
NA
-0.334774
NA
-0.115381
-0.188743
-0.403236
NA
-0.153635
-0.044131
-0.393362
0.0458661
-0.386301
-0.0970345
-0.441606
-0.58191
NA
-0.0464357
-0.273232
-0.233176
-0.801606
0.100063
-0.294371
-0.062328
-0.51148
NA
-0.25922
NA
-0.0148931
-0.678251
-0.548333
-0.119406
-0.548474
0.0482724
-0.766642
-0.828597
-0.601069
-0.171597
-0.183286
0.0265746
-0.688428
-0.027763
0.00480869
-0.400295
-0.543771
-0.0871589
-0.585362
-0.664613
-0.439755
-0.541497
-0.399226
-0.562929
-0.558693
0.0234013
-0.80122
-0.272005
-0.682269
-0.162448
-0.053959
-0.13105
-0.356283
NA
-0.194652
-0.400185
0.00371509
NA
-0.328335
-0.600575
-0.096424
0.147903
-0.317122
NA
NA
NA
NA
NA
-0.464975
NA
NA
0.0797218
-0.168978
0.0249104
-0.242178
-0.0116839
-0.3126
-0.334149
-0.426916
-0.152355
-0.465577
0.0267302
NA
-0.514201
NA
NA
0.131372
-0.162507
-0.211038
-0.392514
-0.241909
-0.193544
-0.289053
-0.427851
-0.195394
-0.572698
-0.195621
NA
-0.186351
-0.359194
NA
0.048561
NA
NA
NA
-0.627876
NA
NA
-0.520947
-0.368331
-0.297063
NA
-0.474253
0.0602571
-0.0904872
NA
-0.503104
-0.564536
-0.141637
-0.365194
-0.480689
-0.389821
NA
NA
-0.0155997
-0.659793
-0.194325
NA
0.0327612
0.00257741
0.0546446
0.0606009
-0.129513
-0.333916
-0.130286
-0.155552
0.0750952
-0.0341563
-0.361333
NA
0.0983106
-0.685758
-0.255698
-0.812464
-0.416287
-0.0646318
-0.246912
-0.388313
0.0625455
-0.0257983
-0.182799
-0.512262
-0.0946315
0.121575
-0.505995
-0.154066
-0.10261
-0.233737
-0.281792
NA
-0.448729
-0.546791
-0.604983
-0.266486
-0.172769
NA
-0.406152
-0.598526
NA
0.099054
0.0389677
NA
-0.15076
NA
-0.425302
-0.374629
-0.416843
-0.635055
-0.373007
-0.596102
0.0724084
-0.100396
-0.167111
-0.0511768
-0.335669
0.185368
-0.397278
-1.07878
0.0420737
-0.431505
-0.520704
-0.327314
-0.197643
-0.373864
0.00299823
-0.667746
NA
NA
NA
-0.260062
NA
NA
-0.293677
-0.0724695
-0.171876
0.0645708
-0.413732
-0.15675
-0.202808
-0.571873
0.181803
-0.212416
NA
-0.226808
-0.493479
-0.599388
-0.278971
NA
NA
NA
NA
-0.0548496
NA
-0.0298571
NA
-0.132559
-0.499616
NA
-0.169576
-0.370951
-0.242484
-0.271574
-0.295068
-0.634305
-0.589743
NA
-0.0382829
-0.0151494
-0.565087
-0.630341
-0.0407284
-0.389391
NA
0.0482208
-0.283569
-0.344524
NA
NA
-0.0467004
-0.38407
-0.148346
-0.656527
-0.385444
-0.478415
-0.73416
-0.386453
-0.216301
0.00662027
-0.502737
-0.151605
0.0730528
-0.196856
-0.323072
NA
-0.880877
-0.903237
NA
-0.393484
0.0312861
-0.467307
-0.959224
-0.232139
-0.459997
-0.353652
-0.206712
-0.0836267
0.184588
-0.331096
-0.186618
NA
-0.893238
NA
NA
-0.353833
-0.617467
-0.000670225
-0.636148
0.0585805
-0.391785
NA
NA
-0.30078
-0.113641
NA
-1.11338
-0.415966
-0.293328
-0.0393092
-0.172738
-0.218062
-0.129921
0.0158673
0.0366123
0.0820832
0.00846715
0.0294764
-0.597866
-0.105718
-0.484221
-0.0145282
-0.204858
NA
-0.0220022
0.060691
-0.560883
-0.386447
-0.214949
-0.510532
NA
NA
-0.459906
-0.624142
0.0249862
NA
-0.050188
-0.0103044
-0.26419
-0.580737
NA
NA
-0.168619
-0.33314
0.000298346
-0.330717
NA
NA
-0.674056
0.00433378
NA
NA
NA
-0.259548
-0.00265019
-0.343468
-0.428322
NA
-0.00513249
-0.352306
-0.302576
-0.432605
-0.363934
-0.0824537
0.0576376
0.0709203
-0.447516
-0.698572
-0.488142
0.011345
NA
0.0151859
-0.0138888
0.0726231
-0.0386664
NA
NA
0.0321761
NA
-0.0275841
NA
-0.375301
-0.471585
0.0377884
-0.200995
0.018562
-0.862428
-0.247994
-0.34912
-0.383406
-4.7365
-0.751997
-0.40359
0.0940401
-0.202212
-0.454628
0.0332148
-0.103924
-0.21418
-0.187075
-0.883539
NA
-0.442569
-0.262139
0.0711688
-0.378754
-0.0602794
-0.428708
0.0737248
NA
0.0248175
-0.464787
-0.638889
-0.137738
-0.322012
-0.507326
NA
NA
NA
-0.111166
NA
NA
-0.215711
-0.00817855
NA
-0.484605
-0.0974957
-0.16192
-0.562416
-0.00148735
-0.220171
-0.157575
-0.249733
-0.0974597
-0.360662
-0.569381
NA
-0.0594594
-0.445334
-0.346782
-0.178857
NA
-0.150977
-0.724103
0.0714526
-0.0761811
NA
NA
-0.412501
-0.309251
-0.313372
-0.487316
-0.845003
NA
0.0389164
-0.221003
-0.279842
-0.423474
-0.262185
-0.610318
NA
-0.0751307
-0.391306
-0.568327
0.123318
-0.51747
0.053268
0.0489468
-0.189414
-0.290952
0.0582567
-0.886984
-0.355868
-0.611465
-0.140039
-0.199306
-0.401843
-0.881243
NA
-0.403288
-0.133101
-0.0130451
NA
-0.290577
-0.245578
NA
0.0274874
NA
-0.531837
0.187551
NA
-0.215641
-0.555218
0.0513487
-0.51267
-0.466486
-0.993552
-0.655633
0.0677147
-0.201939
-0.497724
-0.297592
-1.22854
-0.729775
-0.0404931
0.15204
-0.342756
NA
0.30304
-0.294362
-0.0436454
NA
NA
-0.652529
0.0108996
-0.460929
-0.00572032
-0.403538
0.0451089
-0.0347946
-0.134646
-0.546302
-0.189377
-0.416162
-0.334087
-0.158669
-0.156737
-0.343613
NA
-0.428615
-0.271733
-0.496773
-0.288693
-0.0344053
-0.0122544
-0.329154
0.0537169
0.0768552
0.0366686
-0.528412
-0.471832
-0.179702
-0.402832
-0.103249
0.0551641
NA
-0.431879
-0.14605
-0.144138
-0.0736382
-0.145326
-0.240492
NA
-0.33308
-0.122075
-0.129599
-0.315978
-0.053411
NA
-0.589958
-0.142326
NA
NA
-0.159163
0.0672597
NA
-0.324742
-0.170742
-0.155231
-0.399299
0.0724548
-0.251419
0.00820716
-0.0177369
-0.359743
-0.45952
-0.188938
-0.715348
0.018243
-0.0646272
-0.485333
-0.466864
-0.375314
NA
-0.221481
-0.324147
-0.412693
0.0615533
-0.426074
-0.377784
NA
-0.595325
0.0624842
0.00716909
0.511495
-0.21874
NA
-0.175439
NA
NA
-0.0531574
-0.202014
-0.614082
NA
-0.33638
-0.255333
NA
-0.206355
NA
-0.61551
-0.38512
-0.765758
NA
-0.387667
-0.663107
-0.556
-0.549336
-0.511659
-0.432832
-0.0443503
0.0396046
-0.731721
-0.140851
0.100972
-0.150764
-0.0941034
-0.0386287
NA
NA
-0.642851
NA
0.0457151
-0.67218
-0.129641
0.0248249
-0.692827
NA
NA
0.0216942
0.0855141
NA
-0.356843
-0.578065
-0.272707
NA
0.21797
-0.39433
-0.584272
-0.231049
NA
-0.0515566
-0.0635177
-0.326938
0.0528941
-0.480269
-0.495309
0.0059975
-0.166252
-0.212715
0.0103413
0.0156093
-0.595191
-0.204815
0.0503508
-0.114229
-2.97796
-0.0175584
-0.773482
0.02516
-0.110995
0.0400996
0.0922342
NA
NA
-0.571831
-0.626392
-0.676434
-0.486646
-0.827748
-0.543975
-0.514571
0.092437
-0.389494
-0.202532
NA
-0.29484
-0.454113
-0.933536
NA
NA
-0.347704
-0.90924
NA
-0.26443
NA
-0.485427
-0.278375
-0.363754
-0.51994
-0.0248005
-0.303018
0.0286054
-0.460401
-0.599535
-0.137228
2.99365
0.0516428
NA
NA
NA
-0.142078
-0.350624
-0.65878
-0.307217
NA
-0.347218
-0.267444
-0.800712
0.0262314
-0.750487
-0.559005
-0.457462
-0.487958
-0.333525
-0.35892
0.143489
-0.20491
-0.515518
-0.665563
-0.570705
-0.391022
-0.32675
-0.583689
-0.0427476
NA
-0.701266
NA
-0.55556
NA
-0.0447071
-0.733539
-0.879729
-0.88677
-0.344693
-0.35907
-0.110771
-0.25296
-0.386788
-0.282906
-0.394558
-0.479376
-0.0387841
NA
-0.112761
-0.454146
NA
-0.638336
-0.595118
NA
-0.361341
NA
NA
-0.57804
-0.0273973
0.0823917
-0.798672
NA
-0.347448
-0.731285
-0.353795
-0.130925
-0.5987
NA
-0.281351
NA
-0.323841
-0.427146
NA
NA
-0.695605
-0.505511
-0.194712
NA
-0.620582
-0.0494523
-0.478704
0.11633
0.30034
NA
-0.342533
-0.485374
-0.11028
-0.238924
-0.716295
-0.400314
-0.716847
-0.060273
0.0217914
NA
-0.356618
-0.222174
-0.567695
NA
-0.135726
-0.0442247
-0.380275
-0.0676978
NA
-0.214497
-0.595453
-0.247675
-0.462675
-0.447531
-0.00564532
-1.16821
0.0536618
-0.512674
-0.105187
-0.189407
-0.213409
-0.41222
-0.584838
-0.656522
-0.39313
-0.658702
-0.425012
-0.0226422
-0.697024
-0.284183
0.0810476
-0.254817
-0.250066
0.0418341
-0.824884
-0.32863
NA
-0.191823
-0.276772
NA
-5.03678
-0.489398
-0.146926
-0.78587
0.0239585
-0.0363728
-0.262081
0.0622562
-0.651107
-0.46522
-0.371284
-0.0729999
-0.5006
0.0958154
-0.463044
-0.468276
0.00222096
-0.457386
0.188897
-0.501327
-0.758068
0.0242689
-0.209111
-0.233294
-0.324892
0.0241505
-0.0910705
0.0637174
-0.786959
-0.129813
-0.25001
NA
0.0676661
0.00714703
0.0196723
-0.346797
-0.212333
-0.119491
-0.615387
0.0889724
-0.372304
-0.276519
NA
-0.243414
-0.00334154
-0.276821
-0.434407
NA
-0.214047
-1.57756
-0.468546
-0.129115
-0.449302
-0.574396
-0.150391
-0.744781
-0.0942342
-0.511922
-0.000617397
-0.51833
0.145011
0.0248159
NA
-0.135957
-0.340552
-0.838208
-0.00466255
-0.420992
0.0682559
NA
0.0654754
-0.152105
-0.205399
-0.0824961
0.0282878
-0.370853
-0.045503
NA
-0.572459
-0.0498172
-0.481849
NA
-0.322552
-0.563207
-0.123895
-0.26582
0.00201572
-0.179603
-0.264916
NA
NA
NA
NA
-0.185903
-0.19106
-0.491191
0.0837098
-0.39561
-0.45519
0.0150225
-0.158753
-0.164392
-0.0129047
-0.0741971
-0.397632
NA
0.0646444
-1.25289
-0.240956
0.0175755
-0.108859
-0.0699772
-0.572671
-0.771499
-0.397138
-0.575633
-0.978429
-0.187806
0.00834424
-0.096652
0.0719652
-0.165374
-0.515253
-0.499648
-0.00799301
-0.504777
NA
-0.254494
-0.319759
NA
-0.421298
-0.485787
-0.452776
-0.317556
-0.526166
-0.126958
-0.243971
-0.0217615
NA
-0.321819
-0.424292
-0.16644
0.0235809
NA
0.0336402
-0.0051185
-0.637114
-0.605532
-0.250784
-0.244651
-0.106193
NA
NA
-0.0183025
-0.411749
0.190449
0.0472849
-0.453323
-0.4386
-0.363599
-0.544932
-0.0954245
-0.462128
-0.194743
-0.30594
-0.00325416
-0.252441
-0.297682
-0.378927
NA
NA
-0.160284
-0.592275
NA
NA
-0.894463
-0.73129
0.0574364
NA
-0.549016
-0.416583
-0.340851
0.00791999
-0.339471
-0.279661
-0.52795
0.05453
-0.385079
-0.274399
NA
-0.333747
-0.259252
-0.439634
-0.304813
-0.399617
-0.648133
NA
0.0775362
-0.319018
NA
-0.370416
NA
-0.627291
-0.226109
-0.217775
-0.106379
-0.274994
-0.372843
-0.00982722
-0.0724377
-0.281898
-0.381171
0.0225291
-0.14092
0.0545842
0.0269879
-0.204087
-0.0561275
-0.040131
NA
-0.509584
-0.359563
-0.433156
-0.339989
-0.0907102
-0.606629
-0.307957
-0.245209
NA
0.0251249
NA
0.0247254
-0.24439
-0.511163
-0.101076
0.0351579
-0.326645
NA
-0.425614
-0.701771
NA
-0.167213
0.0430274
-0.441121
-0.331067
0.046392
-0.324184
NA
NA
0.0175017
-0.653239
0.0412223
-0.274709
-0.414891
-0.168763
-0.0248316
-0.344502
-0.471825
NA
0.391669
-0.0730472
0.0899418
NA
-0.0712473
-0.152397
NA
-0.122833
-0.497782
0.0051753
-0.326192
-0.0905156
-0.45411
-0.342635
NA
-0.261103
0.0257304
-0.209431
-0.560876
-0.158237
-0.585904
-0.126657
-0.849709
-0.346704
-0.0587979
NA
-0.353266
-0.335648
-0.134388
-0.0311414
-0.37434
-0.80497
-0.475661
NA
-0.115024
NA
-0.334632
0.202037
-0.663587
NA
-0.159633
-0.409437
-0.426338
-0.238686
-0.175569
-0.405128
-0.455944
0.108284
-0.232534
-0.172697
-0.0626828
-0.0787643
-0.580097
NA
-0.147841
-0.716175
-0.042783
NA
-0.442921
-0.735968
-0.430645
-0.301933
0.0175212
-0.0944872
-0.551453
-0.0846741
0.101832
0.0872258
0.0347368
-0.0660705
-0.0829254
NA
0.0158522
-0.0386969
-0.257914
-0.461394
NA
0.00748271
-0.0445758
-0.300251
NA
0.0928412
-0.946616
0.090613
-0.536364
-0.238501
-0.291372
-0.541223
NA
NA
NA
-0.0919567
-0.42654
-0.461601
-0.0263748
-0.512257
NA
NA
-0.288018
0.0428032
0.0414338
NA
-0.72728
0.0623702
NA
-0.107374
-0.501576
-0.297973
-0.140709
-0.0341203
-0.425639
-0.286327
-0.413736
NA
-0.496692
NA
-0.52401
-0.709427
-0.137103
-0.702496
NA
-0.468393
-0.135544
-0.085968
-0.00614019
-0.427081
-0.205877
-0.228954
NA
-0.209357
-0.211582
0.037494
NA
NA
-0.744669
NA
NA
-0.362731
NA
0.0261115
-0.382885
-0.0711385
-0.300634
0.0643077
0.0222513
-0.758292
-0.293302
NA
-0.157101
0.0172128
-0.684054
-0.629231
-0.461394
-0.012761
-0.729081
-0.390371
-0.231428
-0.0460015
-0.47926
-0.560436
-0.298858
-0.354722
-0.204457
0.12227
-0.46361
-0.672807
-0.430548
-0.765395
-0.307727
-0.334256
-0.64612
-0.393065
0.428818
-0.522212
-0.241535
-0.152388
-0.737804
0.0261244
-0.100537
-0.164628
0.0448904
0.0256892
-0.407052
0.0139808
-0.63409
-0.523287
0.0777388
-0.144178
0.0567954
-0.346433
-0.108918
NA
NA
-0.386342
NA
-0.363358
NA
NA
-0.428761
-1.01102
NA
-0.160471
0.0158227
-0.468392
NA
NA
0.0638252
-0.297423
-0.100698
-0.148086
0.0508088
0.0629961
-0.311667
NA
NA
-0.203497
-0.352684
-0.771331
NA
0.0125068
-0.056148
NA
0.0463719
-0.996029
-0.155099
-0.614183
-0.339028
NA
-0.228758
0.0671938
-0.480959
NA
-0.320602
NA
-0.283916
-0.640164
0.0154756
NA
-0.146627
-1.03269
-0.416716
0.0159977
-0.460955
-0.0896832
-0.216016
-0.152217
-0.00251924
NA
-0.566131
-0.46414
NA
0.114021
-0.52053
-0.363254
-0.0253782
-0.429422
-0.368033
-0.253349
-0.0304787
0.02516
-0.556741
-0.634274
-0.269973
NA
NA
NA
-0.153849
-0.152305
0.00132444
0.0807139
-0.627318
-0.804754
-0.922648
-0.252462
-0.46296
-0.500049
NA
-0.725614
-0.64957
-0.568631
-0.095321
-0.199316
-0.38605
-0.245016
-0.0270056
-0.865439
-0.00299107
NA
-0.0483405
NA
0.206644
-0.123526
-0.883055
-0.419037
0.0729566
NA
NA
-0.342157
-0.458554
-0.170561
-0.272453
-0.277401
-0.311381
-0.697053
-0.417619
NA
NA
-0.56876
-0.619389
-0.499967
-0.798053
NA
-0.666083
0.0778334
-0.602028
NA
-0.206726
-0.246879
-0.0222649
-0.68727
-0.315806
0.0635754
0.0112881
-0.262349
-0.179757
0.0642846
-0.0943957
-0.47128
-0.159688
-0.254356
NA
-0.233596
0.0250983
NA
-0.323901
0.016192
-0.0498008
-0.0681231
-0.0417763
-0.0342529
-0.709346
0.0729304
-0.723885
NA
-0.203026
-0.00935124
-0.727756
-0.325296
-0.651847
0.149851
-0.0905313
-0.164398
NA
-0.257462
-0.0832107
-0.278166
0.046183
-0.486066
-0.26177
-0.304892
0.0918481
-0.0393246
-0.720042
0.0249621
0.0303522
NA
-0.608092
NA
0.0255831
0.0158894
-0.0470942
-0.271962
0.0182117
-0.417778
-0.290292
-0.309449
-0.584374
-0.120824
-0.323595
-0.666398
-0.213602
0.102597
-0.419198
0.0380016
-0.16158
NA
NA
NA
-0.206752
NA
NA
NA
-0.0301061
-0.473855
NA
NA
-0.49857
-0.491173
-0.298023
0.0336518
NA
-0.484331
-0.447424
-0.32247
-0.284073
-0.898302
0.054169
-0.541582
-0.0380016
-0.914483
-0.133516
NA
-0.665613
-0.258884
-0.343469
-0.193503
-0.329193
-0.629468
-0.297598
-0.330169
NA
-0.271186
-0.56575
NA
-0.598948
-0.379438
0.0061294
-0.182872
NA
NA
-0.394513
NA
-0.91864
-0.245716
NA
-0.316688
-0.072236
-0.12415
-0.303723
0.0151455
-0.483817
-0.407547
NA
NA
-0.410255
0.054101
-0.19908
0.0191633
-0.019077
-0.201873
-0.436652
-0.256233
NA
-0.367172
-0.694437
NA
NA
-0.291361
-0.0309936
0.173136
-0.0187409
-0.232131
NA
NA
0.043178
-0.193266
NA
-0.0845137
-0.357233
NA
-0.521338
0.576608
-0.728173
-0.222528
-0.669114
0.0410502
-0.283348
-0.0404103
NA
-0.310999
-0.557923
-0.302845
-0.579087
NA
-0.202906
NA
-0.103651
NA
NA
-0.578108
-0.0642659
-0.310313
-0.189389
-0.380414
-0.0892112
-0.386374
NA
NA
-0.176901
0.0759975
-0.427349
-0.130864
-0.196046
-0.430273
-5.92443
NA
-0.166633
-0.176455
-0.0713961
-0.752076
-0.192276
-0.425315
0.0454238
-0.191613
-0.201781
0.0497731
NA
-0.931816
NA
-0.137898
-0.867675
NA
0.0145377
0.0824219
-0.558271
-0.33647
-0.647743
0.0666125
-0.787281
NA
NA
-0.0690621
-0.258008
-0.129017
-0.0880422
-0.521106
-0.464435
NA
-0.451318
-0.806546
-0.512839
NA
-0.255066
-0.314057
-0.228456
-0.0666614
NA
-0.0510868
NA
-1.15628
-0.373811
-0.172419
-0.700494
-0.295409
-0.274069
-0.706223
NA
-0.134707
0.0540872
-0.404405
-0.452799
-3.41176
-0.191386
-0.260871
-0.291206
NA
0.0391887
-0.707325
-0.674723
0.167544
-1.07845
-0.490833
-0.373581
NA
-0.341301
NA
-0.0939069
-0.392743
-0.0259866
-0.690524
-0.515623
0.00848531
NA
0.0388596
-0.0296709
0.06576
-0.275299
-0.716949
0.0200235
-0.739848
-0.271558
-0.163376
0.0239153
-0.580269
-0.301834
NA
-0.0281939
-0.446488
NA
-0.574591
-0.679981
NA
-0.472015
-0.089141
-0.368092
-0.89439
NA
NA
-0.506625
-0.11225
-0.313013
-0.0560519
-0.113483
NA
NA
NA
-0.709905
0.0140827
-0.398897
-0.496537
0.0948608
-0.57831
-0.525898
0.0695233
-0.264587
-0.441828
0.0152209
-0.574682
-0.132565
-0.352258
0.238647
-0.455399
-0.13999
0.0474993
-0.271118
0.143991
-0.337004
NA
-0.693483
-0.27002
-0.109088
NA
-0.892222
NA
0.00223055
-0.320462
-0.247046
-0.296037
-0.0724972
0.0583727
-0.0162407
-0.940547
-0.426875
0.0510742
-0.315536
-0.228895
-0.322588
-0.698376
-0.378588
0.0468191
-0.193156
-0.643069
0.0155224
NA
-0.100746
-0.642259
-0.0290319
-0.316666
-0.127916
-0.515897
-0.258214
-0.0925359
-0.168049
-0.465286
NA
-0.0232481
-0.320645
-0.351761
-0.146312
-0.669085
-0.880399
-0.101987
-0.333774
-0.670558
-0.282021
-0.223363
NA
-0.112365
-0.0443872
-0.439247
-0.318666
-0.404813
NA
NA
NA
NA
NA
-0.318205
-0.0627024
-0.418821
0.0856209
-0.364574
-0.799725
-0.149618
-0.394145
NA
NA
-1.19274
0.0786436
-0.449996
0.0799181
0.0824924
-0.435301
0.0665218
NA
0.0675952
-0.432055
-0.238735
-0.434083
-0.473604
-0.0633567
-0.430602
-0.362568
-0.491416
-0.16099
-0.432421
0.0701378
-0.386072
-0.222305
-0.00992311
-0.577224
-0.460385
NA
-0.817659
-0.90487
-0.195566
-0.409991
0.0265809
-0.0345993
-0.177526
-0.631244
-0.380152
-0.0053443
NA
-0.51465
-0.07152
-0.145901
0.0643133
0.0414803
-0.567652
-0.411633
0.078537
NA
-0.171193
-0.62229
0.193875
NA
-0.0309538
-0.0649378
-0.320719
-0.137346
-0.109792
-0.340333
NA
-0.122168
-0.712721
NA
-0.073854
-0.455855
0.0646148
-0.51448
-0.466411
-0.393131
-0.241174
0.0791654
-0.2998
-0.0160759
-0.201082
-0.255136
-0.510029
-0.530116
-0.259141
0.04058
-0.402292
-0.667
-0.301949
-0.111633
-0.212631
-0.126173
-4.57043
-3.52299
-0.148896
NA
-0.216922
0.0532958
NA
-0.229233
-0.00362345
-0.0752189
-0.900337
-0.139561
-0.290527
-0.507889
-0.163112
-0.182601
-0.00279103
0.047561
-0.20696
-0.689848
-0.849564
-0.392857
NA
NA
0.0245631
-0.421421
NA
-0.184623
-0.879645
NA
-0.255682
NA
-0.203328
-1.54421
-0.483257
-0.109206
0.0358712
-0.236912
0.000165298
-0.495947
-0.293193
-0.109454
NA
-0.560645
0.0678212
-0.0234495
-0.0825356
-0.308575
-0.23886
-0.429313
NA
NA
-0.197979
-0.658132
-0.110503
-0.366177
0.116476
0.101712
-0.121153
-0.284279
0.0243633
NA
-0.105731
-0.533264
NA
-0.520936
NA
-0.107898
0.0572377
NA
NA
-0.321273
-0.166621
-0.744285
-0.329194
-0.12719
NA
0.121421
-0.519743
-0.340115
NA
-0.693348
NA
-0.196668
-0.346275
-0.43391
-0.682196
-0.473493
-0.270917
-0.415923
-0.747294
-0.230943
-0.566931
NA
0.0888358
-0.316756
-0.384604
-0.647571
-0.343672
-0.59202
NA
-0.204394
-0.564505
-0.515263
-0.322043
-0.0634687
-0.273371
-0.0651589
-0.167128
-0.329945
NA
-0.369708
-0.0693424
-0.463085
-0.532947
0.711429
NA
-0.0665579
-0.396106
0.025286
-0.457
-0.53358
NA
-0.23325
-0.0241065
-0.092788
-0.391198
-0.390918
-0.56433
NA
-0.326711
-0.529954
NA
-0.864313
-0.0726633
-0.351167
-0.47446
-0.502044
-0.549913
-0.136785
-0.264283
NA
-0.539101
-0.150833
NA
NA
NA
-0.197302
-0.377207
NA
-0.231515
-0.336255
-0.1594
NA
NA
-0.229891
-0.0336962
-0.328434
0.0432286
0.0611054
-0.582091
-1.08973
0.0268664
-0.389318
0.0225737
-0.453415
0.0663067
-0.477574
-0.274888
-0.700299
-0.120939
-0.0793885
-0.327931
-0.432602
-0.491132
-0.178142
-0.162388
-0.356501
-0.442743
-0.200106
-0.362826
-0.345469
-0.259823
-0.152514
-0.53623
-0.26588
NA
-0.475097
0.303196
-0.161611
-0.0858466
-0.165949
-0.0866318
-0.466287
0.0154843
NA
-0.0182035
NA
-0.849292
-0.517182
-0.406855
-0.333667
-0.458244
-0.626696
-0.10501
-0.259568
-0.191139
-0.429739
-0.552987
NA
-0.398818
-0.18621
-0.503255
NA
-0.498506
-0.195289
NA
-0.636405
-0.385464
0.0225853
-0.24941
-0.320663
-0.361784
0.0753923
-0.541733
-0.19532
-0.360588
-0.66457
-0.551828
-0.0534858
-0.430245
NA
-1.28538
-0.255844
-0.172342
-0.204586
0.0650637
-0.713903
-0.433028
-0.560768
-0.0785272
-0.32229
