0.0533689
NA
-0.346325
-0.100746
-0.0560507
0.0561139
-0.0221881
-0.127916
-0.694708
NA
-0.0336683
-0.266826
-0.547087
0.0240917
-0.6449
-0.0772928
-0.262391
-0.554507
-0.460401
-0.146312
NA
-0.681277
-1.66
-0.549508
-0.450637
0.00484376
-0.246153
-0.290298
-0.327921
NA
-0.141238
-0.510701
-0.334582
-0.440476
-0.658783
-0.249704
-0.415572
-0.457462
-0.119762
-0.31348
-0.395179
-0.213418
-0.119228
-0.487298
-0.362779
NA
NA
-0.0447071
NA
-0.418645
-0.721269
-0.700923
0.0201742
NA
NA
-0.149618
-0.641144
0.0757681
-0.312742
-0.277419
-0.733539
-0.431176
-0.476398
-0.282906
-0.68055
-0.25296
-0.562032
NA
0.0895874
-0.373511
NA
-0.57804
-0.242875
-0.430602
-0.298687
-0.600208
-0.248254
-0.169556
0.0231893
-0.196812
-0.817659
-0.628776
0.0475235
-0.373203
NA
NA
0.0360419
-0.122514
NA
-0.153938
-0.409991
-0.44238
-0.354245
-0.24497
-0.295143
-0.51465
-0.352972
-0.366081
-0.260598
-0.0138588
-0.601648
NA
-0.236444
0.0462051
NA
-0.620582
NA
-0.62209
-0.413732
0.0800848
0.30034
0.015313
-0.565688
-0.17582
-0.138572
-0.162013
NA
-0.15089
NA
NA
-0.455855
0.0657119
NA
-0.535531
-0.0564101
-0.273891
-0.466411
-0.28522
-0.282929
NA
-0.068209
NA
-0.393131
-0.913104
-0.61764
NA
-0.222174
NA
-0.332737
-0.151101
-0.00518605
-0.611349
-0.577444
-0.402292
-0.115429
-0.214497
-0.788465
-0.45775
-0.231166
-0.152457
NA
-0.522859
NA
-0.386629
-0.191613
0.0768552
-0.558271
0.0159881
-0.288693
-0.496773
-0.405481
-0.0996487
-0.422568
-0.135719
NA
NA
-0.0770986
-2.00584
NA
-0.277289
-0.202421
-0.521106
-0.761114
-0.163693
-0.0666614
-0.51455
-0.299131
0.0484901
-0.180914
-0.414047
-0.33308
-0.809823
-0.563576
-0.395016
-0.681223
-0.3571
-0.295409
-0.482394
-0.053411
0.0768671
0.0629648
NA
-0.33008
-0.245126
-0.274069
0.0527929
-0.243663
0.0724548
0.0167069
-0.191386
-0.452799
-0.556706
0.0816726
-0.168958
0.00259314
-0.220034
-0.576729
-0.341301
NA
-0.236922
-0.37643
-0.208263
-0.570864
NA
-0.221481
-0.522493
-0.375314
-0.307372
0.0388596
0.31176
-0.606101
NA
-0.372735
0.014622
-0.275299
0.0180838
-0.016272
NA
0.0239153
-0.0401509
NA
-0.0599362
-0.00638182
-0.415451
0.0596338
NA
-0.255333
-0.105619
-0.446488
NA
-0.52465
-0.382055
-0.0849207
-0.0716408
-0.556
-0.311357
-0.663107
-0.167846
-0.546728
0.105877
-0.379926
-0.269868
-0.150764
-0.455922
NA
-0.460299
-0.431315
-0.597271
NA
-0.67218
NA
-0.279169
-0.242269
-0.597656
0.0764683
-1.02281
NA
0.0528941
-0.0635177
-0.331189
0.143991
-0.343512
-0.427741
-0.39433
-0.271118
0.0059975
-0.109088
-0.480269
-0.605297
0.329432
NA
0.0569655
-0.212715
-0.166252
-0.363617
-0.59211
0.0819262
0.00223055
-0.269036
-0.187335
0.0524585
-0.37165
-0.291638
-0.353436
-0.447385
-0.105587
-0.132051
-2.97796
-0.228895
-0.676434
-0.198288
-0.322727
-0.347763
-0.514571
0.0236726
-0.0857539
-1.167
-0.543975
-0.322588
-0.264696
-0.487727
-0.3221
-0.167128
-0.481479
0.025286
-0.521482
-0.446293
-0.127407
NA
-0.251954
-0.13042
-0.203583
-0.202517
-0.101754
-0.292003
-0.127912
-0.397605
-0.450596
0.0552073
-0.554149
-0.638314
-0.305297
-0.38421
0.0164109
-0.336255
-0.125136
-0.470507
-0.319759
0.0595773
NA
-0.489486
-0.0336962
-0.491495
NA
NA
-0.206603
-0.0310196
NA
NA
-0.706373
-0.506655
-0.270592
NA
-0.359938
NA
-0.142154
0.049325
-0.219019
-0.164522
-0.257045
-0.178475
-0.477574
0.0663067
-0.0584012
-0.178142
-0.453323
NA
-0.4386
0.00211072
NA
-0.411246
0.190449
0.0249097
-0.232016
-0.163981
0.0706671
-1.00542
NA
NA
0.00674853
-0.00325416
NA
0.011116
-0.58168
NA
-0.17432
NA
-0.131214
-0.0858466
NA
-0.314109
0.0682807
-0.649638
0.0246454
-0.120018
-0.42091
-0.141968
-0.340851
-0.870094
-0.233793
-0.458244
-0.600141
-0.257346
-0.198549
-0.339471
0.00791999
-0.331404
-0.578101
0.0688111
NA
-0.503255
-0.528334
-0.564323
-0.57087
0.545857
NA
0.0816952
-0.195289
-0.870028
-0.27089
-0.600265
-0.751408
-0.320663
-0.363321
-0.341384
-0.106379
-0.105752
0.086844
-0.230483
-0.000567228
-0.541733
-0.598199
-0.372843
NA
-0.430245
-0.665333
-0.397006
-1.28538
-0.040131
-0.0785272
NA
-0.722981
-0.126173
-0.224792
-0.112721
-0.216922
-0.351094
-0.105187
-0.229233
-0.215607
-0.393875
NA
-0.900337
-0.350338
-0.0561452
NA
0.0576443
-0.0192808
-0.201086
-0.359401
-0.267699
NA
-0.0125524
0.0266132
-0.549378
0.0107688
-0.284183
-0.374684
NA
0.0620559
-0.262429
NA
-0.489398
NA
NA
0.219719
0.0705657
-0.072982
0.113122
NA
NA
0.0249988
-0.255682
-0.879645
-0.0363728
0.0572722
-0.8051
-0.412812
0.51319
-0.212253
-0.256139
-0.400736
NA
-0.0336794
-0.0825356
0.0687089
-0.732284
-0.0176978
-0.651107
0.0158276
0.0702715
-0.0981825
NA
0.515991
0.00345849
-0.463044
-0.260954
-0.634698
-0.0598929
-0.479062
-0.786959
NA
-0.0177528
0.0117868
0.0676661
NA
-0.733359
-0.40723
-0.121153
0.0696031
NA
-0.742667
-0.489216
0.0219742
-0.0146557
0.0926792
NA
-0.43945
-0.264863
NA
-0.49021
-0.651428
-0.274444
-3.97603
-0.55864
NA
-0.383104
-0.789171
-0.536732
-0.203044
-1.57756
NA
-0.12719
0.0150648
-0.542096
NA
-0.358415
-0.07812
NA
-0.519743
0.109437
-0.468546
-0.249821
0.145011
-0.43391
0.0554631
-0.00408748
-0.434766
0.035918
0.0580025
-0.0488337
NA
-0.487943
0.0888358
-0.28262
NA
-0.309038
-0.59202
NA
-0.473012
-0.244754
-0.480169
0.0282878
0.0514197
-0.647571
-0.0634687
-0.338063
NA
0.0213769
0.050917
-0.555132
-0.0280321
-0.209682
NA
-0.263452
-0.292614
-0.0435221
-0.0858592
NA
-0.490828
-0.209362
0.162835
-0.39561
0.0837098
NA
-0.506084
-0.946616
0.0928412
-0.491362
0.0869365
-0.0263748
-0.136238
NA
-0.340838
-0.00720586
0.045272
-0.308537
-0.0638659
-0.253275
-0.216424
0.0623702
NA
0.0428032
0.0297403
-0.140709
-0.217356
-0.241564
NA
0.0784408
-0.181243
-0.431449
-2.29654
-0.413736
NA
0.061062
0.0510429
-0.384311
-0.355019
-0.399773
-0.168846
-0.136492
-0.00614019
-0.256102
NA
-0.141637
-0.138644
-0.186993
0.10418
-0.388566
-0.346616
-0.515825
-0.350613
NA
NA
NA
-0.39028
-0.381007
-1.22066
0.119882
-0.737545
NA
-0.456061
-0.0155997
0.00257741
NA
-0.371712
-0.1117
NA
-0.278648
0.0606009
-0.0717227
-0.341794
NA
-0.155552
-0.195451
-0.387397
0.0581499
0.0374062
-0.289773
0.066073
-0.111625
0.0983106
-0.128168
-0.373049
-0.246912
-0.307075
-0.416287
NA
-0.299874
-0.312324
NA
0.0563429
-0.266876
0.0625455
NA
0.0237194
0.0264633
-0.0705854
NA
-0.466969
-0.488886
-0.390371
-0.292238
-0.0261902
-0.586603
-0.230023
0.12227
-0.325728
NA
-0.0519387
-0.0277519
-0.439179
-0.28006
NA
-0.3144
-0.23781
-0.262242
-0.265142
-0.324452
0.428818
-0.123003
NA
-0.12548
NA
-0.307727
-0.765395
-0.0484771
-0.294716
0.099054
-0.252018
-0.349832
-0.481807
-0.759739
NA
NA
0.0389677
-0.562611
-0.702606
0.0537495
-0.158624
NA
-0.175263
NA
-0.416843
-0.436199
NA
-0.345439
NA
-0.397278
-0.428761
-0.335669
NA
-0.758133
NA
-0.338337
-0.972527
-0.669965
0.0159055
-0.378882
-0.0784526
-0.278727
NA
0.0629961
-0.436063
0.0508088
-0.16001
NA
-0.0724695
0.0227706
NA
-0.204846
-0.296626
-0.557802
-0.368944
0.0360797
-0.57332
-0.365052
0.0144702
-0.136668
NA
-0.267356
-0.787277
-0.567866
NA
-0.0867361
-0.496395
-0.457676
NA
0.0247254
-0.892499
-0.495375
0.0293402
0.0485736
NA
-0.217083
0.0158693
NA
NA
-0.232492
0.00738439
-0.0819866
-0.160576
NA
-0.293957
-0.243001
-0.368164
NA
-0.464314
-0.2046
-0.106259
-0.0547791
NA
NA
-0.0385732
-0.34528
-0.318117
-0.192504
-0.461766
-0.0189331
0.034021
-0.388265
NA
-0.0730472
-0.0207582
NA
-0.351799
NA
-0.58191
-0.0970345
NA
-0.413012
-0.100181
-0.463344
-0.389432
-0.228294
-0.15428
-0.296651
-0.334831
0.100063
-0.984788
-0.142604
NA
0.0273895
-0.342635
-0.0738603
-0.127601
-0.207781
-0.896591
NA
-0.120488
NA
0.0482724
-0.126657
-0.548333
-0.0485876
-0.171597
-0.156286
-0.194607
-0.00569007
0.0485329
NA
-0.346704
-0.543771
-0.475661
-0.145006
-0.348023
-0.155835
NA
-0.663587
-0.622029
-0.213968
-0.0563154
0.202037
NA
-0.426338
-0.349146
-0.541497
-0.338421
NA
0.0243328
-0.340339
-0.405128
-0.162777
-0.316885
NA
-0.378961
-0.632156
NA
-0.185529
NA
-0.274814
-0.0914475
-0.042783
0.0297745
-0.260723
-0.600575
NA
-0.455905
-0.66395
0.0581363
-0.200343
-0.161616
-0.156995
0.0680337
-0.0402254
-0.2065
0.925272
NA
-0.182872
-0.227528
0.0202828
-0.504876
-0.367287
-1.16552
-0.20502
-0.301235
0.0660722
0.0514186
-0.22477
-0.351149
-0.162507
-0.480506
-0.623634
-0.32505
-0.224252
-0.499913
0.0714046
NA
NA
-0.397029
NA
-0.482625
3.56869
NA
0.0486623
-0.304892
-0.329
-0.124225
0.0319132
-0.417778
-0.305928
0.00273378
-0.597449
NA
0.0940401
-0.751997
-0.12305
NA
-0.197366
-0.032321
-0.128928
-0.443971
-0.489187
-0.206752
0.189509
-0.175613
NA
-0.737932
-0.16158
-0.427803
-0.503833
NA
NA
-0.602542
NA
-0.507326
-0.322012
-0.638889
NA
0.054169
NA
-0.104472
-0.914483
NA
-0.367456
NA
NA
NA
-0.223118
-0.394811
-0.672722
-2.16787
NA
-0.448542
NA
0.0576526
-0.178857
NA
NA
-1.06838
NA
NA
0.0333464
-0.00160535
-0.163389
-0.0340222
NA
-0.607974
0.0219667
-0.525229
-0.262185
-0.423474
0.0191633
-0.428471
0.123318
-0.568327
-0.156479
0.0241463
0.236997
-0.269406
-0.165989
-0.634959
-0.500062
-0.324571
NA
NA
-0.217001
-0.121489
NA
-0.151669
-0.222528
-0.257943
-0.290577
-0.202578
-0.616901
-0.429611
-0.218383
NA
-0.185198
-0.221163
-0.696994
NA
-0.215641
-0.463836
-0.557923
NA
-0.201939
NA
NA
-0.411336
NA
-0.106231
-1.22854
-0.192352
-0.497724
-0.102226
NA
0.0702005
-0.652529
0.0342344
-0.24599
-0.598182
0.0219322
-0.603411
-0.00678006
-0.256593
-0.200731
-0.416162
NA
-0.546302
NA
0.0276865
-0.251479
-0.369524
-0.434334
-0.324562
-0.0655831
-0.212416
-0.500782
0.181803
-0.195431
0.0512484
NA
-0.406626
-0.240682
NA
-0.228758
NA
-0.698097
-0.0380499
-0.0418796
0.025857
NA
-0.0287251
-0.658865
-0.332707
-0.0182297
-0.0298571
-0.123842
-0.278659
-0.181578
-0.322533
-0.146627
-0.152217
-0.630341
NA
NA
-0.446711
-0.637642
-0.290123
-0.101357
-0.216301
-0.402771
-4.61603
NA
-0.670457
-0.0729525
-0.0620039
-0.627318
0.0807139
-0.0198233
-0.206712
-0.350924
-0.186618
-0.118398
0.0720753
-0.682548
0.0157114
-0.384905
0.0221761
-0.0387747
-0.199316
-0.108668
-0.980314
-0.398659
-0.0244693
-0.483519
0.0159354
-0.635848
NA
-0.358816
-0.283063
-0.30436
-0.123526
NA
0.0158673
-0.365948
0.0396487
-0.41634
0.0508449
-0.434349
-0.382519
NA
-0.124446
-0.484221
-0.325053
NA
0.060691
-0.479792
NA
-0.061685
-0.00338797
-0.0595451
NA
-0.246879
NA
NA
-0.320717
-0.26419
-0.110761
NA
-0.327818
-0.560302
-0.693779
-0.578266
NA
-0.448231
0.0252858
NA
-0.106621
0.0808176
-0.330717
NA
-0.0728354
-0.584737
0.000298346
0.00433378
-0.188815
-0.55776
-0.0430255
-0.63481
-0.224319
-0.170957
-0.146396
-0.39561
NA
-0.709346
0.099716
-0.428609
-0.0824537
-0.286237
-0.598392
-0.212068
NA
-0.488579
-0.56761
NA
-0.512965
NA
NA
NA
