-0.266876
0.0837012
-0.326511
-0.505566
-0.0459182
-0.512262
NA
-0.0367252
-0.875124
-0.299874
-0.461491
-0.403569
-0.0962646
-0.221485
-0.246912
-0.509781
-0.427689
-0.00022557
-0.893188
NA
0.0537301
-0.458363
-0.294532
-0.0705854
-0.00369063
NA
-0.118266
-0.172769
-0.586076
-0.124094
-0.3144
-0.0277519
0.0506094
-0.28006
0.12227
0.0256892
0.00609699
-0.245087
0.0448904
-0.103999
-0.759739
-0.0484771
-0.280169
-0.0883334
-0.407052
0.099054
-0.252018
-0.307727
-0.265142
-0.324452
0.428818
-0.25473
-0.666959
-0.12548
NA
-0.498701
-0.247776
NA
0.0537495
NA
-0.15076
-0.386045
-0.562611
-0.927274
0.010585
-0.515933
-0.526686
-0.453392
NA
-0.199346
NA
-0.276296
-0.758133
-0.160471
-0.190979
-1.01102
-0.397278
-0.32894
-0.398119
NA
NA
NA
-0.785825
-0.467569
-0.596102
0.240309
NA
0.0362496
NA
0.0629961
NA
-0.197643
0.0159055
NA
NA
-0.296626
0.0463719
-0.243932
0.0360797
-0.368944
NA
-0.130574
NA
-0.723296
-0.446331
-0.204846
-0.0724695
-0.0919567
-0.420003
0.0407742
-0.480185
NA
-0.431994
-0.506084
0.0645271
-0.874472
-0.700542
-0.286802
-0.412425
NA
-0.145098
NA
-0.136238
-0.290748
NA
-0.296465
0.0297403
0.0114828
-0.140709
NA
-0.550094
-0.806104
-0.116981
NA
NA
-0.216424
-0.982713
0.0422197
0.0915447
-0.384311
0.00486989
0.041816
-0.120495
-2.29654
0.0157736
-0.312962
0.0257031
-0.26871
0.0700315
-0.488048
-0.346616
NA
-0.39028
-0.350663
-0.141637
-0.125728
0.15641
-0.098297
-0.353924
-0.503104
NA
-0.388566
-0.500116
0.0402554
-0.138382
0.128363
-0.00901294
NA
0.0432597
-0.168846
-0.0387113
-0.0326897
-0.00614019
-0.302989
-0.339675
-0.365194
-0.637328
-0.464545
-0.296058
-0.211582
NA
-0.860923
-0.371712
-0.278648
-0.659793
-0.303715
-0.225247
NA
0.0983106
NA
NA
0.066073
-0.329161
0.01
NA
-0.407898
0.0421155
NA
-0.257365
NA
-0.474061
NA
-0.145893
-0.492791
-0.092022
-0.214196
-0.0473808
-0.45411
NA
-0.0587979
-0.433844
NA
-0.0311414
-0.335648
-0.374667
-0.171597
-0.182932
-0.0485876
NA
-0.718444
-0.126657
-0.334632
-0.585362
-0.198616
NA
-0.622029
-0.0563154
0.0600402
NA
-0.369459
-0.348023
-0.155835
-0.400295
-0.0501748
-0.13105
-0.111242
-0.244162
-0.290004
-0.455944
NA
-0.153537
NA
-0.405128
NA
-0.432392
NA
-0.541497
-0.313175
-0.426338
-0.432916
-0.826219
-0.659699
-0.042783
0.0297745
NA
-0.600575
-0.0220344
NA
-0.0787643
-0.232534
0.108284
-0.147841
NA
-0.0589154
-0.318286
NA
NA
0.0832476
-0.2065
0.0680337
-0.291596
-0.557982
0.0212063
0.147903
0.0581363
NA
-0.177594
-0.630008
-0.631052
-0.66395
-0.426916
-0.295066
-0.182409
0.699195
NA
0.0335569
-0.580812
-0.335474
-0.367287
NA
NA
-0.464975
-0.481422
0.0907169
-0.504876
0.138583
NA
-0.650411
-0.148637
-0.323748
-0.334576
-0.666059
-0.180063
-0.162507
-0.480506
0.131372
NA
-0.250589
0.438501
-0.787277
NA
-0.307957
-0.245209
-0.711401
0.0741581
-0.359563
0.0110195
-0.653259
-0.266735
-0.424259
-0.845122
-0.807805
NA
-2.95917
-0.232263
-0.0181151
NA
-0.436006
-0.26156
-0.528258
-0.326645
NA
NA
-0.337887
-0.0621093
-0.308791
-0.0764422
-0.132401
-0.46242
-0.567198
-0.204318
-0.624336
-0.2046
-0.106259
NA
NA
0.0869009
-0.0110178
-0.117572
-0.130509
-0.106258
NA
-0.311004
-0.563804
-0.0949974
0.034021
-0.388265
-0.105656
-0.192504
-0.403236
-0.461766
-0.414891
-0.305486
-0.69106
NA
-0.265033
NA
-0.34528
-0.840881
-0.366981
-0.25806
-0.386126
-0.166425
-0.49369
NA
-0.437344
-0.455655
-0.275878
-0.441606
-0.044131
-0.91124
-0.359684
-0.170907
-0.0207582
-0.583916
NA
-0.497782
-0.142604
-1.06906
-0.433883
-0.296651
-0.15428
-0.56789
0.100063
-0.106078
-0.806217
-0.567876
-0.273232
-0.100181
-0.263936
NA
-0.106624
-0.338244
0.0191633
-0.635812
-0.221003
-0.199015
-0.113898
NA
0.0219667
-0.530125
-0.355829
-0.0695175
-0.109698
-0.607974
0.104675
NA
NA
NA
-0.324571
-0.398209
NA
-0.322519
-0.291361
-0.500062
-0.367172
0.146431
-0.441478
-0.0870244
-0.368812
0.123318
-0.154368
NA
NA
-0.542688
0.00921779
0.576608
NA
-0.222528
-0.397254
0.043178
-0.290952
-0.278443
-0.54642
-0.348472
-0.355868
-0.207808
NA
-0.310999
-0.114515
-0.415973
-0.403288
-0.680106
-0.276487
-0.283348
-0.0234236
-0.713741
NA
NA
0.0677147
-0.2106
NA
-0.211614
0.0623535
NA
-0.050272
NA
-0.136728
NA
-0.0436454
-0.653491
0.0522646
-0.294362
-0.289533
-1.22854
-0.565063
-0.302268
-0.332111
0.15204
-0.0404931
-0.0113437
0.025796
-0.419336
-0.297151
0.0227072
-0.176901
NA
-0.0209023
-1.04576
-0.231822
-1.00503
NA
-0.602818
-0.14433
NA
-0.158669
-0.334087
-0.274212
NA
-0.369524
0.0503367
NA
NA
-0.430273
-0.321588
NA
-0.372215
0.0616306
-0.304892
-0.297243
-0.184909
0.0303522
-0.54025
0.00870846
-0.165428
NA
-0.0720143
0.0483417
-0.348527
-0.477629
NA
-0.247994
-0.238443
NA
0.020239
-0.70619
-0.326939
-0.417778
0.0255831
NA
NA
0.652864
-0.213602
NA
-0.329798
-0.217837
-0.144606
-0.103924
NA
-0.419198
-0.241455
-0.751997
-0.410773
-0.0602794
NA
-0.147594
-0.0583481
-0.240043
-0.503833
-0.105414
0.00371461
NA
NA
-0.671334
NA
-0.16158
NA
-0.737932
-0.206752
-0.0791912
-0.660187
NA
-0.187111
NA
NA
-0.225412
0.054169
-0.084592
-0.371896
-0.455265
0.0336518
-0.638889
NA
-0.290439
-0.298023
-0.20611
0.0174662
-0.343469
NA
-0.297598
-0.163931
-0.157575
-0.665613
NA
-0.300941
-0.220938
-0.182872
0.0186456
NA
0.0762799
-0.448542
-0.672722
-2.16787
NA
-0.221597
NA
-0.271186
-0.386315
NA
-0.360662
-0.192153
-0.933172
NA
-0.303723
-0.12415
-0.483817
-0.0045191
-0.065499
-0.407917
NA
NA
-0.0594594
-0.445363
0.0632688
-0.178857
NA
-0.152397
0.0158673
-0.229035
NA
0.206644
-0.131284
-0.0783385
-0.685727
-0.883055
-0.666083
-0.118711
-0.484221
NA
0.0689585
-0.592076
-0.63452
-0.679844
-0.246566
NA
-0.391172
-0.519819
0.0832982
NA
NA
-0.399396
-0.16833
-0.269203
-0.47696
-0.624142
-0.00338797
-0.283788
-0.391347
-0.061685
-0.344086
-0.560883
NA
-0.733414
-0.320717
NA
-0.580737
-0.26419
NA
-0.334211
-0.463567
-0.600443
NA
NA
-0.415478
-0.353086
-0.250113
0.000298346
-0.106621
0.0808176
-0.188522
-0.448231
-0.255697
NA
-0.179757
0.0852556
-0.578266
-0.262349
-0.25225
-0.654557
-0.323901
-0.0681231
-0.579046
-0.0334879
-0.159688
-0.269686
-0.47128
-0.55776
NA
-0.673383
-0.386461
-0.250688
-0.00513249
NA
-0.0824537
-0.205745
-0.394175
-0.00935124
-0.19629
-1.0363
-0.412476
-0.684129
-0.153304
0.0662452
-0.709346
0.118355
-0.540231
-0.125195
NA
-0.0782772
-0.535655
NA
-0.525786
-0.72754
NA
-0.325296
-0.164398
-0.274528
-0.212068
-0.598392
NA
-0.28781
NA
NA
-0.0217168
-0.437949
NA
-0.439268
-0.288077
-0.571873
-0.479459
-0.230225
-0.105405
0.0193691
-0.838514
-0.462187
-0.146627
0.080848
-0.0382829
-0.315304
-0.6813
-0.33442
-0.161094
-0.360962
-0.0298571
-0.611143
-0.229759
0.025857
-0.370951
0.102678
NA
-0.0287251
-0.142817
-0.247636
-0.421907
0.0482208
-0.306789
-0.381047
0.0930944
-0.283569
-0.189427
NA
NA
-0.234123
NA
0.02516
-0.637642
-0.556741
-0.363254
-0.398438
-0.0921838
-0.402771
-0.511155
-0.089342
NA
-4.61603
-0.156279
-0.0544156
-0.269973
NA
-0.0235988
-0.101357
-0.475491
-0.191085
-1.1204
-0.336765
0.0178123
0.00132444
-0.273833
-0.0620039
0.0114028
NA
-0.0185953
-0.447164
0.0720753
NA
0.0157114
0.0323617
-0.46296
-0.00011584
0.169971
-0.500049
-0.483519
-0.635848
-0.155069
-0.377872
-0.398659
-0.13807
-0.893238
NA
-0.980314
NA
-0.0643996
-0.0341223
-0.199316
0.0611444
-0.277338
NA
-0.378057
NA
0.0429517
-0.312483
-0.0896203
0.04582
0.0213125
-0.474463
-0.600208
-0.5096
-0.29594
-0.0633567
-0.325911
-0.638336
-0.0320277
-0.637487
NA
-0.16099
-0.373511
-0.0273973
-0.57804
-0.209037
-0.122128
-0.628702
NA
NA
NA
-0.5191
-0.153938
-0.310993
0.0574989
0.0414803
NA
NA
-0.14852
-0.245695
-0.260192
-1.24563
NA
-0.42274
-0.409175
-0.0053443
0.0923306
-0.0649378
-0.464304
-0.0279764
0.015313
-0.355342
-0.620582
-0.249693
-0.0293441
0.0657119
NA
-0.81352
-0.729222
NA
-0.230503
-0.783493
NA
NA
-0.15089
-0.61764
-0.356378
-0.469151
-0.241174
-0.385646
-0.374232
0.0160701
-0.510087
-0.535531
-0.0537986
-0.47149
-0.150934
-0.726145
-0.567695
NA
-0.0202096
-0.278286
-0.0805949
NA
-0.58736
-0.144647
-0.214497
-0.259141
-0.183557
-0.347704
0.164466
-0.0461389
NA
-0.434986
-0.487846
-0.365402
NA
NA
NA
NA
-0.346325
-0.168049
-0.223404
-0.6449
0.0274625
-0.485427
0.0448741
NA
-0.570135
-0.441877
-0.143766
-0.15713
0.0388491
-0.296503
-0.333774
-0.255174
-0.452993
-0.0157831
-0.543373
-0.07596
-0.0934675
-0.417122
-0.460401
-0.138669
-0.40688
-0.470279
NA
-0.40005
NA
NA
-0.168046
-0.328979
-0.282021
-0.123771
NA
NA
-0.119762
-0.639474
-0.559005
0.273714
-0.263288
-0.249704
-0.487958
-0.440476
NA
-0.658783
0.0257954
0.0577
-0.225045
NA
NA
-0.725134
-0.11173
-0.572318
-0.524724
-0.104444
-0.119497
NA
-0.879729
-0.109133
-0.30632
0.024372
NA
-0.368463
-0.149618
NA
NA
-0.0447071
-0.139925
NA
NA
NA
-0.29303
-0.466651
-0.562032
NA
NA
0.0824924
-0.68055
-0.637339
0.0665218
0.0559119
-0.0499766
0.00973243
-0.574591
-0.311977
NA
NA
0.0564415
NA
-0.0599362
-0.492596
-0.343173
-0.156161
-0.188844
-0.580269
0.0233483
NA
-0.227364
-0.0323757
-0.546728
-0.439968
-0.0907693
-0.549336
-0.326176
-0.311357
-0.426594
NA
-0.0849207
NA
-0.285396
-0.219787
-0.287227
-0.822695
-0.258438
NA
-0.401211
-0.644595
0.0636151
-0.207919
NA
NA
-0.455922
-0.176238
-0.460671
-0.31418
0.105877
NA
-0.379926
-0.778979
-0.511659
-0.792554
-0.597656
-0.57831
-0.0555808
-0.0613689
-0.191802
-0.768882
-0.152545
-0.129641
-0.0665412
-0.67218
-0.39433
-0.574539
-0.331189
NA
-0.337004
-0.264587
-0.579481
NA
-0.525898
-1.01891
NA
-0.095099
NA
0.0420615
-1.32006
0.0248291
-0.783872
-0.480269
NA
-0.084011
-0.510986
0.0059975
NA
-0.679512
-2.97796
-0.304514
0.0442942
0.00872511
-0.288663
-0.0175584
-0.189146
-0.169582
-0.409626
0.0524585
0.00223055
-0.167281
-0.543975
-0.347763
-0.643069
-0.185625
-0.317513
0.02433
-0.676434
NA
0.0181124
-0.315536
0.0922342
-0.0122544
-0.144912
-0.405481
0.0145377
-0.286324
0.0286525
-0.112636
NA
-0.195301
-0.169574
0.75392
NA
-0.179702
-0.370083
0.0225549
-0.602769
-0.0173043
NA
-0.434767
NA
-0.647743
-0.0996487
-0.0498292
-0.528412
NA
-0.205974
-0.402308
-0.662658
NA
-0.521106
-0.00115765
NA
NA
-2.00584
-0.210745
-0.317276
-0.681223
-0.33308
-0.563576
-0.357698
-0.0736382
NA
-0.163693
-0.320275
-0.580876
-0.299131
NA
NA
NA
-0.274069
-0.205009
0.0629648
NA
NA
-0.295409
NA
-0.336237
-0.482394
-0.359743
-0.394977
-0.476569
-0.533745
-0.333881
-0.674723
-0.0959389
0.018243
-0.0807928
-0.103612
NA
-0.155231
-0.198284
0.0167069
-0.00454936
-0.191386
NA
-0.605598
0.0391887
NA
0.0615533
-0.687812
NA
-0.139812
0.0939456
0.0398947
NA
0.426867
-0.0755337
0.0101568
NA
-0.418023
-0.0427664
-0.469349
-0.372735
-0.645243
0.716338
-0.441079
-0.0193799
-0.743831
NA
-0.289834
0.0706671
0.190449
-0.596134
-0.0793885
-0.359966
-0.476905
0.00211072
-0.166454
-0.411246
-0.649648
-0.58168
-0.475097
NA
-0.393793
-0.221093
NA
0.018951
NA
-0.120018
-0.409594
-0.314109
-0.649638
0.0682807
-0.165949
-0.375666
-0.195884
-0.52389
-0.517182
-0.198549
NA
-0.339471
NA
-0.458244
-0.600141
NA
-0.406855
NA
-0.392483
-0.42091
-0.237887
-0.57087
-0.138843
NA
-0.222672
-0.181323
-0.18621
NA
-0.398818
NA
-0.239133
-0.313845
NA
0.837778
-0.40433
-0.729273
4.78006
-0.259252
-0.454444
NA
-0.0793824
NA
-0.193974
-0.656734
NA
-0.23582
-0.115483
-0.154323
-0.343078
-0.461397
-0.385464
-0.636405
-0.00487441
0.00319826
-0.541733
-0.77541
NA
-0.00982722
-0.712186
-0.360588
-0.000567228
-0.269647
0.243302
-0.40085
-0.560768
-0.423891
-0.361829
-0.040131
NA
-0.0785272
0.0269879
-0.256641
NA
NA
-0.314203
-0.665333
-0.274701
NA
NA
0.0604756
-0.45519
0.711429
-0.532947
-0.463085
-0.31604
-0.202517
NA
0.0697036
-0.092788
-0.670211
-0.521482
-0.143104
-0.50368
NA
0.0391404
-0.529954
-0.212256
-0.160595
-0.827333
-0.327137
-0.191283
-0.264283
-0.740541
-0.136785
-0.0878001
-0.150833
NA
-0.864313
-0.0726633
-0.368466
-0.674397
0.0500534
-0.461348
-0.318392
0.417864
-0.656424
-0.757091
-0.319759
-0.16194
NA
-0.197302
NA
-0.720271
NA
-0.301878
-0.0881537
0.0498872
NA
-0.489486
-0.1594
NA
-0.557732
-0.421298
-0.543151
-0.295359
NA
NA
-0.506655
0.0432286
-0.321819
-0.182471
NA
-0.244651
-0.389318
-0.589051
-0.154599
0.0906771
-0.605532
-0.177635
0.049325
-0.582091
-0.25001
-0.295443
-0.67873
-0.683422
-0.0177528
0.0117868
NA
NA
-0.653231
-0.230069
-0.0240702
-0.611846
-0.742667
-0.563795
NA
0.0889724
-0.183381
-0.290426
-0.454421
-0.121153
NA
-0.520034
-0.733359
-0.748953
-0.456035
NA
-0.107898
-0.264863
0.0383232
0.00261391
-0.243414
-0.101094
NA
-0.651428
-0.49021
NA
NA
-0.101713
-0.0407002
-0.704707
-0.235206
NA
-0.0246889
-0.533264
-0.196082
0.0926792
-0.239844
-0.0500833
-0.214047
-0.744285
-0.194998
-0.00769402
NA
-0.0820106
-0.690346
-0.582153
-0.505868
0.0150648
-0.55864
NA
-0.0518089
-0.789171
-0.150403
-0.166691
-0.0233853
-0.471264
-0.272146
-0.166621
-0.276821
-0.344994
NA
-0.340115
NA
-0.129115
-0.142477
-0.574396
-0.32536
-0.268951
-0.340456
NA
-0.141498
-0.152105
NA
0.0556351
NA
-0.28262
0.74
-0.00408748
-0.434766
-0.2037
0.00192448
-0.163549
-0.0634687
-1.64108
0.0226987
-0.338063
-0.428667
-0.370853
-0.293658
0.0397969
NA
-0.713918
-0.721498
-0.413367
-0.282749
-0.39561
0.0837098
0.10625
NA
-0.235013
-0.0435221
0.0164171
NA
-0.0280321
NA
-0.166628
NA
-0.298874
-0.105187
-3.52299
NA
-0.216922
-0.351094
-0.377286
-0.00362345
0.0714449
NA
-0.656522
-0.0992765
0.0266132
-0.581472
0.0107688
-0.0500044
-0.359401
NA
NA
-0.169599
0.0727356
-0.076341
-0.015896
-0.507889
-0.872699
-0.503083
-0.0192808
-0.17316
-0.158823
-0.267301
NA
-0.0489706
0.0325458
8.7131
-0.396914
NA
NA
-0.88894
-0.371704
NA
-0.151713
-0.745554
-0.260412
NA
NA
NA
-0.325907
-0.146926
-0.208369
NA
0.0488833
-0.264411
NA
NA
-0.422837
-0.565784
0.0586226
-0.167769
-0.0777209
0.51319
-0.451756
NA
-0.879645
-0.367353
-0.202742
0.0994115
NA
0.00345849
0.0702715
0.515991
0.0320424
-0.0336794
-0.339257
-0.0234495
0.0678212
-0.762732
-0.233294
-0.209111
0.0495046
-0.0910705
-0.634698
0.0231209
NA
-0.59857
NA
0.0801896
-0.54394
NA
