NA
NA
-0.206153
-0.223412
-0.128435
-0.73129
0.0246454
-0.278616
-0.12084
NA
-0.340851
NA
-0.42091
-0.253508
NA
-0.279661
0.00480687
-0.274399
-0.385079
NA
0.05453
-0.600141
-0.52795
-0.339471
-0.500712
0.00791999
-0.453323
-0.0411182
0.190449
-0.359966
-0.259078
-0.508651
0.037428
-0.363599
0.005157
-0.147265
-0.0193799
-0.388269
-0.00325416
-0.988327
-0.123856
NA
NA
-0.0373701
-0.378927
0.0622399
-0.252441
-0.297682
-0.0724377
-0.372843
-0.00982722
-0.101341
NA
-0.0361892
-0.236018
-0.168505
-0.0332518
NA
-0.509584
-0.040131
-0.698315
NA
-0.321872
-0.021388
NA
NA
NA
NA
NA
-0.442797
NA
-0.237887
-0.303571
NA
-0.391311
-0.23582
-0.370416
0.0893577
-0.627291
0.0875206
-0.106379
-0.771499
-0.160595
NA
-0.572671
-0.0699772
-0.575633
-0.187806
-0.318392
-0.294546
-0.00562228
-0.740541
-0.0129047
-0.164392
NA
-0.45519
-0.117206
0.0604756
-0.487727
NA
NA
-0.43882
-0.158566
0.0136302
NA
-0.429308
0.0711828
-0.67691
-0.424292
NA
0.049325
-0.605532
-0.391785
0.0336402
-0.480925
-0.0183025
-0.145259
-0.411749
-0.250784
-0.106193
NA
NA
-0.244651
-0.0552417
-0.220578
-0.504777
-0.0343789
-1.01153
-0.470507
-0.254494
-0.319759
-0.526166
-0.685531
NA
-0.421298
-0.722985
-0.452776
-0.101726
-0.485787
-0.258162
-0.62279
-0.386096
-0.301878
-0.0626198
-0.276519
-0.147167
NA
-0.410386
NA
-0.187091
-0.346097
NA
0.00261391
-0.243414
-0.276821
0.0686409
NA
-0.00334154
-1.57756
-0.478006
NA
-0.0820106
NA
-0.214047
-0.732093
-0.786959
-0.653231
0.0637174
NA
0.0676661
0.00714703
-0.25001
-0.733359
NA
-0.456035
-0.48605
-0.454421
0.0157463
-0.426428
-0.400335
0.0282878
-0.26178
-0.370853
-0.703729
-0.179603
-0.214545
-0.26582
-0.168536
NA
NA
0.0418438
NA
NA
0.0164171
-0.194256
-0.0858592
-0.491191
0.0837098
-0.19106
-0.282749
0.057037
NA
-0.340456
-0.463567
-0.574396
-0.32536
-0.410173
-0.142477
-0.468546
0.145011
0.0248159
-0.511922
-0.000617397
-0.0458985
-0.340552
NA
-0.150391
-0.447644
-0.0942342
-0.744781
-0.0645652
-0.838208
-0.00466255
-0.205399
-0.152105
-0.697024
-0.0192808
-0.240875
-0.450491
-0.0226422
-0.447807
-0.254817
-0.824884
-0.129328
-0.284183
0.0810476
-0.191823
-0.131732
-0.702977
-5.03678
-0.770765
NA
-0.214956
-0.276772
-0.349587
0.0492795
0.0536618
-0.213409
-0.471821
-0.152809
-0.105187
-0.387408
NA
-0.656522
-0.584838
-0.127154
-1.08575
-0.459721
-0.39313
-0.658702
NA
-0.0729999
-0.399005
NA
-0.226429
0.0622562
-0.46522
-0.651107
0.0108347
-0.406247
-0.0981825
0.00222096
-0.463044
-0.325809
-0.372209
-0.260954
-0.257005
0.0242689
0.188897
0.0241505
-0.324892
-0.0910705
-0.209111
NA
-0.233294
-0.22184
-0.444299
-0.489398
-0.146926
NA
0.219719
-0.0232875
-0.145278
-0.308501
0.00679458
-0.8051
-0.503498
NA
-0.941209
-0.608322
-0.369244
-0.192584
-0.0138588
-0.419797
-0.15759
0.0300431
-0.146382
-0.260087
NA
-0.761041
NA
-0.110049
-0.505511
-0.620582
NA
NA
-0.695605
0.30034
0.0800848
-0.814001
-0.216304
-0.464304
-0.478704
-0.151371
NA
-0.209037
-0.57804
-0.976902
NA
NA
-0.638336
NA
-0.600208
-0.548407
-0.394419
-0.050037
NA
-0.424368
-0.310993
-0.225425
-0.269521
-0.731285
-0.463759
-0.130925
-0.353795
NA
-0.237717
-0.135726
-0.380275
-0.567695
-0.222174
-0.726145
-0.534271
NA
-0.0676978
-0.184637
-0.214497
-0.769561
-1.16821
-0.375866
-0.716914
-0.187448
-0.447531
-0.462675
-0.342533
-1.05062
0.0624102
-0.46514
NA
NA
0.0810517
-0.248009
-0.81352
-0.11028
-0.485374
-0.508327
-0.716295
-0.400314
0.0159952
NA
-0.640516
-4.49526
-0.716847
-0.111943
-0.65842
-0.060273
-0.435272
-0.460401
NA
NA
-0.599535
-0.417122
-0.162863
NA
NA
-0.681277
-0.137228
-0.272484
-0.271623
0.0516428
2.99365
-0.142078
-0.65878
NA
NA
NA
-0.40688
-0.307217
-0.454113
-0.346325
NA
NA
0.0533689
-0.398859
-0.0221881
NA
-0.29484
NA
-0.90924
-0.347704
0.164466
-0.278375
NA
-0.26443
-0.486647
-0.388506
-0.0248005
-0.363754
-0.0447071
-0.418645
0.0250231
-0.45361
NA
-0.360497
-0.5637
NA
-0.879729
-0.30632
-0.733539
-0.0387841
-0.479376
-0.169652
-0.386788
-0.102863
-0.454146
-0.109208
NA
0.0262314
NA
0.727645
-0.0821899
-0.487958
-0.0856254
-0.0298626
-0.559005
-0.457462
NA
0.0257768
-0.515518
-0.665563
-0.391022
-0.903944
-0.290089
-0.043298
-0.701266
-0.216408
NA
-0.225045
-0.511659
NA
-0.510405
-0.140851
-0.150764
NA
-0.731721
NA
-0.122533
0.0149387
-0.296057
NA
-0.129641
-0.67218
-0.800755
-0.0941034
-0.189994
-0.3143
-0.0386287
NA
-0.692827
-0.196121
-0.200477
0.0248249
-0.509531
-0.0531574
NA
-0.250074
0.0596338
-0.309581
-0.343173
-0.300563
NA
-0.33638
NA
-0.614082
-0.255333
-0.242677
-0.315898
-0.258438
NA
-0.52465
-0.0716408
0.0634483
NA
-0.206355
NA
-0.433711
-0.0220419
-0.549336
-0.387667
-0.663107
-0.0323757
-4.25899
0.0156093
0.0138237
-0.204815
-0.0702992
-0.361579
0.00677541
-0.288663
-0.0175584
-0.773482
0.0483908
NA
-2.97796
-0.898137
NA
0.0922342
-0.322727
-0.676434
NA
-0.559245
0.0400996
-0.0643981
-0.514571
-0.356843
0.0855141
-0.247195
-0.294825
-0.305525
NA
-0.0635177
-0.578065
-0.23135
NA
0.0059975
-0.495309
0.0151578
-0.480269
0.0103413
-0.212715
-0.363617
-0.201658
-0.166252
-0.204072
-0.185236
0.0164
0.0913172
NA
-0.144138
-0.544521
0.0571236
-0.872313
-0.240492
-0.357698
-0.0595939
-0.33308
-0.129599
-0.638169
-0.315978
-0.3571
NA
-0.297014
-0.447516
-0.343613
NA
-0.447166
-0.329154
-3.67349
NA
0.0768552
0.0159881
-0.496773
-0.271733
-0.0122544
-0.0180315
-0.528412
-0.471832
-0.170727
-0.339048
NA
0.0366686
-0.0173043
-0.509543
-0.303691
-0.103249
-0.402832
0.0101632
0.701889
-0.485333
NA
-0.0253214
-0.426074
0.0615533
-0.412693
-0.377784
-0.440382
NA
-0.375314
NA
-0.324147
-0.221481
0.00716909
-0.456023
NA
0.043767
NA
0.0624842
-0.175439
NA
-0.0722576
NA
-0.159163
-0.053411
0.0616164
-0.142326
NA
-0.263452
-0.162867
-0.170742
-0.286384
-0.324742
-0.251419
-0.372739
-0.0177369
-0.319215
0.00820716
-0.374383
NA
-0.399299
0.0724548
-0.103612
-0.45952
0.018243
-0.715348
-1.14958
-0.359743
-0.476569
-0.654925
-0.886984
-0.699589
-0.540245
-0.355868
0.0582567
-0.54642
-0.0822517
-0.551729
-0.855541
-0.401843
-0.151669
-0.221724
-0.257943
-0.140039
-0.203364
-0.290577
-0.245578
-0.202382
NA
-0.253696
-0.881243
-0.173955
-0.403288
0.0250241
-0.114515
-0.435413
-0.425821
-0.353218
-0.541862
-0.309251
-0.47509
-0.412501
0.010914
-0.607974
NA
NA
-0.0761811
-0.423474
-0.262185
-0.659827
-0.113898
-0.221003
-0.279842
NA
0.123318
-0.0751307
-0.0870244
NA
-0.189414
-0.634959
-0.299172
-0.528422
0.10675
0.053268
0.0342344
-0.803946
-0.652529
0.0108996
0.0365875
-0.24599
-0.603411
-0.403538
-0.101857
-0.00572032
-0.0347946
-0.134646
0.0451089
-0.460929
NA
NA
-0.200731
0.185474
0.0503367
NA
NA
-0.166862
-0.334087
-0.158669
NA
-0.215641
NA
-0.76001
NA
-0.993552
-0.201939
-0.465446
NA
-0.284235
0.0513487
-0.651678
-0.342756
-0.349393
0.15204
-0.497724
-0.328939
-0.381186
-1.22854
-0.297592
-0.289533
NA
-0.0436454
-0.294362
-0.605276
0.0252486
0.30304
-0.333132
-0.454628
-0.232517
-0.202212
0.0940401
0.0332148
-0.17204
0.0318256
-0.262139
NA
-0.241806
-0.240043
-0.305934
-0.428708
-0.52299
0.0711688
-0.0602794
NA
-0.397029
-0.176046
NA
-0.628187
0.0483417
NA
NA
-0.375301
-0.332872
NA
-0.582322
-0.200995
-0.202156
-0.597449
0.018562
-0.247994
-0.370359
-0.386315
-0.218884
-0.249733
NA
-0.223118
-0.0951709
-0.372872
-1.13381
NA
-0.569381
-0.445334
0.0478652
-0.346782
-0.178857
-0.380494
-0.0594594
0.0162459
-0.182446
-0.0153407
-0.625566
-0.131352
NA
NA
0.0319206
NA
NA
-0.507326
-0.137738
-0.338332
-0.638889
NA
-0.371896
-0.151703
-0.215711
-0.0509545
-0.154797
-0.111166
-0.292038
-0.0974957
-0.795572
0.079448
NA
-0.238075
-0.37386
-0.117901
-0.233848
NA
-0.836854
-0.562416
0.0174662
-0.220171
0.0702104
-0.560883
-0.327925
-0.111677
NA
-0.0594351
-0.0145282
-0.214949
0.0249862
NA
-0.459906
-0.399396
-0.386447
-0.297692
-0.415478
NA
-0.26419
NA
-0.570541
NA
-0.30078
NA
NA
-0.568287
-0.229035
0.0422653
-0.229302
-0.129921
-0.0393092
-0.218062
0.0158673
-0.899186
NA
-0.34306
-0.152397
-0.293328
-0.0720037
-0.783517
0.0820832
-0.314707
NA
0.0666256
-0.128682
-0.105718
NA
-0.484221
-0.597866
-0.281235
-0.134144
-0.335682
-0.320676
-0.542489
NA
-0.221938
-0.134174
-1.0363
-0.302576
-0.469576
-0.0824537
NA
-0.482069
-0.363934
-0.00513249
-0.352306
-0.20963
-0.598392
-0.447516
-0.589474
-0.631834
-0.0138888
0.011345
NA
-0.300337
-0.0386664
0.0726231
-0.380969
-0.557759
-0.698572
-0.63704
0.0852556
NA
0.0708066
-0.243397
-0.330717
-0.326189
0.000298346
NA
-0.471812
-0.353086
-0.569951
-0.29106
-0.674056
NA
NA
-0.223531
-0.343468
-0.0625444
-0.0831831
-0.0311333
-0.630341
-0.87407
-0.565087
-0.398164
-0.344524
-0.283569
-0.36413
-0.65047
0.0482208
-0.0408027
-0.210129
0.0144514
-0.177123
-0.656527
-0.385444
-0.9961
-0.226808
-0.202808
-0.571873
-0.484931
-0.212416
0.181803
NA
NA
-0.437949
-0.232255
-0.278971
-0.538899
-0.053462
-0.247636
-0.370951
-0.169576
0.0042889
-0.00666787
-0.0298571
NA
-0.0382829
-0.634305
-0.14177
-0.271574
NA
-0.322533
-0.19401
-0.295068
-0.0836267
-0.193299
-0.374782
NA
-0.206712
0.0501077
-0.710234
-0.331096
-0.186618
0.0447194
0.187065
-0.204316
0.184588
-0.032104
-0.0341223
NA
NA
-0.893238
0.0585805
-0.000670225
-0.353833
NA
0.0730528
-0.546292
-0.00751317
-0.216301
-0.236362
-0.323072
-0.539731
-4.56718
NA
-0.511155
-0.467307
-0.379142
-0.413105
-0.336765
-0.172321
-0.266486
-0.645582
-0.552301
-0.321076
NA
-0.25473
0.0862289
0.0261832
-0.525941
0.099054
-0.0883334
-0.171824
-0.103999
NA
-0.416287
-1.4291
-0.246912
-0.249068
0.0625455
0.121575
-0.3754
NA
-0.646893
0.0537301
-0.233737
NA
-0.197643
-0.866885
-0.587321
-0.323614
-0.373864
-0.711042
-0.256843
NA
-0.667746
-0.0724695
-0.516744
NA
-0.260062
NA
NA
-0.557802
-0.413732
-0.222348
-0.425302
-0.15076
NA
0.0389677
NA
0.0220242
-0.158624
0.148125
-0.100396
-0.282428
-0.210031
0.0259599
-0.635055
-1.07878
-0.397278
-0.335669
NA
-0.0385648
-0.431505
-0.460759
-0.758133
-0.167111
-0.579435
-0.982713
NA
0.0705906
-0.359194
NA
NA
0.0114828
-0.296465
NA
NA
-0.431449
-0.389696
NA
-0.0312399
-0.355019
-0.0610362
-0.723828
-0.874472
-0.418131
-0.537531
-0.186351
NA
-0.758396
NA
0.0519988
NA
0.0546446
-0.659793
0.0327612
0.00257741
-0.194325
-0.712528
NA
-0.658861
-0.150297
-0.455982
-0.129513
-0.130286
NA
0.0421155
0.544334
-0.155552
0.0750952
-0.40071
-0.255698
-0.000923879
-0.685758
-0.123822
-0.323197
0.0374062
0.0626053
-0.560801
NA
0.0983106
0.0602571
0.128363
NA
-0.503104
-0.321026
-0.564536
-0.141637
0.10418
NA
0.0608319
NA
NA
-0.409859
-0.419709
-0.281609
0.0258645
-0.365194
-0.803719
NA
-0.0307079
NA
-0.701249
NA
-0.0155997
NA
-0.543771
-0.291455
-0.688428
0.00480869
NA
-0.145006
NA
-0.213968
0.0234013
NA
-0.382952
-0.840341
-0.558693
-0.80122
-0.338421
-0.439755
-0.0227595
-0.562929
-0.171859
NA
NA
-0.400185
NA
NA
-0.13105
-0.053959
NA
NA
-0.51148
-0.861408
-0.492791
-0.306742
-0.666205
NA
-0.119406
-0.548333
-0.22242
NA
-0.548474
0.0482724
-0.678251
-0.454191
-0.416577
-0.171597
0.0265746
-0.828597
-0.20217
-0.213996
0.0202828
0.0249104
-0.464975
NA
-0.335474
-0.58874
-0.367287
-1.16552
0.0267302
-0.514201
0.0660722
-0.334149
-0.3126
-0.152355
NA
-0.52698
-0.162507
-0.504705
0.131372
NA
0.0157267
-0.521635
-0.282313
NA
-0.392514
-0.311939
0.055061
-0.491025
0.00371509
-0.111401
-0.234747
-0.211455
-0.182903
-0.600575
-0.317122
NA
-0.239088
NA
-0.275132
0.0581363
-0.652311
NA
NA
-0.2065
-0.253199
0.925272
-0.478879
0.0293402
-0.00369086
-0.141536
-0.374624
-0.892499
-0.268365
NA
NA
NA
-0.4497
0.0718685
-0.26156
NA
-0.210066
-0.609596
NA
-0.198196
0.025804
-0.366
-0.214874
0.0144702
-0.326812
0.0110195
-0.0126289
0.00242148
-0.997331
0.0154274
-0.610384
-0.327255
-0.372609
-0.748795
0.0454
-2.95917
NA
-0.464894
-0.190624
NA
-0.0858655
-0.334147
-0.0807244
-4.53637
-0.145491
-0.0207582
-0.591689
-0.044131
-0.58191
-0.441606
-0.0970345
-0.455655
-0.199734
NA
-0.273232
-0.228294
-0.133714
-0.106078
-0.0647453
-0.0507853
-0.0454458
-0.294371
0.100063
-0.218991
0.000365479
-0.553805
-0.368164
-0.201171
NA
NA
-0.405915
NA
-0.214212
-0.34224
-0.0110178
NA
0.0215818
-0.411336
-0.60748
-0.311904
-0.641178
-0.624336
-0.0248897
-0.298327
-0.760463
NA
-0.144035
-0.238628
-0.259994
-0.317236
-0.403236
-0.188743
-0.581295
NA
-0.115381
-0.105656
-0.334774
0.034021
-0.235287
-0.466287
-0.59194
NA
-0.0858466
-0.299537
-0.165949
-0.282871
-0.251811
NA
-1.02591
-0.516279
-0.0182035
-0.406855
-0.811479
-0.458244
-1.13727
NA
-0.517182
-0.178142
-0.432602
NA
-0.399508
-0.340458
0.0249097
-0.464863
-0.327931
-0.42191
0.103196
-0.503679
-1.00542
-0.259823
-0.345469
NA
-0.152514
-0.550728
-0.200106
NA
0.303196
0.011116
-0.0695815
-0.26588
-0.475097
-0.360588
-0.722868
0.0753923
-0.317376
-0.19532
-0.170591
-0.430245
-0.0485626
-0.0534858
NA
-0.66457
-0.551828
-0.204586
0.0269
-0.387346
-0.442425
NA
-1.28538
-0.659145
0.0924368
-0.0785272
-0.32229
0.0650637
0.00720121
-0.560768
-0.429739
4.78006
-1.79391
-0.626696
-0.10501
-0.40433
-0.398818
-0.18621
NA
-0.503255
NA
-0.385464
-0.636405
-0.195289
-0.81327
-0.24941
-0.363321
NA
-0.320663
-0.247024
NA
-0.56433
0.0611643
-0.529954
-0.295005
-0.527802
-0.397605
-0.548152
-0.143104
-0.326711
-0.261899
-0.199145
-0.0345968
-0.864313
-0.0726633
-0.526353
-0.539101
0.00297876
-0.264283
NA
-0.136785
NA
0.0238485
-0.568937
-0.463085
0.711429
-0.0693424
-0.369708
-0.255581
-0.329945
0.025286
0.0161104
-0.464579
-0.289476
-0.0665579
NA
-0.23325
-0.092788
NA
NA
-0.0384319
-0.773404
-0.442971
-0.529422
-0.620898
-0.246926
-0.390918
-0.391198
0.0462703
-0.23262
-0.0414788
0.0432286
NA
0.0156781
0.0611054
-0.367484
-0.472827
-0.176667
-0.582091
-0.321741
NA
NA
-0.700299
-0.69332
-0.453415
0.0225737
0.0268664
-0.389318
0.0920161
-0.477574
0.0663067
NA
-0.417682
-0.336255
-0.278394
-0.197302
NA
-0.408717
0.0196684
-0.250045
NA
-0.439087
-0.605503
0.0851713
NA
-0.407406
-0.581558
-0.0336962
-0.229891
-0.239844
-0.533264
0.0219742
-0.643084
NA
-0.977756
0.0243633
-0.113424
NA
NA
-0.412423
-0.264863
-0.107898
0.0158282
0.0262411
-0.166621
-0.321273
-0.299055
-0.582153
-0.571254
-0.744285
-0.33911
-0.32222
-0.299674
NA
-0.585941
-0.67873
-0.658132
-0.478867
NA
-0.520034
-0.0911029
-0.284279
-0.121153
0.0798935
NA
-0.59202
NA
-0.212141
-0.647571
NA
-0.244754
-0.193592
-0.389908
-0.0634687
-0.0314514
-1.64108
-0.338063
NA
-0.166628
-0.693348
NA
0.121421
-0.577863
-0.519743
NA
-0.196668
-0.346275
NA
-0.698802
-0.747294
0.0556351
0.0888358
NA
-0.316756
-0.581353
-0.566931
-0.230943
0.0155806
NA
0.065098
-0.507889
-0.092543
0.047561
-0.00279103
0.0160569
-0.456224
-0.0472867
-0.392857
-0.0377599
-0.20696
NA
-0.715017
NA
-4.57043
0.0254769
-0.341618
NA
-0.112721
NA
-3.52299
-0.2865
-0.366789
-0.229233
-0.179914
-0.142701
-0.900337
-0.176729
-0.0752189
-0.7839
0.0714449
0.0678212
-0.0234495
-0.109454
-0.0825356
-0.293193
0.015644
-0.351812
0.515991
-0.459829
-0.197319
-0.170683
-0.205235
-0.212191
-0.23886
-0.823247
-0.0304759
NA
NA
0.0731142
-0.362744
-0.429313
-0.446867
0.0495046
NA
-0.162349
0.0535856
0.113122
-0.260412
-0.745554
NA
NA
-0.255682
-1.54421
-0.12237
NA
-0.879645
NA
-0.125025
-0.0478853
-0.199188
0.000165298
-0.541072
NA
-0.0053443
-0.0826425
-0.380152
-0.631244
-0.51465
NA
0.0750024
-0.447234
0.0414803
-0.440828
0.0643133
-0.145901
-0.0309538
-0.196375
-0.171193
NA
-0.829029
-0.109792
0.015313
-0.273072
0.00810219
-0.138572
-0.565688
-0.0649378
-0.362568
-0.16099
-0.135753
-0.491416
-0.473604
-0.0633567
-0.344704
-0.577224
-0.00992311
-0.222305
NA
-0.221782
NA
-0.817659
-0.140581
0.0478256
-0.551562
-0.460385
NA
-0.200689
-0.409991
0.0550733
-0.12283
-0.430148
0.0525193
-0.116671
-0.365777
-0.78314
-0.510029
-0.530116
-0.338463
-0.256369
-0.0160759
-0.402292
-0.156758
-0.259141
-0.779266
-0.0805949
-0.111633
-0.15089
-0.712721
NA
0.0237395
NA
NA
-0.142902
-0.455855
-0.460496
-0.073854
-0.0564101
NA
-0.0537986
0.167744
-0.393131
0.0791654
-0.667407
-0.241174
NA
-0.842692
-0.416182
-0.146312
-0.351761
-0.539783
-0.880399
-0.669085
-0.255174
-0.328666
-0.101987
-0.333774
NA
-0.121912
-0.282021
-0.242968
-0.404959
-0.141238
0.0355875
NA
-0.345192
-0.061747
-0.642259
-0.100746
0.0813486
-0.369037
0.0155224
-0.010199
-0.526935
NA
-0.356099
-0.387458
-0.540463
-0.316666
-0.15713
NA
-0.666024
-0.473508
-0.343672
0.0649694
0.0240917
-0.0925359
0.0610172
-0.168049
-0.444752
NA
NA
-0.394145
-0.42184
-0.149618
-0.145188
-0.143432
0.0665218
0.0559119
-0.435301
0.0799181
-0.449996
-0.434083
-0.240195
-0.622299
-0.562032
-0.254744
NA
NA
0.0675952
-0.50517
-0.213247
-0.439247
NA
-0.112365
0.0860888
-0.0443872
0.0686578
0.273714
0.0711847
-0.235924
-0.271657
NA
-0.327616
-0.418821
-0.0627024
-0.330514
-0.318205
NA
NA
-0.0652817
-0.487298
-0.364574
NA
NA
-0.317735
-0.285533
-0.176238
NA
0.0546412
0.0140827
-0.496537
0.0948608
-0.398897
0.0365018
-0.243467
-0.242269
-0.792554
-0.230227
NA
-0.580269
-0.804807
-0.0974313
NA
NA
-0.446488
0.00973243
-0.368092
NA
-0.89439
-0.089141
0.077415
NA
-0.697687
-0.472015
-0.813908
-0.133165
-0.126
NA
-0.508463
-0.269036
-0.0702629
-0.167281
NA
-0.455222
0.0583727
-0.344126
-0.37165
-0.258498
-0.291638
-0.0162407
-0.247046
-0.320462
-0.0683885
0.0832054
-0.315536
0.0510742
NA
-0.228895
-0.198288
NA
NA
-0.643069
0.0501088
-0.193156
-0.433259
-0.475784
-0.387885
-0.322588
NA
-0.132565
-0.095099
-0.352258
-0.10052
0.0152209
-0.28079
NA
-0.337004
0.0474993
-0.303159
0.143991
-0.614852
-0.271118
-0.679512
-0.109088
-0.972458
-0.693483
-0.129409
0.0146742
-0.211377
NA
NA
-0.362216
-0.521106
-0.0880422
NA
-0.314057
-0.580876
-0.163693
-0.255066
-0.860541
NA
-0.172419
NA
-0.146266
-0.0692627
-0.0970891
NA
NA
-1.15628
-0.275776
-0.386629
-0.191613
-0.201781
0.0497731
NA
-0.286324
-0.558271
NA
0.0145377
-0.58451
NA
-0.279124
NA
0.0494638
-0.0498292
-0.33647
0.0161335
-0.416099
-0.647743
-0.129017
-0.258008
-0.0690621
-0.387205
NA
0.0666125
-0.239214
-0.392743
-0.0259866
-0.341301
-0.223501
0.0151425
0.00848531
-0.0204511
NA
0.0388596
-0.0427664
NA
-0.364131
0.0101568
0.0200235
-0.716949
-0.739848
-0.0296709
NA
0.06576
-0.0314837
-0.336237
-0.295409
0.0768671
NA
-0.134707
NA
-0.706223
-0.274069
NA
-0.578106
NA
0.0391887
-0.260871
-0.191386
-0.579619
-3.41176
0.0540872
-0.452799
-0.00454936
-0.188283
-0.230028
-0.373581
0.0173575
-0.399711
-0.674723
-0.049949
0.167544
-0.429391
-0.526311
0.000278164
-0.138863
-0.0845137
0.0769679
-0.232131
NA
-0.278443
NA
-0.728173
0.576608
-0.222528
-0.357233
-0.222994
NA
-0.283348
-0.894785
-0.669114
-0.310999
NA
-0.635288
NA
NA
-0.16649
NA
-0.525229
-0.19908
-1.24
0.0191633
-0.310836
NA
0.146431
NA
-0.156479
-0.367172
-0.694437
-0.388783
-0.291361
-0.0309936
0.173136
0.00945715
-0.411218
NA
-0.634543
-0.679005
0.0759975
-0.52928
-0.548431
-0.427349
-0.176901
NA
-0.385384
-0.171279
NA
-0.104654
NA
-0.0713961
-0.854425
-0.320767
-0.679571
NA
-0.720783
0.0623535
-0.0630285
-0.24092
-0.557923
NA
-0.579731
-0.103651
-0.438057
-0.0642659
-0.76499
-0.57557
-0.184728
-0.189389
-0.407553
-0.0491751
-0.536829
-0.323595
-0.647053
-0.120824
-0.512774
NA
-0.213602
NA
0.0723623
-0.550093
NA
-0.206752
NA
-0.16158
NA
-0.528825
-0.157381
NA
-0.49857
0.0517051
-0.473855
NA
-0.0301061
NA
-0.000730068
NA
-1.07784
0.0844468
NA
-0.194687
0.00870846
0.0867273
-0.0393246
0.0486623
-0.315752
-0.304892
0.0918481
-0.157797
0.0158894
-0.0538742
NA
0.0319132
0.0255831
NA
-0.0470942
-0.309449
-0.584374
-0.700755
-0.290292
-0.417778
-0.379438
NA
-0.598948
-0.330169
NA
NA
NA
-0.150972
-0.394513
NA
-0.182872
NA
NA
NA
-0.376564
-0.412288
-0.631945
0.0151455
-0.486624
-0.483817
NA
NA
-0.316688
-0.072236
-0.303723
-0.12415
NA
-0.298023
0.0336518
-0.898302
0.054169
-0.332171
-0.284073
-0.914483
NA
-0.665613
NA
-0.541582
0.00563167
-0.297598
-0.193503
-0.329193
-0.343469
0.0778334
-0.315806
-0.588182
NA
-0.334211
-0.665313
-0.686316
-0.917924
-0.27245
-0.419037
-0.883055
-0.123526
0.206644
-0.0663105
-0.458554
-0.342157
-0.272453
-0.277401
NA
0.000661784
-0.356814
NA
0.0832982
-0.193432
-0.499967
-0.56876
-0.339816
-0.362963
-0.424326
NA
-0.666083
NA
-0.146357
NA
-0.798053
-0.709346
NA
0.099716
-0.0342529
-0.930435
NA
-0.659055
-0.00935124
-0.108344
-0.203026
NA
NA
-0.164398
-0.325296
-0.56761
0.149851
-0.131374
0.0252883
-0.486066
-0.138447
NA
-0.257462
0.046183
0.0488866
-0.262349
-0.179757
-0.840611
-0.0597342
-0.357107
NA
NA
-0.253815
-0.0458765
-0.0943957
NA
-0.250113
-0.250688
NA
-0.475446
-0.254356
-0.47128
-0.159688
NA
-0.0681231
-0.0417763
-0.297946
-0.146396
0.016192
-0.654557
-0.152217
0.114021
-0.46414
NA
-0.566131
-0.622766
-0.429422
-0.398438
-0.202131
-0.363254
-0.122312
-0.637642
-0.197412
0.02516
-0.362593
-0.0655831
-0.324562
-0.479459
NA
-0.614183
-0.0261888
-0.480959
-0.436719
-0.0437976
-0.228758
-0.28781
NA
NA
-0.332707
-0.525948
0.0154756
-0.320602
-0.640164
-0.0287251
-0.229759
0.0570929
-0.159062
-1.03269
-0.146627
NA
-0.838514
-0.374186
-0.54339
NA
-0.174103
-0.46296
-0.350924
NA
-0.0787863
0.0747441
-0.419181
-0.145278
-1.03823
-0.0643996
-0.199316
0.0708708
-0.095321
NA
-0.377872
-0.342143
-0.0270056
-0.180412
-0.492513
-0.635848
-0.245016
-0.43127
0.0590723
-0.156279
NA
NA
0.0154147
-0.384832
-0.375272
-0.383185
-0.152305
NA
NA
-0.0126872
-0.627318
-0.922648
-0.804754
0.0807139
0.00132444
0.12227
-0.46361
-0.463549
-0.632399
-0.451558
-0.477191
0.0825238
-0.672807
-0.105517
-0.430548
-0.393065
-0.0238668
-0.257186
-0.522212
NA
-0.173386
-0.306864
-0.765395
-0.307727
0.132765
0.0139808
-0.407052
-0.280169
0.0256892
0.00609699
0.0448904
-0.164628
0.0261244
-0.103749
-0.157101
-0.599353
-0.461491
-0.501587
NA
-0.116781
-0.540713
0.0767612
-0.684054
-0.285183
-0.155465
NA
-0.277907
-0.629231
-0.281737
-0.461394
-0.498984
-0.47926
NA
-0.517091
-0.560436
-0.427689
-0.390371
-0.0149147
NA
-0.297423
0.0638252
-0.203497
-0.352684
-0.436063
NA
0.0125068
0.0227706
-0.296048
-0.631084
-0.281882
0.0463719
-0.359155
-0.368944
NA
0.0391463
-0.144178
-0.927274
-0.140895
-0.313619
-0.354881
NA
-0.269592
NA
-0.0266379
-0.313252
0.0567954
0.0555829
-0.346433
NA
-0.885543
NA
0.0348901
-0.109432
-0.428761
-0.00441355
-0.280884
-1.01102
-0.199346
-0.0591814
NA
-0.72728
0.0623702
-0.241564
-0.140709
-0.0341203
-0.501576
-0.107374
NA
-0.619831
NA
0.0700315
NA
0.0784408
-0.389763
-0.496692
-0.413736
-0.286327
0.061062
-0.21023
0.0709999
-0.293748
-0.236785
-0.709427
-0.603207
0.0915447
-0.238501
NA
-0.946616
0.0928412
-0.461601
-0.865583
-0.42654
NA
NA
-0.541223
NA
NA
NA
-0.512257
-0.0263748
-0.194797
-0.340838
-0.308537
-0.288018
-0.362731
-0.518397
-0.234117
-0.210696
-0.783
-0.0415233
-0.331291
NA
-0.293302
-0.637286
NA
-0.106487
0.0643077
0.0222513
-0.723845
-0.0388917
-0.205877
-0.129014
-0.302989
-0.00614019
-0.168846
NA
-0.0380341
-0.135544
-0.468393
-0.085968
-0.159603
0.0817506
NA
-0.125728
NA
-0.488048
-0.346616
-0.0374102
-0.211582
NA
-0.0117295
-0.418726
-0.402737
-0.744669
-0.134423
-0.16008
-0.431282
-0.697486
-0.369459
NA
0.202037
-0.00560887
-0.0508031
-0.663587
-0.597609
-0.115024
0.0608998
-0.334632
-0.426338
-0.238686
-0.313175
-0.405128
NA
-0.411732
-0.342635
NA
-0.326192
-0.0473808
-0.0905156
NA
-0.630693
-0.261103
0.0257304
-0.0309853
-0.550511
-0.38588
-0.585904
-0.126657
-0.158237
-0.335648
0.0347253
-0.353266
-0.0311414
-0.400694
-0.0587979
-0.156286
-0.319429
0.0347368
0.0872258
NA
0.0158522
-0.521602
-0.257914
-0.0386969
-0.0829254
0.0527363
-0.0660705
-1.05656
-0.250589
NA
NA
-0.00547734
-0.50443
-0.300251
0.00748271
-0.580097
-0.258946
-0.147841
-0.172697
-0.232534
-0.185529
0.108284
NA
NA
-0.0626828
-0.0787643
-0.0914475
-0.178081
-0.0220344
-0.260723
-0.716175
-0.042783
-0.735968
-0.177594
-0.780595
-0.442921
0.0175212
-0.301933
-0.0314671
0.0680337
0.0832476
NA
-0.145945
-0.337887
-0.457821
-0.326645
-0.075916
NA
-0.331067
-0.460035
-0.441121
-0.232492
-0.165056
NA
NA
-0.0515377
-0.359563
-1.21717
-0.267356
-0.307957
-0.245209
-0.32878
-0.496141
-0.0309169
NA
-0.15609
0.0245451
0.0247254
-0.845122
-0.807805
-0.101076
-0.24439
-0.511163
-0.0712473
NA
-0.291239
-0.0730472
0.0246361
-0.153693
-0.25806
NA
-0.413012
NA
-0.122833
-0.0186164
0.0519003
-0.497782
-0.653193
NA
-0.106258
-0.1038
-1.1197
-0.106259
-0.401971
0.0412223
-0.2046
-0.467188
NA
-0.539356
-0.168763
-0.366981
-0.970997
-0.274709
-0.414891
-0.305486
0.391669
-0.758273
-0.324282
-0.162651
-0.0367606
0.0158939
NA
0.0153765
0.0630376
-0.151888
-0.420007
NA
-0.409594
0.0778926
-0.0598034
0.0361824
-0.268887
-0.141968
0.017488
NA
-0.392483
-0.870094
0.0613876
0.0966876
0.0771998
NA
-0.198549
NA
0.0786839
NA
0.0479338
-0.476905
-0.289237
-0.251643
-0.434502
0.0706671
0.0356005
-0.743831
NA
-1.26073
-0.0811483
-0.0431247
-0.37091
-0.238045
NA
-0.192828
NA
NA
NA
NA
-0.506955
-0.269647
0.243302
NA
0.0713102
-0.00301407
-0.125553
-0.0366839
NA
NA
-1.49
0.0136991
-0.40085
-0.572031
NA
-0.332785
-0.313845
0.837778
-0.362638
-0.152018
NA
-0.484553
-0.222672
NA
-0.589673
-0.301548
-0.57087
0.545857
-0.138843
-0.433429
0.081445
NA
-0.472642
-0.288634
NA
-0.291249
-0.619957
-0.123343
-0.635689
-0.2442
-0.570355
0.172402
-0.125254
-0.101754
-0.44138
-0.610864
-0.140265
-0.164378
-0.416961
0.0391404
-0.267649
0.0248483
-0.154869
-0.554149
-0.638314
0.0552073
-0.479848
-0.359132
-0.379279
-0.376769
NA
-0.530457
0.0566462
-0.19814
-0.125804
NA
-0.241079
-0.321465
-0.569866
-0.770552
-1.08234
0.0373718
-0.402945
-0.669278
-0.127407
-0.202517
0.115072
NA
-0.543042
-0.0555667
NA
-0.0631582
-1.00082
-0.203899
-0.177635
-0.798531
-0.142154
-0.401334
-0.115421
NA
-0.659638
-0.695109
NA
-0.203011
NA
-0.187556
-0.558705
-0.129152
-0.656424
-0.229745
NA
-0.433877
-0.557466
-0.543151
NA
NA
-0.480035
0.0498872
NA
0.0917956
0.075289
NA
-0.0500833
-0.284815
-0.196082
NA
-0.433738
-0.167478
-0.704707
NA
-0.642311
-0.239747
-0.49021
NA
-0.274444
NA
-0.984372
NA
-0.263651
-0.361971
0.0408367
-0.23958
NA
NA
-0.413002
-0.040024
-0.150403
-0.831896
-0.236527
-0.505868
-0.203044
0.00738263
0.016986
NA
-0.299592
-0.194998
-0.156716
-0.0441583
0.120885
-0.0177528
0.0117868
0.0143503
-0.683422
-0.800854
0.0158723
-0.208653
NA
-0.871718
-0.40723
-0.563795
-0.742667
NA
NA
NA
-0.798401
-0.0813301
-0.31587
0.0217307
NA
-0.163549
-0.676365
-0.275392
-0.351146
-0.233874
NA
-0.0708447
-0.0435221
-0.548372
-0.589483
-0.177732
-0.490828
-0.186169
0.0250234
-0.125411
-0.540964
-0.53083
-0.356427
-0.380312
0.0511624
-0.560357
-0.266365
-0.188883
0.109437
0.0581576
NA
-0.249821
-0.344994
-0.273305
-0.00408748
0.0682993
NA
-0.319713
-0.979509
-0.309038
-0.141498
-0.158823
-0.326201
-0.282202
NA
-0.75699
-0.384587
NA
-0.359401
-0.0500044
-0.766582
0.0266132
-0.88894
0.0219075
-0.740279
8.7131
-0.390574
NA
NA
-0.0489706
-0.666183
0.0576635
-0.410258
-0.286595
0.0874249
NA
-0.233194
0.00600434
-0.347434
-0.386541
-0.402817
-0.435016
-0.0985667
-0.365335
-0.0992765
-0.382933
NA
-0.383882
0.0288734
-0.453588
0.0158276
-0.733096
-0.0176978
-0.16839
NA
NA
NA
0.0379059
-0.469623
-0.50708
0.0801896
NA
-0.245657
-0.136544
-0.676794
-0.762732
-0.376609
NA
-0.346248
-0.0362205
-0.926993
-0.289264
0.0705657
-0.313904
-0.0234078
-0.310968
-0.0617529
-0.164499
0.0878821
-0.275664
-0.367353
-0.15477
-0.256139
0.0922855
NA
-0.0917117
0.0783326
-0.479134
NA
-0.785797
0.0240491
-0.604894
-0.442481
-0.260192
0.0159165
-0.526835
-0.14852
-0.117525
-0.245695
-0.591371
-0.0429392
0.0233214
-0.355342
-0.211946
-0.289678
-0.413732
NA
0.0923306
-0.242875
-0.476072
-0.325911
-0.0320277
0.224255
-0.628926
-0.287598
-0.497567
-0.00992905
-0.312483
-0.378057
-0.265308
-0.0735669
-0.772606
-0.13682
-0.184153
-0.153938
-0.648364
NA
NA
-0.354245
-0.460857
-0.0625274
-0.485278
NA
-0.932536
0.0329548
-0.642429
-0.303221
0.024027
-0.436795
NA
-0.231166
-0.311564
NA
NA
-0.353219
-0.351963
-0.00800265
-0.162013
-0.267105
-0.454145
-0.223522
-0.23449
-0.270549
-0.713568
-0.297023
-0.0393808
-0.684566
-0.171731
-0.0164956
NA
-0.273891
NA
-0.391269
-0.535531
-0.195174
-0.709916
-0.872742
0.0567085
-0.356378
-0.539638
-0.322529
-0.0518507
-0.320524
-0.197593
0.0620534
NA
0.155328
NA
-0.580578
-0.635724
NA
-0.124101
NA
-0.613263
-0.101513
-0.379066
-1.54276
NA
-0.487846
NA
0.0561139
-0.694708
-0.373255
NA
-0.343286
-0.296503
-0.441877
-0.184093
0.0264895
-0.0904714
-0.278603
-0.567956
NA
0.0155927
0.0696565
-0.480499
-0.632539
-0.266418
-0.518586
0.0290878
-0.668247
NA
-0.200854
-0.641144
0.0757681
-0.431176
-0.0499766
-0.640919
-0.627133
-0.68055
-0.466651
-0.0744024
-0.139925
NA
-0.29303
-0.278466
-0.079513
NA
0.0577
-0.58963
NA
-0.440476
0.00414767
-0.263288
-0.249704
-0.190845
-0.515415
-0.225611
-0.213418
-0.028555
-0.186023
-0.0385175
-0.446922
-0.158686
-0.114145
0.0547522
0.105877
-0.455567
-0.31418
-0.407998
0.014128
NA
NA
0.372687
-0.455922
-0.282481
-0.529528
0.0241881
-0.146681
0.0611444
-0.0665412
0.0701952
-0.0613689
-0.507015
-0.298028
-0.460583
-0.439744
-0.597656
-0.419536
-0.170664
NA
-0.0658659
-0.454558
-0.972545
0.0233483
-0.188844
NA
NA
NA
-0.105619
NA
-0.200322
-0.318139
-0.421421
-0.401211
-0.822695
NA
-0.287227
-0.285396
-0.239303
-0.311357
NA
0.0976084
-0.456292
-0.367396
-0.223433
NA
-0.59211
-0.0419973
-0.409626
-0.187335
-0.132051
-0.398899
-0.447385
-0.105587
-0.235906
-0.490925
0.00872511
-0.0532692
-0.327822
-0.258296
NA
-0.160727
NA
NA
-0.626376
NA
NA
-0.0244603
0.0153883
-0.612454
NA
-0.241443
-0.127603
-0.53166
-0.084011
-0.300821
-0.615551
0.0248291
-0.0383666
-0.0836192
NA
NA
-2.00584
-0.0770986
-0.49543
NA
-0.22799
-0.548947
-0.151253
-0.255949
-0.761114
-0.396028
-0.320275
-0.300215
-0.479043
0.0744972
-0.168635
0.0706766
0.324624
-0.491906
NA
NA
0.0729563
-0.317276
-0.210745
NA
-0.351624
-0.144141
-0.251683
-0.284565
-0.144912
-0.364925
-0.0781216
-0.469799
-0.370083
-0.502233
-0.342531
NA
-0.731979
-0.37576
-0.313343
-0.547964
-0.0695977
-0.356535
-0.0459654
NA
NA
-0.672198
-0.80151
-0.0708053
-0.160623
-0.443972
-0.482394
NA
-0.237041
-0.127133
0.0629648
-0.500841
-0.245126
-0.226986
-0.95013
-0.205009
-0.126811
-0.605598
-0.55242
-0.00656312
-0.855866
0.0167069
-0.198284
-0.421105
-0.0807928
-0.272781
-0.680007
NA
-0.304674
-0.207808
NA
-0.398731
-0.121489
-0.124609
0.0809214
NA
-0.368174
0.00921779
-0.26708
-0.0230345
-0.40958
-0.562679
-0.611113
-0.680106
0.0440801
0.0645952
-0.429611
-0.218383
-0.185198
-0.696994
NA
NA
0.0219667
-0.439296
-0.355829
-0.223404
-0.579081
-0.361483
-0.0542663
0.0595892
-0.154368
-0.703891
-0.0172447
-0.30706
-0.0159593
-0.368812
-0.105856
-0.482535
NA
0.236997
-0.238769
-0.139451
-0.322519
NA
NA
-0.324275
NA
NA
-0.598182
-0.317747
-0.72716
0.0219322
-0.0671655
-0.0908826
NA
-0.116419
0.0227072
-0.297151
-0.892048
-0.256593
-0.528948
-0.53346
NA
-0.294824
-0.378673
0.0761215
0.19706
-0.261989
-0.274212
-0.268278
-0.332839
NA
0.0157075
-0.534892
-0.228518
NA
-0.000377701
-0.141427
-0.303194
NA
-0.371384
0.0185267
NA
-0.106231
0.025796
-0.536789
-0.0113437
-0.192352
-0.0409544
-0.269419
NA
0.0204473
-0.0731486
-0.12305
-0.537156
-0.13865
0.189509
-0.505713
NA
NA
-0.139091
NA
-0.428525
-0.0583481
-0.299726
-0.125126
NA
-0.632677
-0.410773
-0.147594
-0.559698
-0.196664
NA
0.0195854
-0.0720143
-0.54025
3.56869
-0.307524
NA
-0.124225
-0.29169
-0.29765
NA
-0.375399
-0.297811
-0.0924992
0.020239
-0.437001
-0.149676
-0.518911
-0.0617419
-0.335325
-0.221597
-0.448542
NA
-0.233164
NA
NA
-0.802453
0.0550907
NA
-0.445363
-0.407917
-0.239157
0.0148235
-0.575981
NA
-0.267606
-0.581773
NA
-0.659527
-0.352663
NA
-0.225412
NA
-0.146056
-0.180072
-0.283844
0.0209976
0.0785735
-0.0533116
-0.300941
-0.139202
-0.0632565
0.159914
0.0851816
-0.300532
-0.211464
-1.15066
-0.0253433
-0.0517862
-0.518961
-0.509541
-0.27902
-0.00338797
-0.178948
0.00671892
-0.372802
-0.269619
-0.600443
NA
-0.609354
NA
NA
-0.0357241
-0.320717
-0.476152
0.0352779
-0.48617
-0.0199344
-0.212405
-0.0783385
-0.333371
-0.112509
-0.434349
0.0396487
NA
-0.679844
0.198846
-0.592076
-0.00284536
-0.282913
NA
-0.325053
-0.365442
0.118355
0.248163
-0.332942
-0.428609
-0.316247
0.0119441
-0.684129
NA
-0.459618
-0.319192
-0.889481
-0.286237
-0.274528
-0.430175
NA
-0.535655
NA
-0.865398
-0.71502
-0.255697
-0.705517
0.0808176
0.0106308
NA
-0.0728354
-0.196351
-0.359682
-0.188815
-0.55776
NA
NA
NA
-0.39561
-0.319368
-0.224319
-0.747139
-0.65231
-0.276442
-0.0923452
0.111808
-0.369194
0.0630577
-0.112112
-0.824048
-0.0685878
NA
NA
NA
0.0106269
-0.620833
0.066578
NA
-0.243015
NA
-0.195431
-0.209628
-0.406626
NA
-0.288077
NA
-0.45156
0.0236133
-0.119235
-0.698097
0.025857
NA
-0.123842
-0.482494
0.0248102
-0.360962
NA
-0.33442
-0.181578
-0.0982375
-0.6813
-0.419462
0.0193691
NA
NA
0.169971
-0.0198233
-0.627096
-0.223381
-0.389466
-0.629134
0.0452272
-0.102675
NA
-0.382358
0.0323617
-0.384905
0.0720753
-0.745451
NA
-0.246006
-0.327747
-0.443435
-0.102541
0.0707998
0.0221761
-0.0768015
-0.209892
-0.212422
-0.364917
-0.746543
0.0108721
-0.398659
0.0159354
NA
NA
-0.401489
-0.0702866
-0.0235988
NA
-0.0919661
-0.370155
-0.58067
NA
-0.402771
-0.086535
-0.319201
-0.359753
-0.0185953
-0.0877909
-0.0710314
NA
-0.543913
-0.099743
NA
NA
0.0255768
-0.348585
0.0506094
0.0239466
-0.396931
-0.3144
-0.812293
-0.0715803
-0.631981
-0.294216
-0.268255
-0.0472075
-0.118266
-0.421836
-0.765788
-0.364899
-0.028509
-0.171785
-0.0484771
-0.296259
NA
-0.191646
-0.056842
-0.221485
-0.765155
NA
0.0539569
0.354683
-0.326511
0.0715598
-0.505566
0.083914
-0.322112
-0.397069
0.121984
-0.595191
-0.00369063
0.0269
0.0539728
NA
-0.893188
0.0639312
-0.536512
-0.960361
-0.282783
NA
-0.122029
-0.223089
NA
0.0156512
NA
-0.40692
0.0122331
0.00783295
-0.0187843
NA
-0.378882
-0.192829
-0.149991
-0.278727
-0.404912
-0.531345
0.240309
-0.250892
-0.130574
-0.723296
-0.243932
-0.296626
-0.416864
-0.705631
NA
-0.493588
NA
-0.326381
-0.579194
NA
-0.205342
-0.67294
-0.166505
-0.380947
-0.238059
-0.121494
-0.436199
-0.410831
-0.0532
NA
-0.363933
NA
NA
NA
NA
-0.46416
NA
-1.08211
0.088798
NA
-0.240084
-0.495032
NA
NA
NA
-0.216424
-0.688312
-0.116981
NA
0.0297403
-0.525936
NA
NA
-0.304578
-0.0468416
-0.181243
NA
-0.129628
NA
-0.287056
-0.316127
NA
0.0250224
0.00486989
0.0864784
-0.764301
0.0510429
-0.0385068
-0.384311
-0.0374473
0.0580787
0.0232809
-0.700542
-0.167911
-0.431994
-0.591292
-0.348038
-0.145098
-0.0998468
-0.746019
-0.0949601
-0.473757
-0.225247
-0.40614
0.0470583
-0.557517
-0.187301
-0.860923
-0.208573
-0.115754
-0.474061
-0.407898
-0.0244667
-0.693669
-0.329161
-0.289773
-0.595847
0.0786954
-0.111625
-0.0494798
-0.330144
-0.648889
-0.219558
-0.00901294
NA
-0.353924
-0.388566
-0.284597
-0.138644
0.15641
-0.39028
-0.547528
-0.269159
0.0244122
-0.765875
NA
-0.0452515
0.0833527
0.0097957
-0.315088
NA
-0.456061
0.0561447
-0.402719
NA
-0.278663
0.137333
NA
-0.133367
-0.0501748
-0.211771
-0.428563
-0.218897
-0.752467
-0.155835
NA
-0.959475
NA
-0.970646
0.0186686
-0.813793
-0.0401339
NA
0.0701243
-0.349146
NA
-0.659605
0.0721962
NA
-0.284862
-0.0914936
0.0256958
0.00998646
-0.207781
-0.486354
-0.092022
-0.896591
-0.364268
-0.051081
-0.318243
-0.383039
-0.0485876
NA
-0.432891
-0.182932
-0.315935
-0.0162191
-0.00569007
-0.433844
-0.180366
0.0907169
0.138583
-0.182872
-0.700461
0.0888734
-0.580812
NA
-1.04596
-0.0351248
NA
-0.395312
-0.182409
-0.516708
-0.713372
0.438501
NA
-0.388835
-0.451519
-0.666059
-0.351029
-0.180063
-0.499913
-0.693333
-0.685073
-0.230769
-0.584778
-0.147965
0.0643581
-0.0447983
NA
-0.378961
NA
-0.244609
-0.722399
-0.508291
-0.516257
-0.106569
0.0297745
-0.266206
-0.630008
-0.631052
-0.675462
-0.66395
NA
NA
-0.513707
-0.37296
NA
NA
-0.0488714
-0.132401
-0.674356
-0.217083
-0.0489411
-0.46668
-0.218671
0.0154829
-0.168382
-0.325753
-0.24003
-0.384607
0.0402197
NA
-0.83103
-0.32408
-0.169816
NA
NA
-0.532863
NA
-0.191694
-0.195077
-0.293957
-0.514506
NA
-0.390419
-0.618244
-0.0291021
NA
-0.185525
0.00389225
-0.0635497
0.15542
NA
-0.291357
-0.285303
-0.377212
-0.0931419
-0.569761
-0.343782
-0.941568
-0.582947
-0.170907
-0.453072
-0.359684
-0.101378
-0.28919
-0.437344
-0.106624
-0.0205532
-0.567876
0.0133545
-0.100181
-0.870727
NA
-0.105188
-0.463344
-0.326027
-0.806217
-0.56789
NA
-0.681868
-0.167785
NA
-0.15428
-0.471107
-0.314398
-0.0236725
-0.199278
-0.775154
NA
-0.420986
-0.94731
-0.192633
0.081547
0.0575027
-0.370701
-0.117572
NA
0.0869009
0.0385312
NA
0.0540539
-0.34528
NA
NA
0.0159008
-0.200795
-0.192504
-0.86259
-0.447092
-0.563804
-0.433731
-0.585194
NA
-0.636705
0.0479887
0.0682807
-0.538862
-0.126956
0.00621851
-0.32446
-0.164169
-0.117201
NA
-0.33348
-0.618355
-0.374817
-0.50456
-0.598101
-0.233793
0.00478685
NA
-0.37196
-0.166808
0.0309107
-0.451578
0.00211072
-0.411246
-0.649648
NA
0.0045435
-0.0861897
-0.596134
NA
NA
-1.07959
-0.412069
-0.0066763
-0.276708
-0.531165
-0.504957
-0.729948
NA
-0.393793
0.0608906
NA
-0.182686
-0.150696
-0.000567228
-0.0919302
-0.105752
NA
-0.230483
-0.168054
-0.00487441
NA
-0.381567
-0.230611
-0.665333
NA
-0.127223
-0.61404
-0.981846
0.0473314
-0.637522
NA
NA
0.0200669
-0.361241
NA
NA
-0.668164
-0.236918
0.0688111
-0.239133
-0.292665
0.0672673
-0.181323
-0.410109
NA
-0.528334
-0.365576
-0.252441
-0.310326
-0.529278
-0.870028
-0.108287
0.058117
NA
-0.115483
-0.751408
-0.392563
-0.858589
0.00945906
-0.421316
-0.191797
NA
0.1055
-0.193974
-0.0793824
-0.454444
-0.418441
-0.608551
-0.258283
-0.40816
-0.292003
-0.103841
-0.450596
-0.586955
-0.250437
-0.461348
-0.855217
NA
NA
-0.00379755
-0.494047
-0.295594
-0.191283
-0.617555
-0.492724
NA
-0.298124
-5.74353
-0.167491
0.0156234
-0.147477
-0.955724
-0.129034
-0.474819
-0.274701
NA
0.0783668
-0.673413
NA
-0.298037
-0.442925
-0.208077
-0.543874
-0.644622
-0.895308
0.0972
NA
-0.506655
-0.668802
-0.295359
-0.777035
-1.0869
NA
-0.0899788
-0.0570401
-0.53929
-0.409105
-0.35114
-0.178475
-0.257045
-0.469318
-0.406432
-0.238143
-0.720271
-0.351037
-0.0263273
-0.733109
0.0163198
-0.847981
-0.500482
NA
-0.441418
0.058294
-0.0244693
-0.16194
-0.509982
-0.489486
-0.517384
-0.323288
-0.595063
NA
-0.491495
0.0211579
-0.606054
NA
-0.202877
0.424495
-0.352585
0.0926792
-0.751293
-0.0246889
NA
-0.280831
0.0750556
-0.101713
NA
0.996969
-0.0974531
-0.101094
0.0498616
-0.797112
-0.0672258
NA
-0.255374
-0.0233853
NA
0.212588
-0.628333
0.0497506
0.0150648
-0.828688
-0.163685
-0.0956841
-0.192949
NA
NA
-0.48901
-0.176457
-0.611846
-0.51622
-0.230069
-0.157908
NA
NA
-0.123607
-0.802116
-0.0779275
NA
NA
NA
NA
0.082723
-0.465315
0.0696031
-0.418577
-0.382206
-0.290426
NA
-0.293658
0.0498599
-0.480169
-0.0066709
NA
-0.595762
-0.263452
-0.743849
0.162835
0.0638058
0.0733057
0.18242
-0.358415
-0.614615
-0.0224147
0.0554631
-0.434203
-0.815935
-0.0363856
-0.84262
0.0580025
-0.2037
-0.241894
-0.0488337
-0.647854
NA
-0.134201
-0.320287
NA
-0.240167
-0.28262
-0.117474
-0.244522
-0.121745
-0.35331
-0.015896
-0.570234
0.0727356
-0.201086
0.0534067
-0.0125524
-0.137795
0.00948863
-0.271975
-0.550634
0.0107688
-0.0936753
-0.0760959
-0.424878
0.104797
-0.527423
-0.592125
-0.297415
NA
-0.159718
-0.542195
-0.377286
NA
-0.137478
-0.030102
NA
-0.693512
NA
NA
0.0153785
0.00686553
0.0576443
-0.0779379
NA
0.0687089
-0.0336794
-0.201976
-0.113016
0.0702715
NA
0.0994115
NA
-0.574632
0.00345849
NA
-0.632531
-0.240262
-0.308537
-0.303523
0.0663913
-0.54394
-3.25
-0.641201
-0.503618
-0.278946
-0.636401
0.0231209
-0.634698
-0.571083
-0.479062
-0.368909
-0.771489
-0.602205
0.0488833
-0.208369
-0.419332
NA
NA
NA
-0.371704
-0.142638
-0.512736
-0.33955
-0.386053
-0.323602
-0.0777209
-0.537964
0.0586226
-0.444816
-0.260406
-0.655586
-0.349305
0.0279609
-0.236444
-0.0795063
-0.0703771
-0.128502
-0.474199
-0.367098
0.0574989
-0.247466
NA
NA
-0.65592
NA
0.0507534
-0.275732
-0.17582
NA
NA
NA
-0.371289
-0.634436
0.0498266
-0.29594
-0.119655
-0.60894
-0.474463
-0.5096
-0.123289
-0.50812
-0.277338
-0.251035
NA
-0.524924
NA
0.0806887
-0.319079
NA
-0.140175
-0.16484
NA
-0.628702
-0.24497
-0.356601
NA
-0.150473
NA
-0.332737
-0.350429
-0.870624
NA
0.0550381
-0.440355
-0.0202096
0.0884868
-0.611349
0.643901
0.0677171
-0.648275
-0.183557
-0.115429
-0.496497
-0.44767
-0.522859
NA
-0.358923
NA
-0.0145279
-0.412439
-0.612341
0.0093087
-0.324768
-0.252034
-0.774854
-0.599259
-0.479019
0.0799537
-0.0293441
NA
-0.357581
-0.458627
-0.419635
0.0160701
0.118702
-0.469151
-0.0873149
-0.385646
-0.437532
-0.577122
-0.276367
-0.368429
-0.138669
-0.417148
-0.385782
0.0798665
-0.0811553
-0.501503
0.100901
-0.0157831
NA
-0.00534085
-0.177598
-0.293557
-0.452993
-0.49813
-0.327921
-0.246153
NA
-0.518912
-0.220721
-0.493526
-0.168046
-0.328979
NA
NA
-0.059966
-0.435306
-0.202815
NA
-0.210175
NA
-0.0560507
0.0265491
-0.365402
-0.0336683
NA
0.170006
-0.0586248
0.0388491
-0.570135
-0.266826
-0.547087
-0.261955
0.0274625
-0.262391
-0.264098
-0.227306
NA
-0.202251
NA
-0.700923
-0.368463
NA
0.0240244
0.024372
NA
-0.104444
-0.312742
-0.476398
-0.0990846
-0.486376
-0.311602
-0.0618977
-0.476049
0.079612
-0.2223
NA
NA
-0.305969
-0.389429
0.0678805
-0.837265
-0.651692
-0.709202
-0.212761
0.149147
0.0257954
0.013019
-0.658783
-0.204362
-0.415572
-0.0845518
-0.113844
-0.119762
-0.524724
-0.395179
-0.0563798
-0.0833933
0.156154
-0.533608
NA
-0.224675
0.0567566
-0.119228
-0.463687
-0.43247
-0.34693
-0.379926
0.0184967
-0.778979
NA
-0.460671
-0.79943
-0.223715
-0.460299
0.0636151
NA
-0.30867
0.29555
NA
-0.0555808
-0.191802
0.0957373
-0.100578
-0.0401509
-0.156161
-0.0599362
-0.492596
-0.162077
-0.116759
NA
-0.618341
0.0912963
-0.096287
0.252911
-0.426594
0.173235
-0.685122
-0.0907693
-0.537925
-0.179766
-0.167846
-0.413663
-0.665812
-0.227364
NA
-0.00182158
-0.26739
0.0524585
-0.113873
0.0153427
-0.189146
-0.415622
-0.336039
-0.164922
0.02433
0.0181124
NA
-0.466891
-0.330526
NA
-0.405802
-0.750114
-0.132204
-0.347763
-0.197787
-0.176613
-0.129108
0.0158346
0.0566981
0.0764683
-0.579481
-0.0828114
-0.574539
-0.509657
-0.365555
-0.330043
-0.157511
-0.847247
-0.342142
NA
NA
-0.527071
-0.110502
0.0569655
-0.499579
8.49913e-05
-0.00115765
NA
-0.411359
-0.799379
-0.402308
-0.546647
-0.313902
-0.159319
-0.767143
-0.104883
NA
0.022201
-0.299131
-0.2265
-0.115864
-0.242748
-0.874464
-0.337692
NA
-0.563576
NA
-0.398584
NA
-0.573122
-0.355231
-0.575722
-0.112636
-0.419865
-0.436723
NA
-0.405481
4.89211
NA
NA
NA
-0.314718
-0.345692
-0.732508
NA
NA
-0.256358
0.0612968
-0.386377
-0.325089
-0.53398
0.0155611
-0.374814
NA
-0.53879
0.0197008
0.0939456
-0.75524
-0.576729
NA
-0.261565
NA
-0.112112
0.0224952
NA
NA
0.04711
-0.441079
0.716338
-0.372735
-0.0108315
-0.139256
-0.534332
0.0180838
NA
-0.679714
0.0135298
-0.220617
-0.373995
NA
-0.469948
-0.349718
-0.50866
NA
-0.443466
-0.601599
0.0667608
-0.243663
0.0527929
-0.58803
-0.613412
-0.168958
-0.155273
-0.411868
-0.556706
-0.333881
-0.220034
-0.612374
0.041663
-0.22424
-0.217001
0.0672633
-0.348472
-0.960799
-0.769938
NA
NA
-0.417581
NA
-0.543964
NA
-0.353722
-0.616901
-0.0234236
-0.47904
-0.154735
-0.0404148
0.0204834
-0.311737
-0.276487
-0.500002
-0.437662
-0.477191
0.0114238
0.0560645
-0.493661
-0.0921937
0.0594595
-0.186713
-0.560233
-0.0695175
-0.650754
0.00213753
-0.425163
-0.304516
NA
-0.199015
-0.0242751
0.0387021
-0.372933
-0.428471
NA
0.0241463
-0.165989
-0.0298548
-0.509759
-0.324571
-0.890504
-0.0414334
-1.00503
-0.257868
-0.740635
-0.336239
-0.675368
-0.169319
-0.258212
-0.286543
-0.448163
-0.111141
-0.204145
-0.447929
NA
-0.0207373
NA
-0.215721
-0.394344
-0.29739
-0.422814
-0.00806618
-0.0957855
-0.579995
NA
-0.324623
-0.211614
-0.193535
-0.122879
0.0248019
NA
NA
-0.109419
NA
-0.615369
-0.694129
-0.302268
-0.332111
1.61762
0.064974
-0.620561
-0.653491
NA
0.0324681
-0.330873
-0.490562
-0.539351
-0.620835
-0.217837
-0.489187
-0.636199
-0.250463
-0.159153
-0.0791912
-0.660187
NA
-0.144788
NA
-0.435791
-0.427803
-0.105414
0.0693593
-0.798604
-0.682504
-0.409863
-0.327219
NA
-0.482625
-0.0865938
-0.0932679
-0.437505
NA
-0.372215
0.0611784
-0.691042
0.00209134
0.0111628
-0.18558
-0.122189
0.00273378
-0.635191
NA
NA
-0.70619
-0.0163576
-0.0323434
-0.156374
-0.161091
NA
NA
-2.16787
-0.672722
-0.0474423
NA
-0.493952
0.090233
-0.14201
0.0186456
-0.524672
-0.343145
-0.309613
-0.30649
-0.119629
-0.065499
-0.0472341
-0.163389
-0.0340222
NA
-0.00160535
0.0791385
-0.187892
-0.0122372
0.0804105
NA
-0.110148
-0.290439
NA
0.0373719
NA
-0.189174
-0.588668
-0.104472
NA
-0.437677
-0.741471
-0.392879
-0.583065
-0.163931
-0.174559
0.095373
-0.680932
-0.771491
-0.391347
-0.0316841
-0.283788
-0.16833
NA
0.0167775
-0.591634
NA
NA
-0.180904
-0.278393
-0.481719
0.0730354
0.00471993
NA
-0.410246
-0.110761
-0.295783
-0.702835
-0.216613
-0.30436
-0.398089
-0.633012
-0.0956721
-0.4478
-0.173998
0.0222995
-0.0693575
-0.102847
NA
-0.37978
0.0193019
-0.63452
NA
NA
-0.118711
0.0332893
-0.32623
-0.473053
0.0577335
-0.634811
-0.441101
-0.0794717
0.0187764
-0.412476
-0.382551
-0.412678
NA
-0.212068
-0.245738
-0.72754
-0.327818
-0.578266
NA
-0.256964
-0.122996
NA
NA
-0.448231
-0.115289
-0.517398
-0.106621
-0.233305
NA
NA
-0.165469
-0.386461
0.0787098
0.0456154
-0.579046
-0.63481
-0.430592
-0.139782
0.0945466
-0.57757
-0.662588
-0.399691
NA
NA
-0.610924
0.064888
NA
-0.350532
0.0930944
-0.0319692
-0.306789
-0.381047
-0.235562
-0.446711
NA
-0.243081
-0.599169
-0.290123
NA
-0.0214626
-0.218083
0.0611918
-0.439268
-0.95464
-0.344061
NA
-0.425618
-0.299632
0.158677
-0.0809734
0.102678
0.0674178
-0.913182
NA
-0.0170071
-0.161094
0.080848
-0.140916
-0.189459
0.230559
NA
0.0157114
NA
-0.682548
0.0516529
-0.0827991
0.0513678
-0.190915
-0.249113
0.0520419
-0.842039
0.0243426
-0.232815
-0.0452617
-0.32149
-0.22298
-0.370167
-0.0321406
-0.704737
-0.101357
-0.475491
-0.475132
-0.388251
-0.199402
-0.368769
-0.569337
0.0556027
-0.089342
-0.0921838
NA
-0.685118
NA
-0.42955
-0.31152
NA
-0.349727
0.0161136
-0.0620039
NA
-0.308369
-0.285757
-0.230023
-0.28006
-0.407653
-0.0277519
NA
-0.262242
-0.133838
-0.586076
-0.16807
NA
-0.12548
-0.666959
-0.265142
-0.252018
-0.547595
NA
0.0927213
-0.34627
-0.632803
-0.759739
NA
0.017461
-0.373422
-0.509781
0.0149214
-0.475012
-0.403569
-0.0199128
-0.875124
0.0563429
-0.740318
-0.127923
NA
-0.627049
-0.0673239
-0.269839
-0.266876
-0.817723
-0.72018
0.0237194
NA
NA
-0.411701
-0.421783
NA
-0.712791
-0.484371
-0.669965
0.0159055
-0.570736
-0.338337
-0.0784526
NA
-0.30105
-0.109711
-0.354324
-0.459158
-0.514561
-0.949415
-0.409483
-0.13234
-0.611555
-0.428442
0.0360797
-0.223428
NA
-0.49735
-0.132826
-0.398345
0.010585
0.0216566
NA
NA
NA
-0.386045
NA
0.0218973
-0.0592704
-0.480934
-0.361134
-0.247776
0.0537495
-0.352781
-0.498701
-0.475025
0.0429103
NA
-0.398119
NA
0.0840929
-0.276296
-0.373141
NA
NA
-0.516574
-0.254642
-0.253275
NA
-0.27969
-0.434401
-0.327588
-0.308208
-0.162917
0.0227952
-0.221486
0.0257031
NA
-0.527749
-0.600362
NA
-0.120495
-0.124428
-0.10738
-0.298447
-0.812568
0.0054322
-0.219986
-0.250187
-0.537734
0.0645271
-0.613097
-6.60825
NA
-0.243196
-0.87808
-0.110437
-0.420003
-0.293521
-0.456233
NA
NA
-0.136238
NA
-0.00720586
-0.639914
-0.791913
-0.286802
-0.846455
0.0245038
0.0743537
-0.517715
-0.278648
-0.00735539
-0.182399
-0.1117
-0.121777
-0.183553
NA
0.036627
-0.257365
NA
-0.531812
-0.261343
0.0110347
0.0865114
NA
-0.330211
-0.423342
-0.407912
-0.617044
-0.399773
-0.351539
NA
-0.169824
0.0402554
-0.098297
0.0759875
-0.350663
0.031899
-0.350613
-0.581517
0.119882
-0.364931
-0.342136
-0.123485
0.0222871
NA
-0.72217
-0.578753
NA
-0.0329
-0.371391
NA
-0.155241
-0.348023
-0.211342
-6.64679
-0.378202
-0.0563154
-0.816356
5.89729
-0.622029
-0.212271
-0.563803
0.165256
-0.544069
-0.217935
-0.153537
NA
0.0529251
-0.00828501
-0.0449189
-0.0494361
-0.488623
-0.128211
-0.263444
NA
-0.279653
-0.0179014
-0.633243
-0.419982
0.0640305
-0.718444
-0.480451
-0.0989887
-0.374667
-0.462631
-0.194607
NA
-0.358257
-0.34096
-0.201391
-0.481422
-0.00509181
-0.0337113
0.0514186
NA
0.0335569
-0.318712
-0.295066
NA
NA
NA
-0.32505
-0.0845533
-1.00195
-0.345035
-0.339019
-0.334576
-0.148637
-0.323748
-0.241122
0.0714046
-0.360126
NA
NA
NA
NA
NA
NA
-0.0903755
-0.236283
-0.791324
-0.455905
-0.573266
-0.833198
-0.557982
-0.406147
-0.933383
0.163974
-0.0589154
-0.102724
-0.236395
-0.495375
-0.0764422
-0.215458
-0.163036
-0.0621093
0.0158693
-0.566121
-0.62035
NA
-0.300148
-0.0497203
NA
NA
NA
-0.0554596
-0.160576
NA
-0.168361
0.00738439
-0.0819866
-0.285413
-0.204318
0.0738475
NA
-0.365052
-0.332372
0.0741581
-0.300101
-0.711401
NA
-0.160409
-0.132454
0.0762066
-0.277202
NA
-0.178145
-0.364453
-0.213661
-0.0416721
-0.618787
NA
-0.193357
0.0803692
-0.216452
-0.424259
-0.0769357
-0.751326
0.123732
-0.12668
0.0723921
-0.91124
-0.469164
-0.351799
-0.186578
-0.241326
-0.263936
0.0621283
-0.389432
NA
-0.984788
-0.249391
-0.433883
-0.142604
NA
-0.699544
-0.198461
0.0181481
-0.353357
-0.130509
-1.08839
-0.464314
0.0956222
-0.0685456
-0.560598
-0.0344389
-0.840881
NA
-0.343282
-0.69106
-0.519329
0.0151589
-0.461766
NA
-0.419378
-0.238395
-0.0335242
