-0.0275179
-0.627291
NA
-0.106379
-0.521676
-0.391311
-0.370416
-0.23582
NA
-0.399617
-0.304813
NA
-0.369624
-0.893589
NA
-0.386441
-0.382953
-0.040131
NA
-0.497971
-0.321872
-0.0561275
-0.204087
-0.0546322
0.0545842
0.0269879
0.0225291
-0.381171
NA
-0.281898
-0.454026
-0.573071
-0.0724377
-0.00982722
-0.372843
-0.101341
-0.3561
-0.378927
0.0622399
NA
-0.252441
-0.297682
-0.00325416
-0.30594
NA
NA
-0.988327
-0.330299
-0.462128
-0.0954245
-0.174017
-0.232786
0.037428
NA
-0.363599
-0.0193799
-0.388269
-0.453323
-0.4386
NA
-0.0411182
0.190449
-0.259078
-0.359966
-0.279661
-0.385079
-0.274399
-0.427506
0.05453
-0.52795
0.00791999
-0.339471
-0.340851
-0.42091
NA
-0.549016
-0.253508
-0.73129
0.0574364
NA
-0.12084
NA
NA
-0.160284
-0.592275
-0.258162
-0.301878
-0.126958
-0.421298
-0.317556
0.0751802
-0.452776
-0.485787
-1.11922
-0.254494
-0.525476
NA
-0.0458632
-0.499648
-0.185868
-0.504777
-0.0343789
-0.0183025
-0.411749
-0.250784
NA
NA
-0.106193
-0.0552417
-0.244651
NA
-0.437049
-0.164658
0.095347
-0.605532
0.0336402
-0.637114
-0.391785
-3.57961
NA
NA
0.0235809
-0.424292
-0.17131
-0.0217615
-0.321819
-0.155674
-0.240956
NA
0.104198
NA
-0.31604
-0.43882
NA
NA
-0.481479
0.0646444
NA
NA
-0.0129047
-0.164392
NA
-0.493823
NA
-0.45519
0.0604756
0.0150225
-0.487727
-0.515253
-0.00562228
0.0719652
-0.318392
-0.0777592
-0.451404
-0.147419
-0.356124
0.0508911
-0.187806
-0.978429
-0.303571
-0.771499
-0.160595
NA
-0.397138
NA
0.0630698
-0.572671
-0.412775
0.0682559
NA
-0.205399
-0.152105
0.0654754
-0.0645652
-0.420992
-0.00466255
NA
-0.51833
0.145011
-0.340552
NA
-0.150391
-0.0942342
-0.340456
NA
-0.463567
-0.574396
-0.32536
-0.410173
-0.0391833
-0.142477
-0.468546
-0.491191
0.0837098
0.10625
-0.39561
-0.282749
0.0124636
NA
NA
NA
-0.655606
NA
-0.194256
-0.525744
-0.264916
-0.179603
-0.214545
-0.168536
-0.322552
NA
0.0282878
-0.0824961
-0.370853
-0.045503
-0.119491
-0.0943261
0.0889724
NA
-0.099575
0.0412631
0.0145172
-0.733359
-0.748953
0.0196723
0.00714703
0.0676661
-0.376247
-0.25001
NA
-0.129813
-0.786959
-0.19331
-0.245382
0.0637174
-0.653231
-0.569713
-1.57756
NA
-0.542096
-0.0820106
-0.214047
-0.397711
-0.434407
0.0686409
-0.276821
-0.410386
NA
-0.187091
NA
0.00261391
-0.243414
-0.276519
NA
-0.8051
NA
-0.325422
-0.0363728
-0.325907
-0.391404
NA
-0.0232875
-0.444299
-0.489398
-0.146926
NA
0.0241505
-0.0396968
-0.0910705
0.313568
-0.534557
-0.233294
-0.209111
-0.494306
-0.251596
-0.372209
-0.758068
-1.03265
0.0242689
0.0108347
-0.415147
-0.0981825
-0.457386
-0.560808
-0.463044
-0.366443
-0.083305
0.0821033
-0.0729999
0.0320424
-0.46522
-0.371284
-0.651107
-0.459721
-0.39313
-0.658702
-0.656522
NA
-0.584838
-0.127154
-0.0384675
-1.08575
-0.00769964
-0.189407
-0.213409
-0.473555
-0.152809
-0.471821
-0.105187
0.0536618
NA
NA
-0.142485
-0.276772
-0.356856
-0.303433
-0.191823
NA
-0.32863
-0.702977
NA
-0.254817
-0.465623
-0.824884
0.0418341
-0.129328
NA
-0.284183
0.0810476
-0.211311
-0.697024
-0.0192808
-0.450491
-0.425012
0.0159952
NA
-4.49526
NA
-0.640516
-0.111943
-0.716847
0.0217914
-0.508327
-0.716295
-0.238924
-0.400314
-0.649135
-0.11028
-0.342533
-0.939253
-1.16821
-0.144647
-0.716914
-0.187448
-0.00564532
-0.447531
-0.462675
-0.247675
-0.214497
-0.726145
-0.534271
-0.0676978
NA
-0.380275
-0.356618
-0.567695
-0.222174
0.0256421
-0.130925
-0.353795
-0.798672
NA
NA
NA
-0.282455
-0.600208
-0.394419
-0.547306
-0.050037
-0.57804
NA
-0.0273973
-0.361341
NA
-0.0816292
NA
-0.638336
0.30034
0.11633
0.0800848
-0.478704
-0.194712
-0.424251
-0.620582
0.0569967
NA
NA
-0.695605
-0.3411
-0.146382
-0.323841
-0.601648
NA
-0.260087
NA
-0.445952
NA
NA
-0.608322
-0.244857
-0.281351
-0.892391
-0.216408
NA
-0.583689
-0.225045
NA
-0.665563
-0.515518
-0.391022
-0.570705
-0.20491
-0.043298
-0.35892
-0.0821899
-0.487958
-0.333525
-0.226096
-0.0298626
-0.558435
-0.457462
0.0262314
-0.267444
0.727645
-0.800712
NA
0.101725
-0.454146
NA
-0.0387841
-0.479376
-0.25296
-0.332962
-0.282906
-0.274052
-0.386788
NA
-0.17588
-0.499214
NA
-0.35907
-0.879729
-0.733539
-0.109133
-0.344693
-0.0447071
0.0250231
-0.499633
NA
-0.486647
-0.0248005
0.770168
-0.363754
NA
-0.26443
NA
-0.485427
NA
-0.90924
0.0484871
-0.347704
0.164466
-0.933536
-0.346325
NA
0.0533689
-0.398859
-0.29484
-0.347218
NA
-0.350624
-0.142078
-0.65878
NA
-0.135402
-0.573991
-0.663162
NA
-0.681277
NA
0.0676913
-0.272484
0.0251784
0.0516428
2.99365
-0.460401
NA
-0.417122
-0.599535
NA
-0.303018
0.0905457
-1.32006
-0.228782
-0.363617
-0.166252
-0.204072
-0.495309
-0.443958
-0.480269
NA
-0.584272
NA
-0.231049
NA
0.0528941
-0.326938
-0.0635177
-0.578065
NA
0.21797
-0.39433
-0.356843
NA
0.0216942
0.0855141
-0.703947
0.092437
-0.514571
-0.827748
-0.543975
0.0922342
-0.676434
-0.571831
NA
NA
0.0400996
-0.288663
-0.0175584
-0.208635
-2.97796
-0.114229
-0.595191
0.0156093
0.0503508
-0.204815
-0.281413
-0.119557
-0.0702992
-0.361579
-0.556
-0.549336
-0.387667
-0.663107
-0.315898
-0.0680295
NA
-0.38512
0.0181759
NA
NA
-0.55333
-0.33638
-0.614082
-0.255333
0.0146159
-0.250074
NA
-0.375148
0.0596338
-0.300563
-0.692827
NA
-0.196121
0.0248249
-0.297879
NA
-0.129641
-0.67218
0.0457151
-0.0941034
-0.3143
-0.140851
-0.150764
0.100972
-0.731721
0.0396046
-0.173339
-0.122533
0.0149387
-0.296057
-0.269868
-0.511659
-0.0443503
-0.510405
0.018243
-0.715348
-0.359743
-0.251419
-0.372739
-0.0177369
0.00820716
NA
-0.399299
0.0724548
-0.155231
-0.09997
-0.739738
-0.324742
0.0672597
NA
-0.877441
-0.345532
-0.649116
-0.053411
NA
-0.589958
0.0616164
0.0255908
NA
-0.608728
-0.0722576
0.00716909
0.511495
NA
-0.595325
0.0624842
0.0615533
-0.426074
-0.294121
-0.412693
NA
-0.377784
-0.375314
NA
-0.324147
-0.221481
NA
NA
-0.485333
-0.0646272
NA
-0.0253214
-0.103249
-0.402832
-0.179702
-0.570182
-0.528412
-0.471832
NA
-0.179494
0.0366686
-0.329154
-3.67349
0.0768552
0.0537169
NA
0.0159881
-0.271733
-0.496773
-0.0122544
-0.288693
-0.343512
NA
-0.343613
NA
-0.122075
-0.33308
-0.129599
-0.414047
-0.315978
-0.340828
-0.3571
-0.698762
-0.145326
-0.180914
-0.0736382
-0.357698
NA
-0.144138
-0.544521
0.0571236
-0.185236
-0.494069
-0.372638
0.0913172
NA
-0.0436454
-0.294362
-0.603182
NA
0.30304
-0.0404931
-0.651678
-0.342756
0.15204
-0.497724
-0.381186
-0.289533
-0.297592
-1.22854
0.0677147
-0.993552
-0.201939
0.0580791
-0.466486
-0.465446
-0.284235
0.0513487
-0.215641
-0.76001
NA
NA
-0.166862
-0.158669
-0.416162
-0.369524
0.0503367
NA
-0.403538
-0.00572032
-0.0347946
-0.134646
0.0451089
-0.460929
NA
0.0342344
-0.652529
-0.14433
0.0108996
-0.347198
-0.24599
-0.189414
-0.634959
0.0458366
-0.299172
0.123318
-0.0751307
-0.568327
-0.391306
-0.0870244
NA
0.038646
-0.423474
NA
-0.113898
-0.221003
-0.279842
-0.47509
-0.412501
-0.309251
-0.318193
NA
0.0389164
-0.845003
NA
-0.487316
NA
-0.114515
-0.531837
-0.425821
0.0346163
NA
-0.342165
-0.541862
0.0274874
-0.133101
-0.0130451
NA
-0.245578
-0.290577
NA
-0.202382
-0.881243
0.0250241
NA
-0.401843
-0.199306
-0.151669
-0.275131
-0.886984
-0.355868
-0.54642
-0.855541
-0.233848
NA
0.0174662
-0.220171
-0.292038
-0.0974957
-0.140304
0.079448
NA
-0.484605
-0.371896
NA
-0.151703
-0.215711
NA
-0.154797
-0.111166
NA
-0.131352
0.0319206
-0.464787
0.0248175
NA
NA
-0.322012
-0.137738
-0.638889
-0.304894
-0.560435
-0.150977
0.0714526
-0.445334
0.0576526
-0.178857
-0.346782
-0.0594594
-0.182446
-0.0230306
-0.372872
NA
0.0762799
-0.367456
NA
-0.386315
-0.127413
-0.0974597
NA
-0.202156
-0.059952
-0.597449
-0.85621
-0.247994
-0.200995
NA
-0.297243
-0.471585
-0.375301
-0.183537
NA
-0.397029
-1.1691
-0.240043
0.00371461
-0.428708
-0.52299
-0.378754
0.0711688
-0.0736061
-0.0602794
-0.262139
0.00978471
-0.883539
NA
-0.165296
-0.21418
-0.187075
0.0332148
-0.564044
-0.333132
-0.595041
-4.7365
-0.383406
-0.751997
-0.167417
-0.40359
0.0940401
-0.343468
-0.428322
-0.569951
-0.674056
NA
NA
-0.0598457
NA
0.00433378
-0.330717
0.000298346
-0.353086
-0.33314
0.0852556
NA
-0.168619
-0.0138888
0.011345
NA
-0.0386664
0.0726231
-0.380969
-0.254878
-0.272397
-0.698572
NA
-0.488142
-0.63704
0.0709203
-0.598392
0.846
-0.447516
0.0576376
-1.0363
-0.302576
-0.109214
-0.0824537
-0.205745
NA
-0.432605
-0.363934
-0.00513249
-0.352306
-0.346089
NA
-0.128682
-0.105718
NA
-0.484221
-0.597866
NA
-0.221938
0.0820832
-0.314707
NA
-0.129921
-0.172738
-0.218062
-0.0393092
NA
0.0158673
-0.899186
NA
-0.34306
-0.152397
-0.0720037
-0.415966
-0.293328
-0.30078
-0.283063
NA
-0.229035
-0.229302
NA
NA
-0.31001
-0.26419
-0.142857
-0.415478
-0.471187
-0.214949
0.0249862
-0.624142
NA
NA
0.0749026
-0.399396
-0.386447
-0.0377632
0.060691
-0.0220022
-0.204858
-0.560883
-0.296301
-0.897148
-0.324788
-0.0145282
-0.959224
-0.467307
0.0312861
-0.379142
-0.880877
-0.393484
-0.449628
NA
-0.323072
-0.539731
-0.196856
NA
-0.511155
-0.151605
0.0730528
-0.00751317
-0.216301
0.00662027
-1.1039
-0.236362
0.0585805
-0.201503
-0.391785
-0.353833
NA
-0.617467
-0.760373
-0.0341223
NA
NA
-0.893238
-0.662475
0.0862219
-0.331096
-0.186618
0.0447194
-0.204316
0.187065
-0.032104
0.184588
-0.374782
NA
NA
-0.11785
-0.710234
0.0501077
-0.206712
-0.0441195
-0.0382829
-0.0151494
-0.278659
-0.634305
-0.462187
-0.242484
-0.322533
-0.295068
-0.19401
-0.538899
-0.493625
-0.132559
NA
-0.370951
-0.169576
NA
-0.0298571
NA
NA
NA
NA
-0.0548496
-0.493479
-0.278971
0.0825811
-0.226808
NA
-0.202808
-0.571873
-0.484931
-0.212416
0.181803
-0.478415
-0.73416
-0.656527
-0.364392
-0.385444
-0.647256
-0.148346
-0.206082
-0.210129
NA
-0.344524
-0.283569
-0.642134
NA
-0.529039
-0.36413
0.0482208
-0.630341
NA
-0.0407284
-0.73579
-0.389391
-0.565087
-1.07878
-0.397278
0.185368
-0.0511768
-0.329522
-0.335669
-0.520704
-0.431505
0.0420737
-0.758133
-0.167111
-0.100396
0.0724084
-0.596102
-0.546024
-0.635055
-0.440614
0.0220242
-0.416843
NA
-0.425302
0.0389677
NA
0.0645708
-0.557802
-0.413732
-0.15675
-0.172328
NA
-0.0724695
NA
-0.171876
-0.16001
NA
NA
NA
NA
-0.587321
-0.323614
-0.373864
NA
-0.162278
-0.197643
0.0238395
-0.408881
-0.3754
NA
-0.646893
-0.548721
0.0537301
-0.233737
-0.10261
-0.281792
-0.505995
0.121575
-0.154066
-0.165065
-0.182799
-0.388313
-0.374762
-0.266194
-0.416287
-0.0646318
-0.246912
-0.249068
-0.294716
0.099054
-0.0883334
-0.103999
-0.406152
-0.598526
-0.525941
-0.604983
-0.645582
-0.448729
-0.321076
NA
-1.68738
-0.701249
NA
-0.0155997
NA
0.0258645
-0.365194
-0.00286821
-0.503104
-0.564536
-0.141637
-0.37696
0.10418
-0.60075
-0.630997
NA
NA
0.0602571
0.0343923
-0.255698
-0.685758
-0.123822
-0.323197
0.0374062
NA
0.0983106
0.0421155
-0.0717227
-0.155552
-0.0341563
0.0750952
0.0606009
-0.0726777
-0.130286
-0.148265
0.0546446
-0.659793
0.00257741
-0.194325
NA
-0.156095
NA
NA
-0.572698
-0.186351
-0.758396
-0.195394
-0.794739
-0.427851
-0.289053
-0.723828
-0.874472
-0.506084
-0.297063
-0.355019
-0.368331
-0.312962
NA
-0.520947
-0.431449
NA
NA
NA
-0.320749
NA
0.0705906
-1.06942
-0.321535
-0.359194
NA
-0.2065
-0.267612
-0.317122
NA
-0.239088
NA
0.147903
-0.600575
0.00371509
-0.692631
-0.328335
NA
-0.392514
-0.311939
-0.241909
NA
NA
-0.162507
-0.211038
0.131372
NA
-0.521635
NA
-0.514201
0.0660722
-0.3126
-0.334149
-0.152355
-0.426916
0.0202828
-0.168978
NA
NA
-0.464975
-0.58874
-0.183286
0.0265746
-0.128269
-0.766642
-0.391185
-0.119406
-0.548333
-0.226468
NA
-0.548474
0.0482724
-0.678251
-0.0148931
-0.416577
-0.492791
NA
-0.306742
NA
-0.666205
-0.25922
-0.340536
-0.335314
NA
-0.51148
-0.23658
-0.171859
NA
NA
-0.190367
-0.194652
-0.272005
-0.682269
-0.053959
-0.13105
-0.236685
NA
-0.558693
-0.496546
-0.840341
-0.80122
-0.541497
-0.439755
-0.338421
-0.562929
-0.399226
-0.400295
NA
-0.649346
-0.470124
-0.543771
-0.027763
-0.688428
0.00480869
NA
NA
-0.403236
-0.188743
NA
-0.581295
NA
-0.334774
0.034021
-0.235287
-0.0248897
-0.298327
NA
-0.516851
-0.317236
-0.60748
-0.0665506
-0.0248935
-0.641178
-0.624336
-0.553805
-0.00591661
-0.368164
NA
-0.405915
-0.214212
-0.34224
-0.366036
0.100063
-0.294371
NA
NA
-0.0464357
-0.273232
-0.228294
-0.106078
-0.170142
-0.0970345
-0.58191
NA
-0.455655
-0.199734
-0.386301
-0.638949
0.0458661
-0.392149
-0.0207582
-0.153635
-0.044131
NA
-0.00871307
NA
-0.117173
-0.0858655
-0.334147
NA
0.0254613
-0.22364
-0.207514
0.0454
0.0154274
-0.538949
0.0144702
-0.0846354
-0.326812
0.0110195
-1.39178
NA
0.00242148
-0.0284911
NA
0.025804
-0.366
-0.179613
-0.486468
NA
-0.478879
-0.437577
-0.374624
-0.892499
-0.268365
NA
NA
-0.24941
-0.363321
-0.250919
-0.320663
0.0225853
-0.385464
-0.636405
-0.461397
-0.81327
-0.18621
-0.398818
-0.503255
NA
NA
4.78006
-0.429739
-0.10501
-0.259568
-0.626696
-0.0785272
-0.32229
-0.433028
-0.560768
0.00720121
-0.204586
0.0164
-0.442425
NA
-1.28538
-0.172342
-0.0485626
-0.285131
-0.0534858
-0.551828
-0.360588
-0.722868
0.0753923
-0.361784
-0.541733
-0.19532
NA
-0.0695815
-0.26588
-0.475097
-0.259823
-0.345469
NA
-0.833072
-0.515434
-0.152514
-0.0764098
0.103196
-1.00542
-0.162388
-0.178142
-0.491132
NA
-0.327931
-0.0793885
-0.227286
-0.490507
-0.406855
-0.458244
NA
-0.517182
0.0154843
NA
-0.59194
-0.466287
-0.0858466
-0.291976
-0.0336962
-0.229891
NA
NA
-0.250045
-0.157468
-0.439087
-0.605503
-0.374793
-0.757091
-0.231515
NA
-0.377207
-0.336255
-0.179607
NA
-0.197302
-0.200807
-0.125136
NA
NA
-0.00991073
-0.453415
0.0225737
-1.08973
-0.434589
-0.477574
0.0920161
0.0663067
-0.582091
-0.321741
NA
0.0432286
0.0156781
0.0611054
-0.328434
-0.0384319
-0.390918
-0.400823
-0.600433
-0.391198
-0.23325
-0.092788
-0.53358
-0.44666
NA
0.025286
0.0161104
-0.389336
NA
-0.0665579
0.0238485
-0.568937
-0.463085
-0.0693424
-0.369708
0.00297876
-0.150833
-0.539101
-0.264283
NA
-0.136785
NA
-0.199145
-0.47446
0.0158915
-0.502044
-0.351167
-0.0726633
-0.864313
-0.297033
-0.529954
-0.295005
NA
-0.143104
-0.0907686
-0.56433
-0.212256
NA
-0.316756
-0.384604
-0.230943
-0.566931
-0.28025
0.0155806
-0.415923
-0.747294
-0.346275
NA
-0.270917
-0.691198
-0.229994
-0.693348
NA
0.121421
-0.340115
-0.519743
-0.0651589
-0.306018
-0.166628
-0.0634687
-1.64108
-0.0314514
-0.338063
-0.273371
-0.322043
-0.152444
-0.59202
NA
-0.212141
-0.647571
-0.244754
-0.389908
-0.121153
0.0798935
-0.489216
0.101712
0.0252814
-0.478867
0.116476
-0.585941
-0.67873
-0.658132
NA
-0.12719
-0.744285
0.0158282
NA
-0.166621
NA
NA
-0.321273
NA
-0.20162
0.0572377
NA
NA
-0.264863
NA
-0.520936
-0.107898
0.0711481
-0.317362
0.0219742
-0.533264
-0.0146557
NA
NA
-0.977756
-0.113424
0.0243633
-0.119168
-0.0478853
0.000165298
-0.495947
-0.109206
-0.400736
-0.236912
0.0249988
-0.132407
NA
-0.255682
-0.0798237
NA
-0.203328
-0.421421
-0.879645
NA
0.113122
NA
-0.745554
-0.466327
-0.197979
-0.823247
NA
-0.429313
NA
-0.170683
-0.205235
-0.308575
-0.23886
-0.560645
-0.0234495
NA
-0.109454
-0.0825356
0.015644
-0.293193
-0.351812
-0.10644
-0.900337
-0.0752189
0.0714449
-0.00362345
NA
-0.229233
-0.142701
-0.216922
NA
NA
-0.112721
0.0532958
-3.52299
-4.57043
NA
NA
-0.392857
-0.0472867
0.0643886
-0.53997
-0.0377599
-0.20696
-0.689848
0.047561
-0.00279103
-0.267699
0.0160569
NA
-0.456224
NA
0.065098
-0.182601
-0.290527
-0.507889
-0.139561
-0.163112
0.0791654
-0.380177
-0.842692
NA
-0.0537986
0.167744
NA
-0.455855
0.0646148
0.0430498
-0.47263
-0.15089
-0.712721
NA
NA
NA
-0.539663
-0.111633
-0.0805949
NA
0.04058
-0.402292
-0.667
NA
-0.259141
-0.779266
-0.510029
NA
-0.194208
-0.0160759
-0.255136
-0.116671
NA
-0.365777
-0.50321
0.0265809
-0.409991
-0.12283
-0.156385
-0.430148
-0.122128
-0.817659
-0.551562
-0.547414
0.0360419
NA
-0.460385
0.0231893
-0.00992311
-0.577224
-0.222305
0.0701378
NA
-0.432421
-0.451968
-0.362568
-0.430602
-0.16099
-0.0799883
-0.135753
-0.491416
-0.0633567
-0.320719
-0.109792
-0.138572
-0.565688
-0.0649378
-0.196375
-0.0309538
-0.171193
0.078537
NA
-0.829029
0.0414803
0.0643133
-0.567128
-0.0053443
-0.631244
-0.380152
NA
-0.51465
NA
-0.487298
-0.364574
-0.418821
-0.0627024
-0.318205
NA
-0.404813
NA
NA
-0.439247
-0.318666
-0.112365
-0.0443872
NA
-0.562032
NA
0.0675952
-0.50517
0.0665218
-0.000298734
-0.435301
0.0786436
-0.449996
-0.145188
-0.143432
NA
NA
-1.19274
-0.146767
-0.42184
-0.394145
-0.149618
0.022791
-0.168049
-0.544324
-0.0232481
NA
-0.15713
NA
-0.343672
-0.258214
0.0240917
NA
-0.127916
NA
-0.316666
NA
-0.642259
-0.100746
-0.675796
-0.0290319
0.0155224
-0.010199
NA
NA
-0.141238
-0.838004
-0.451162
NA
-0.345192
NA
-0.704065
-0.250403
-0.282021
-1.05472
-0.539783
-0.255174
-0.328666
-0.669085
-0.00446507
-0.101987
-0.146312
-0.543373
-0.351761
0.329432
NA
-0.199951
NA
-0.679512
-0.109088
-0.972458
-0.693483
-0.337004
0.0474993
0.143991
-0.271118
-0.352258
-0.095099
-0.366098
-0.574682
0.0152209
-0.10052
-0.455399
0.238647
-0.525898
-0.643069
-0.193156
-0.475784
-0.322588
-0.698376
0.0468191
-0.315536
0.0510742
-0.228895
NA
0.0583727
-0.940547
-0.0162407
-0.296037
-0.247046
-0.320462
-0.0702629
-0.167281
0.00223055
-0.673749
NA
-0.443986
-0.368092
-0.89439
-0.089141
NA
NA
-0.472015
-0.0974313
-0.574591
-0.896169
NA
NA
-0.446488
-0.0281939
0.0239153
-0.0142686
-0.301834
-0.230227
-0.580269
0.0765165
-0.163376
-0.496537
-0.57831
0.0948608
-0.034668
-0.398897
NA
-0.792554
0.0140827
-0.425876
NA
-0.113483
-0.214816
NA
NA
NA
-0.317735
-0.0560519
-0.506625
-0.313013
-0.616515
-0.176238
-0.188283
-0.230028
-0.373581
0.0173575
NA
-0.674723
0.0391887
NA
-0.191386
-0.260871
-3.41176
0.0540872
-0.452799
NA
NA
-0.134707
-0.884532
-0.706223
-0.274069
NA
NA
-0.295409
-0.0742573
0.0768671
-0.364131
-0.275299
0.0101568
-0.271558
-0.716949
-0.739848
-0.0296709
NA
0.06576
-0.0314837
0.0388596
-0.0427664
0.00848531
-0.0204511
-0.515623
-0.690524
-0.392743
NA
-0.341301
-0.223501
0.0225549
-0.0690621
NA
-0.129017
-0.56036
0.0666125
-0.33647
-0.647743
-0.558271
0.0145377
NA
-0.931816
NA
-0.403768
-0.137898
0.0487259
-0.275776
-0.386629
-0.201781
-0.191613
NA
-0.759777
NA
-1.18527
-0.160868
-0.172419
NA
-0.0510868
-0.373811
NA
NA
-1.15628
0.0153609
-0.580876
-0.163693
-0.255066
-0.806546
NA
NA
-0.31217
-0.464435
-0.0880422
-0.521106
-0.306228
-0.189389
0.0502995
-0.310313
-0.480483
-0.184728
-0.274932
NA
NA
-0.119271
NA
-0.103651
0.0623535
NA
-0.0630285
-0.557923
-0.192276
-0.425315
-0.71805
-0.0713961
-0.176455
-0.166633
-0.320767
-0.752076
-0.68578
-0.171279
NA
NA
-0.430273
-5.92443
0.0759975
-0.130864
-0.427349
-0.176901
-0.385384
NA
0.00945715
-0.380414
-0.411218
NA
-0.84432
-0.0892112
-0.0309936
-0.291361
NA
NA
-0.278128
-0.310836
-0.407646
NA
0.146431
NA
-0.156479
-0.367172
-0.019077
-0.256233
-0.525229
-0.201873
-0.19908
0.054101
-0.00509819
0.0191633
-0.635288
NA
NA
-0.310999
NA
NA
-0.0404103
-0.283348
-0.309765
-0.669114
0.0410502
0.576608
-0.222528
-0.728173
0.0239854
-0.384659
-0.357233
-0.121623
NA
0.000278164
NA
-0.0845137
-0.604379
NA
NA
0.043178
NA
-0.629468
-0.297598
-0.193503
-0.343469
-0.329193
-0.133516
-0.914483
NA
-0.665613
-0.541582
-0.898302
0.054169
-0.32247
-0.332171
-0.284073
-0.447424
-0.491173
-0.298023
0.0336518
0.0151455
-0.16759
-0.486624
-0.316688
-0.072236
-0.303723
-0.12415
-0.245716
-0.327193
NA
NA
NA
-0.150972
-0.194143
-0.394513
-0.182872
-0.598948
NA
-0.379438
-0.715005
-0.330169
-0.271186
NA
0.0182117
-0.271962
-0.584374
-0.700755
-0.290292
0.0158894
-0.384301
-0.0538742
NA
0.0255831
-0.0393246
0.0486623
NA
0.0303522
-0.157797
0.0918481
-0.304892
-0.0713466
-1.07784
0.0844468
-0.348527
-0.216743
0.0779717
-0.26177
NA
-0.49857
0.0517051
-0.000730068
NA
-0.0301061
-0.473855
NA
NA
0.0723623
-0.550093
NA
-0.206752
NA
-0.16158
NA
NA
-0.419198
-0.510527
NA
-0.438976
0.102597
-0.213602
NA
-0.323595
-0.120824
-0.187508
-0.512774
NA
-0.0417763
-0.0681231
-0.146396
-0.323901
-0.0674423
0.016192
-0.654557
-0.222412
-0.250688
0.426125
-0.475446
-0.254356
-0.47128
-0.159688
-0.0943957
0.0642846
-0.262349
NA
0.0252883
-0.050262
-0.486066
0.0686161
-0.138447
NA
-0.0832107
-0.257462
0.046183
NA
-0.0905313
-0.164398
NA
-0.325296
-0.56761
-0.00935124
-0.108344
-0.203026
NA
0.0729304
-0.709346
NA
-0.0342529
0.099716
-0.930435
NA
-0.404539
-0.666083
-0.798053
-0.193432
0.0832982
NA
-0.417619
-0.499967
-0.619389
-0.56876
-0.339816
-0.697053
-0.170561
-0.0663105
-0.458554
-0.342157
-0.272453
-0.277401
0.0599034
0.0729566
-0.356814
NA
-0.419037
-0.883055
NA
-0.685727
-0.0640444
-0.123526
-0.432277
0.206644
0.0112881
NA
0.0635754
-0.210128
-0.27245
-0.315806
-0.334211
-0.0222649
-0.68727
NA
-0.246879
-0.17703
-0.235196
-0.716169
-0.206726
-0.627318
-0.922648
0.0807139
NA
-0.152305
NA
NA
-0.269973
0.0590723
-0.156279
NA
-0.195076
-0.634274
-0.0483405
NA
-0.13807
-0.377872
-0.963042
-0.0270056
-0.865439
-0.492513
-0.245016
-0.635848
0.0056258
-0.0643996
0.0708708
-0.187929
-0.725614
-0.500049
NA
NA
-0.54339
-0.46296
-0.350924
NA
-0.0787863
-0.416716
-0.146627
-0.838514
NA
-0.332707
0.0154756
-0.0287251
-0.640164
NA
-0.320602
-0.229759
-0.611143
-0.637268
NA
-0.480959
-0.436719
-0.228758
-0.28781
NA
-0.362593
-0.157453
-0.0655831
-0.324562
-0.313508
-0.0135201
-0.614183
-0.556741
0.02516
-0.0304787
NA
-0.429422
-0.398438
-0.52053
-0.156108
-0.363254
0.114021
-0.46414
NA
-0.566131
-0.152217
-0.460955
-0.0896832
-0.189427
-0.428761
0.0449551
-0.00441355
-0.468392
NA
-0.160471
0.0158227
-1.01102
NA
0.0348901
-0.269592
0.0567954
-0.386342
NA
-0.346433
-0.3645
-0.144178
-0.313619
-0.523287
-0.63409
0.0463719
-0.368944
NA
0.0125068
-0.0199239
-0.296048
NA
-0.311667
0.0629961
0.0791779
NA
-0.352684
0.0508088
-0.0149147
-0.100698
NA
0.0638252
-0.47926
-0.560436
-0.547437
-0.298858
0.0577135
-0.427689
-0.390371
NA
-0.629231
-0.281737
-0.461394
-0.498984
-0.512703
-0.540713
-0.684054
0.0172128
-0.318304
-0.157101
-0.482333
-0.407052
0.0256892
-0.164628
-0.737804
0.0448904
-0.100537
-0.393065
-0.241535
-0.0238668
0.428818
NA
-0.132053
0.132765
-0.307727
-0.306864
-0.23781
-0.477191
NA
-0.672807
-0.105517
0.12227
-0.204457
-0.586603
-0.46361
-0.463549
-0.632399
-0.354722
-0.128398
-0.744669
NA
NA
-0.165669
-0.455521
NA
-0.125728
-0.209357
-0.488048
NA
-0.346616
-0.205877
-0.302989
-0.00614019
-0.168846
NA
-0.228954
-0.135544
-0.468393
-0.085968
-0.758292
-0.293302
NA
0.0643077
-0.431723
NA
-0.275733
0.0261115
-0.362731
NA
-0.288018
-0.308537
-0.512257
NA
NA
-0.336723
0.0869365
NA
NA
-0.0263748
-0.461601
NA
-0.590984
0.0209678
NA
NA
-0.541223
-0.0919567
0.0357361
NA
0.090613
-0.291372
-0.238501
0.0928412
NA
0.061062
-0.54036
-0.52401
-0.137103
0.0915447
-0.619831
0.0700315
-0.389763
-0.496692
-0.413736
-0.38227
-0.286327
-0.241564
-0.140709
-0.0341203
-0.107374
NA
-0.0223516
0.0414338
0.0428032
-0.273475
0.0623702
-0.72728
-0.0632788
0.0175212
-0.119603
-0.0314671
-0.301933
-0.231013
-0.145945
NA
-0.304841
-0.735968
-0.177594
-0.160433
-0.200343
-0.442921
-0.716175
-0.0220344
-0.260723
NA
-0.580097
-0.147841
-0.0675441
-0.172697
-0.232534
-0.185529
0.108284
NA
-0.0787643
-0.0626828
-0.300251
-0.0445758
-0.250589
-0.780374
-0.461394
NA
-0.202022
NA
0.0158522
-0.257914
-0.0386969
-0.0829254
-0.0660705
-0.0846741
0.0872258
-0.273199
-0.0944872
-0.335648
0.104269
0.0347253
-0.353266
-0.0622693
-0.0311414
-0.0587979
NA
-0.156286
0.0474519
-0.126657
-0.495008
-0.508676
-0.560876
-0.209431
-0.630693
-0.160061
0.0257304
-0.261103
NA
-0.0309853
-0.550511
-0.342635
NA
-0.45411
-0.12701
-0.326192
-0.0473808
-0.405128
-0.411732
-0.455944
-0.302084
NA
-0.290004
-0.426338
-0.00560887
-0.663587
-0.0508031
NA
-0.115024
-0.0994087
-0.334632
-0.475661
-0.587396
-0.16008
-0.80497
-0.431282
-0.369459
0.391669
-0.344502
NA
0.0153765
-0.471825
-0.539356
-0.0248316
-0.366981
NA
-0.414891
-0.305486
-0.106259
-0.2046
-0.653193
NA
-0.106258
0.0175017
NA
-0.497782
-0.413012
0.308874
NA
-0.122833
-0.25806
-0.0712473
NA
-0.754517
-0.291239
-0.0730472
-0.174152
NA
-0.845122
-0.807805
0.0247254
-0.24439
-0.511163
NA
NA
0.0251249
-0.15609
-0.307957
-0.245209
-0.496141
-0.0907102
0.0740491
-0.339989
NA
-0.359563
-1.21717
0.0457553
-0.498807
0.046392
-0.331067
-0.268747
-0.167213
-0.437998
0.0430274
-0.0977261
-0.45635
NA
NA
-0.457821
-0.543027
-0.326645
-0.291249
NA
-0.619957
-0.123343
-0.2442
NA
0.172402
-0.433429
0.081445
NA
-0.154323
-0.288634
NA
-0.265
-0.589673
-0.301548
-0.138843
-0.57087
0.0170832
-0.313845
0.837778
-1.05184
-0.152018
-0.623138
-0.40085
-0.298008
-0.499478
-0.314203
-0.703932
NA
-0.0759789
-1.49
NA
-0.00301407
-0.0366839
NA
0.0194226
0.000254911
0.243302
NA
NA
NA
NA
NA
-0.58168
-0.37091
NA
-0.192828
NA
-0.221093
0.0706671
-0.247959
-0.743831
-0.297142
-0.643172
-0.0811483
-0.166454
-0.0584012
-0.476905
-0.289237
-0.462576
NA
-0.198549
NA
-0.326218
-0.141968
0.017488
-0.275479
-0.870094
0.0613876
-0.314109
0.0361824
0.0864262
0.0630376
-0.151888
-0.420007
NA
NA
0.0498872
-0.0867587
0.0917956
NA
NA
-0.412382
-0.543151
-0.477629
NA
NA
-0.558705
-0.129152
-0.656424
-0.659638
-0.695109
0.0598616
NA
-0.118644
NA
-0.102622
-0.245441
-0.236198
-0.10611
-0.212631
-0.327145
-0.0555667
NA
-0.543042
NA
-0.669278
NA
-0.127407
-0.202517
-0.674678
-0.611475
-0.000778351
-0.402945
-0.125804
NA
-0.241079
-0.321465
NA
-0.569866
-0.240277
-0.530457
-0.19814
NA
-0.376769
NA
-0.327137
-0.130794
NA
-0.379279
-0.349263
-0.159767
0.0391404
-0.267649
-0.36963
-0.554149
-0.638314
0.0552073
-0.337386
-0.612494
-0.125254
-0.101754
-0.0255417
-0.610864
-0.164378
-0.140265
-0.319713
-0.644506
NA
NA
-0.478629
-0.309038
-0.729804
-0.273305
-0.00408748
-0.629503
NA
-0.397846
0.0581576
-0.330172
NA
-0.249821
-0.344994
-0.380312
-0.356427
-0.560357
-0.266365
-0.188883
-0.096773
-0.490828
-0.209362
-0.0382556
NA
-0.540964
-0.275392
NA
-0.0708447
-0.0435221
-0.589483
-0.31587
NA
NA
0.0217307
-0.761325
-0.163549
-0.113078
-0.555132
NA
-0.798401
-0.40723
-0.563795
0.0712221
-0.742667
0.0443056
-0.111698
-0.632083
-0.232092
-0.0177528
0.0117868
-0.683422
0.0158723
-0.19626
-0.286489
-0.32042
0.120885
NA
-0.575533
-0.203044
-0.505868
-0.194998
0.0251914
0.0408367
NA
-0.361971
-0.23958
-0.040024
0.330375
-0.236527
-0.239747
NA
-0.49021
-0.274444
-0.984372
NA
0.0383232
-0.0500833
0.0155309
NA
-0.284815
-0.494733
-0.167478
-0.704707
-0.243539
-0.256139
-0.26239
-0.539234
-0.0617529
0.0878821
-0.228826
0.143768
-0.367353
NA
NA
-0.270471
-0.310968
NA
-0.0960023
-0.0357394
-0.640147
-0.264411
0.0705657
-0.548721
-0.327628
NA
-0.762732
-0.460094
NA
-0.969106
-0.0362205
-0.346248
0.0801896
-0.00216827
NA
-0.514273
-0.136544
-0.676794
NA
NA
NA
-0.469623
-0.732284
-0.453588
0.0158276
-0.733096
-0.3206
-0.16839
NA
-0.0176978
-0.383882
0.0288734
-0.386541
-0.402817
-0.209474
-0.435016
NA
-0.215607
-0.365335
-0.378345
NA
-0.665194
0.0638881
-0.0480437
-0.211066
0.0576635
-0.666183
-0.410258
0.0874249
-0.286595
NA
-0.224792
-0.268193
0.00600434
8.7131
-0.193864
-0.0489706
-0.88894
-0.331534
-0.384587
-0.0615866
-0.437506
-0.359401
NA
-0.0500044
0.0266132
-0.766582
-0.158823
-0.326201
-0.872699
-0.278845
-0.75699
-0.872742
-0.656767
0.0567085
-0.356378
-0.539638
-0.273891
-0.353018
NA
-0.535531
-0.195174
-0.709916
-0.23449
-0.498275
NA
-0.0164956
-0.00800265
-0.162013
-0.267105
-0.223522
NA
-0.319566
-0.311564
NA
-0.962786
0.024027
-0.436795
-0.24128
-0.932536
-0.154675
-0.522371
-0.0625274
-0.485278
-0.425582
-0.184153
-0.153938
NA
NA
-0.354245
-0.460857
-0.628776
-0.265308
-0.0735669
-0.373203
-0.312575
NA
-0.312483
-0.378057
-0.159845
NA
-0.415558
-0.325911
-0.0320277
-0.287598
-0.409429
0.0643798
0.0923306
-0.0429392
-0.36995
-0.595389
-0.413732
0.0496116
-0.442481
-0.260192
-0.117525
-0.14852
-0.591371
NA
-0.062199
-0.147949
0.0783326
-0.466259
NA
0.0240491
-0.0385175
-0.158686
NA
-0.225611
-0.028555
-0.308722
-0.263288
-0.249704
-0.515415
0.0577
NA
NA
NA
-0.440476
0.00414767
-0.514275
NA
NA
-0.29303
-0.079513
-0.278466
-0.521635
-0.0499766
-0.185508
-0.599615
-0.598996
-0.641144
0.0757681
0.0744158
-0.431176
-0.266418
0.0290878
-0.668247
-0.254318
NA
NA
-0.0904714
0.0696565
-0.480499
-0.0772928
-0.296503
-0.184093
-0.441877
0.0157545
NA
-0.694708
-0.0812888
-0.29248
-0.683537
NA
-0.487846
-0.0461389
0.0713059
-0.208333
-0.941273
-0.650587
-1.54276
NA
NA
-0.580578
-0.635724
NA
-0.625664
-0.0518507
0.0477095
-0.392973
NA
NA
-0.197593
0.155328
-0.278771
-0.0836192
0.0264302
-0.449443
-0.605297
-0.186778
-0.084011
-0.837816
-0.300821
0.0248291
0.0248924
0.0153883
-1.17982
-0.612454
NA
-0.343512
-0.241443
-0.127603
NA
NA
-0.21431
-0.0579596
NA
NA
-0.56772
NA
-0.491316
0.0588441
0.0870368
-0.327822
-0.258296
NA
NA
-0.398899
-0.105587
-0.409956
-0.447385
NA
0.00872511
-0.257373
NA
-0.59211
-0.409626
-0.112182
NA
NA
-0.456292
-0.223433
-0.367396
-0.401211
-0.822695
-0.542129
-0.620144
-0.412066
NA
-0.219787
-0.435972
-0.287227
-0.174523
-0.333299
-0.285396
-0.105619
NA
-0.444004
-0.421421
-0.415929
-0.0658659
-0.454558
-0.458835
0.0233483
-0.188844
-0.415451
-0.507015
-0.460583
-0.419536
-0.634747
NA
0.0611444
-0.146681
-0.0665412
-0.433407
0.0701952
-0.0711197
-0.284623
0.372687
-0.455922
-0.133821
-0.529528
-0.114145
0.000237143
0.105877
-0.455567
-0.342749
-0.31418
-0.407998
-0.300797
0.0775706
-0.0821804
NA
-0.0807928
-0.272781
NA
NA
-0.813017
-0.605598
-0.55242
-0.384651
-0.198284
-0.855866
-0.421105
-0.156624
-0.237041
-0.127133
0.0629648
-0.500841
-0.122701
-0.245126
-0.95013
-0.126811
-0.33008
-0.482394
-0.80151
-0.0708053
-0.645243
-0.0459654
NA
NA
-0.313343
-0.0695977
-0.212631
NA
-0.342531
NA
-0.909225
NA
-0.284565
-0.144912
-0.244496
-0.364925
NA
NA
-0.144141
NA
-0.251683
NA
-0.210745
-0.395016
-0.320275
-0.300215
-0.479043
0.0744972
-0.168635
0.324624
NA
-0.251599
NA
-0.358405
-0.468722
-2.00584
-0.0770986
-0.49543
NA
-0.277289
-0.548947
0.0522646
-0.236479
-0.158514
NA
-0.570159
-0.106231
0.0185267
NA
-0.0113437
0.025796
-0.192352
-0.534892
-0.228518
-0.000377701
-0.141427
NA
-0.371384
-0.332839
NA
-0.463836
0.19706
-0.378673
-0.274212
-0.261989
-0.268278
-0.892048
-0.528948
0.0276865
-0.72716
0.0268256
0.0219322
-0.0671655
-0.0908826
-0.116419
0.0948298
-0.297151
-0.324275
NA
NA
-0.552994
-0.104248
NA
-0.598182
-1.04576
-0.322519
-0.177513
0.0250897
-0.61838
NA
-0.154368
-0.0172447
-0.30706
-0.368812
-0.238769
0.236997
-0.166484
NA
-0.223404
-0.361483
-0.689037
-0.252694
-0.109698
NA
NA
0.0219667
-0.355829
0.0406142
-0.364187
0.081946
-0.429611
-0.218383
NA
-0.696994
-0.680106
NA
NA
-0.699196
0.00921779
-0.562679
-0.345584
NA
NA
-0.207808
NA
NA
NA
0.129141
-0.398731
-0.121489
-0.124609
0.0809214
-0.0632565
-0.300532
0.159914
-0.211464
-1.15066
-0.139202
-0.225412
NA
-0.180072
-0.283844
-0.146056
-0.659527
0.117172
-0.352663
NA
0.0148235
-0.575981
NA
NA
NA
0.0716856
0.0632688
-0.233164
0.0550907
-0.802453
NA
-0.445363
0.186544
-0.407917
NA
-0.221597
0.0647283
-0.448542
-0.590018
-0.335325
-0.163505
-0.392645
-0.0924992
-0.7621
0.020239
-0.437001
-0.29169
-0.117658
-0.257038
NA
-0.54025
3.56869
-0.757689
NA
-0.166364
-0.179867
-0.196664
0.0116013
0.0195854
-0.0043566
-0.568202
-0.0720143
-0.299726
-0.0583481
-0.125126
-0.102635
-0.170423
-0.410773
-0.147594
-0.505713
-0.249506
0.189509
-0.0555638
NA
NA
NA
-0.186181
NA
NA
-0.0731486
0.0204473
-0.12305
-0.537156
-0.13865
-0.485864
-0.50912
-0.319368
-0.39561
-0.0981315
-0.25225
-0.359682
-0.0440282
-0.188815
-0.55776
NA
NA
-0.0728354
0.0459455
NA
NA
-1.33719
-0.560302
-0.255697
0.0836748
-0.535655
0.0538837
NA
NA
-0.513427
-0.430175
-0.459061
NA
-0.455986
NA
-0.459618
-0.889481
-0.319192
-0.651594
NA
-0.286237
NA
0.118355
0.248163
-0.332942
-0.428609
-0.680306
-0.0224672
0.0119441
-0.684129
NA
-0.325053
NA
-0.679844
0.198846
-0.592076
0.0557524
-0.00284536
-0.112509
-0.449347
-0.434349
-0.240281
0.0396487
-0.278391
0.0564359
-0.212405
-0.245194
-0.392923
-0.333371
NA
NA
-0.320717
-0.733414
-0.0199344
-0.269619
NA
-0.600443
NA
-0.00338797
0.0702783
-0.377333
-0.0517862
-0.061685
-0.518961
-0.27902
-0.543913
-0.099743
NA
NA
NA
-0.086535
-0.319201
NA
-0.0185953
-0.384843
-0.00783252
-0.265447
-0.457919
NA
-0.481132
-0.157405
-0.339793
-0.58067
-0.402771
NA
-0.0795888
-0.401489
-0.0702866
-0.746543
0.0108721
-0.398659
0.0159354
-0.358816
NA
-0.483519
-0.327747
-0.102541
0.0221761
-0.209892
NA
0.0323617
-0.745451
NA
-0.332808
NA
0.169971
-0.223381
-0.389466
0.0452272
-0.159402
-0.102675
-0.4629
NA
-0.623079
0.0261947
NA
-0.0982375
-0.6813
-0.276287
0.025857
NA
-0.123842
-0.482494
0.0248102
-0.360962
-0.45156
-0.698097
0.0658222
-0.0380499
NA
-0.105405
-0.243015
-0.356154
-0.195431
-0.406626
-0.460823
0.193793
0.066578
-0.659581
NA
0.0106269
-0.143054
-0.152614
-0.824048
-0.0685878
-0.383169
NA
NA
-0.421907
NA
-0.65231
-0.0923452
0.111808
-0.145582
-0.134241
0.088798
NA
-0.0832293
NA
-0.495032
-0.467569
NA
-0.0532
NA
NA
-0.261661
NA
-0.67294
-0.166505
-0.380947
-0.121494
-0.410831
0.0132286
-0.436199
NA
-0.326381
-0.243932
-0.109387
-0.296626
0.0244313
-0.420243
-0.416864
NA
-0.250892
-0.130574
-0.723296
NA
-0.149991
-0.262228
-0.278727
-1.14731
-0.552027
NA
0.240309
-0.503959
-0.244898
NA
-0.40692
-0.0187843
NA
-0.378882
-0.192829
-0.466969
-0.646042
-0.798154
-0.893188
0.0639312
NA
-0.960361
NA
0.00294428
0.121984
-0.247324
0.231216
0.0539569
0.0389717
0.0449613
-0.505566
0.083914
-0.322112
-0.397069
-0.254355
-0.221485
NA
-0.171785
-0.0484771
-0.447871
NA
NA
-0.101383
-0.056842
-0.284163
-0.3144
-0.812293
-0.0715803
-0.631981
-0.268255
-0.118266
NA
NA
NA
0.0255768
-0.348585
0.0239466
-0.256987
-0.396931
0.0561447
-0.456061
NA
0.137333
-0.156646
-0.133367
NA
NA
-0.737545
-0.315088
NA
-0.0978416
-0.284597
-0.388566
-0.353924
-0.422348
0.0965975
-0.138644
-0.39028
0.0244122
NA
0.0693523
-0.337665
-0.219558
-0.329161
-0.0924262
-0.0630516
-0.595847
-0.52359
0.0500853
-0.111625
-0.0494798
-0.330144
-0.474061
-0.142802
-0.407898
-0.0244667
0.0470583
-0.557517
-0.860923
-0.208573
-0.115754
-0.473757
-0.225247
-0.145098
-0.0998468
-0.746019
-0.0949601
NA
-0.51262
NA
-0.348038
-0.505067
-0.662674
-0.0724911
NA
0.0232809
-0.700542
-0.452093
-0.431994
-0.167911
-0.199726
-0.316127
0.06046
0.00486989
0.0250224
-0.764301
0.0864784
-0.384345
-0.0385068
0.0510429
-0.0374473
-0.384311
-0.26871
NA
-0.129628
-0.525936
0.0297403
NA
-0.0468416
NA
NA
-0.216424
-0.116981
-0.113602
-0.249961
NA
0.0514086
NA
-0.439534
-0.703232
-0.0488714
-0.888503
-0.630008
-0.66395
-0.334684
NA
NA
-0.203334
-0.513707
-0.607565
-0.0156571
-0.106569
-0.0826614
-0.266206
0.0297745
NA
0.0643581
0.0557869
-0.675769
-0.378961
NA
-0.0803341
-0.508291
-0.230769
-0.240751
-0.584778
-0.388835
NA
-0.623634
-0.803084
-0.666059
-0.224252
-0.180063
-0.499913
-0.693333
-0.14843
-0.333301
-0.0351248
-0.182409
NA
-0.395312
-0.351149
-1.14231
0.0907169
0.138583
-0.182872
-0.315935
NA
-0.313236
-0.433844
-0.180366
-0.0485876
-0.16187
NA
-0.432891
-0.182932
-0.092022
-0.49899
-0.051081
-0.318243
-0.120488
NA
-0.0914936
NA
0.00998646
NA
0.0721962
NA
-0.900338
NA
-0.284862
-0.363216
-0.349146
-0.659605
-0.442521
-0.432916
NA
NA
-0.177241
-0.959475
NA
NA
0.0186686
-0.970646
-0.198616
-0.0401339
-0.813793
0.641072
-0.0501748
-0.581686
-0.428563
-0.211771
-0.820193
-0.752467
-0.155835
-0.610239
-0.380731
-0.502238
-0.192504
-0.388265
0.0569672
-0.577237
-0.563804
-0.455443
-0.34528
-0.265033
NA
0.0159008
-0.0224033
NA
-0.536056
0.0869009
-0.0632664
0.0385312
NA
-0.229987
0.0540539
-0.420986
-0.510075
-0.192633
-0.117572
-0.245522
-0.56789
-0.681868
NA
NA
-0.15428
-0.570284
-0.106624
-0.0205532
-0.567876
0.0133545
-0.100181
-0.870727
-0.192139
-0.326027
-0.806217
-0.437344
-0.28919
-0.0983988
-0.386126
-0.152813
-0.370329
-0.359684
-0.0548334
-0.0931419
-0.941568
-0.582947
-0.433037
0.15542
NA
-0.185525
0.0618477
-0.0273932
NA
-0.224197
-0.512596
-0.24003
NA
0.0402197
NA
NA
-0.338482
-0.0955389
-0.132401
0.027657
-0.46242
-0.0489411
0.00945906
-0.0522072
-0.776642
-0.656734
-0.0793824
-0.193974
-0.454444
-0.345275
-0.529278
-0.870028
0.0599624
0.058117
-0.0875633
-0.115483
-0.751408
-0.858589
NA
-0.310326
0.0435298
-0.729273
NA
-0.668164
0.0688111
-0.239133
NA
0.0200669
-0.361241
-0.230611
-0.665333
-0.61404
-0.00487441
-0.22104
-0.150696
-0.000567228
-0.68794
NA
-0.105752
-0.613155
-0.543506
-0.000543219
NA
-0.393793
NA
NA
-1.23992
-0.182686
-0.551703
-0.283649
-0.729948
-0.504957
-0.258498
-0.55714
-0.2156
0.247419
-0.531165
0.00211072
-0.649648
-0.411246
0.0045435
-0.596134
-1.07959
-0.837142
0.0309107
-0.296479
-0.402071
-0.451578
-0.33348
-0.618355
-0.0389648
-0.374817
-0.233793
-0.540964
0.00478685
NA
NA
-0.209034
0.0566877
0.0682807
-0.538862
NA
0.00621851
-0.613763
NA
-0.117201
NA
-0.178173
-0.52389
-0.491495
0.0211579
-0.595063
-0.265063
-0.606054
-0.489486
0.091479
-0.323288
-0.143295
0.058294
NA
-0.326015
-0.0244693
-0.16194
-0.720271
-0.437123
0.023831
-0.733109
-0.500482
-0.847981
-0.2602
-0.702065
-0.409105
-0.257045
-0.35114
-0.406432
-0.469318
-0.709517
-0.536526
-1.0869
NA
-0.360599
NA
NA
-0.53929
0.0972
-0.506655
-0.295359
-0.442925
-0.543874
-0.644622
-0.242803
NA
-0.251954
0.0101315
NA
-0.77012
-0.670211
-0.521482
-0.315624
-0.673413
NA
0.0156234
-0.955724
3.59793
-0.274701
-0.022002
-0.36695
-0.492724
NA
-5.74353
-0.0397831
-0.00379755
NA
-0.494047
0.0164109
-0.191283
-0.461348
NA
NA
-0.274908
-0.855217
-0.727417
-0.103841
-0.0988034
-0.450596
-0.647386
-0.608551
-0.292003
0.0437161
-0.320287
NA
-0.28262
-0.244522
-0.0623969
-0.434766
0.0488821
-0.241894
-0.2037
-0.0488337
0.0554631
-0.434203
-0.137666
0.18242
-0.358415
-0.399989
-0.0224147
0.162835
-0.153654
0.0152285
-0.263452
-0.0280321
-0.317993
-0.200735
-0.210868
-0.0066709
-0.417447
-0.169388
0.329485
-0.293658
-0.303018
0.20965
-0.480169
0.0696031
-0.382206
-0.290426
-0.540675
-0.0779275
NA
-0.0430004
NA
-0.486917
NA
NA
-0.123607
-0.295443
NA
0.0212847
-0.657619
-0.230069
-0.51622
NA
0.0150648
NA
-0.0956841
-0.280041
-0.48901
-0.797112
-0.306196
NA
-0.0233853
0.212588
NA
-0.0518089
-0.101713
-0.43945
NA
-0.0974531
0.0498616
-0.202877
0.424495
-0.352585
0.0926792
NA
-0.541603
-0.0246889
0.0882912
-0.386053
-0.0777209
0.0586226
-0.169272
-0.593269
-0.146427
-0.059443
NA
-0.371704
NA
-0.52568
NA
-0.0667635
NA
0.0390548
0.0488833
-0.774372
-0.453188
-0.0503374
-0.143317
-0.208369
-0.636401
-0.634698
-0.479062
-0.54394
-0.554423
-0.262941
-0.126517
-0.503618
-0.0731877
0.0702715
NA
NA
0.0994115
0.130683
0.0907239
0.00345849
-0.240262
0.0663913
0.104675
0.0687089
-0.0336794
-0.201976
NA
0.0153785
0.0481647
NA
0.0576443
-0.0779379
NA
NA
-0.137478
-0.693512
-0.450681
-0.471006
-0.600764
-0.542195
-0.377286
-0.440386
-0.548455
NA
NA
-0.0936753
-0.229036
0.104797
-0.0125524
0.00948863
NA
-0.581472
0.0107688
-0.849676
-0.015896
-0.570234
0.0727356
-0.789291
-0.201086
-0.529142
-0.469151
-0.125192
-0.0873149
-0.577122
-0.276367
-0.368429
NA
-0.0601275
-0.357581
-0.699847
0.0160701
-0.324768
0.0093087
-0.774854
0.065724
0.0799537
-0.0293441
NA
NA
-0.0145279
-0.0468854
-0.230503
-0.412439
-0.45775
-0.496497
-0.667974
NA
-0.395397
-0.358923
-0.294268
-0.648275
-0.183557
-0.555055
-0.115429
-0.611349
NA
0.0677171
-0.0898705
NA
-0.150473
-0.332737
-0.278286
-0.440355
-0.296649
-0.0202096
-0.24497
-0.544596
-0.147369
NA
NA
-0.524924
-0.31922
NA
0.0682333
-0.319079
-0.140175
-0.16484
-0.208751
-0.29594
-0.119655
-0.474463
-0.5096
0.0213125
-0.251035
-0.277338
NA
-0.353559
-0.634436
0.0498266
NA
NA
-0.246948
-0.247466
NA
-0.219551
-0.65592
NA
NA
-0.0795063
-0.319256
-0.0703771
-0.128502
NA
-0.367098
0.0340395
NA
0.0574989
-0.295143
-0.42274
-0.739048
0.156154
-0.533608
NA
-0.128429
-0.463687
-0.34693
-0.395179
-0.524724
-0.0563798
-0.113929
-0.286938
-0.225885
-0.415572
-0.358125
-0.113844
-0.119762
0.0257954
NA
0.013019
-0.564196
-0.658783
NA
-0.51425
-0.709202
0.149147
-0.0990846
-0.476398
-0.486376
-0.311602
-0.0618977
-0.2223
-0.482344
-0.114506
-0.342761
NA
-0.27551
0.024372
-0.498412
NA
-0.104444
-0.312742
-0.482635
-0.264098
-0.276553
-0.612033
-0.315941
NA
-0.202251
NA
-0.700923
-0.368463
-0.6449
0.0274625
-0.223404
0.170006
0.0388491
-0.570135
-0.408376
-0.266826
NA
-0.431025
-0.547087
-1.02162
-0.159627
-0.258339
-0.0331583
-0.388945
NA
NA
-0.0880459
-0.365402
NA
NA
NA
-0.435306
NA
NA
-0.202815
-0.123771
NA
-0.168046
-0.704379
-0.293557
-0.452993
-0.49813
0.00484376
-0.138669
-0.417148
-0.0811553
-0.0157831
NA
-0.389703
-0.110502
0.0569655
-0.847247
-0.214944
NA
-0.143449
NA
-0.425264
-0.496851
0.0325103
-0.545312
-0.518887
-0.365555
-0.157511
-1.02281
-0.129108
0.0764683
-0.116107
-1.01891
-0.579481
-0.0857539
-0.330526
-0.405802
-0.132204
-0.398786
-0.347763
NA
NA
0.0181124
NA
-0.317513
-0.466891
-0.693058
-0.336039
-0.770192
-0.124965
-0.282478
-0.00182158
0.0524585
-0.169582
0.0153427
-0.326176
-0.537925
-0.0907693
-0.0640749
-0.413663
-0.167846
-0.227364
-0.096287
0.252911
-0.0849207
NA
-0.426594
NA
0.0564415
-0.252591
-0.116759
NA
-0.618341
0.0912963
-0.0401509
0.0157877
-0.156161
NA
-0.0599362
-0.492596
-0.162077
NA
-0.0555808
NA
-0.191802
-0.597271
NA
NA
-0.223715
-0.460299
NA
0.0636151
-0.296077
-0.311661
-0.379926
0.0184967
-0.778979
NA
-0.261722
-0.460671
0.0816726
-0.223831
-0.411868
-0.556706
-0.333881
-0.612374
-0.0959389
-0.220034
0.041663
-0.443466
-0.262986
-0.58803
-0.613412
NA
-0.218981
-0.469948
-0.122692
NA
-0.21218
-0.483295
0.0180838
-0.139138
-0.314574
-0.679714
-0.373995
-0.441079
0.716338
-0.372735
-0.321948
-0.139256
-0.0108315
-0.410579
-0.273621
NA
NA
0.0224952
-0.131848
NA
0.0197008
0.0939456
-0.372197
-0.75524
-0.576729
-0.302293
-0.307964
-0.548106
-0.434767
-0.325089
-0.53398
-0.135212
0.058655
-0.41269
-0.53879
NA
NA
NA
NA
-0.27202
NA
-0.0793813
-0.29592
-0.405481
NA
-0.112636
-0.436723
-0.335429
-0.337692
NA
NA
-0.563576
-0.706314
NA
-0.398584
-0.00901601
-0.573122
-0.51455
-0.416885
-0.115864
-0.0577661
-0.629908
-0.0600138
-0.874464
-0.531226
-0.402308
-0.313902
-0.159319
-0.767143
-0.0982026
-0.104883
8.49913e-05
0.0473471
0.0360973
-0.568212
-0.277505
0.0702005
0.0836263
NA
-0.136728
-0.615369
-0.302268
-0.694129
0.0607322
0.064974
1.61762
0.0248019
-1.37705
-0.713741
NA
-0.109419
-0.457766
NA
-0.211614
NA
-0.193535
NA
-0.422814
-0.00806618
-0.0957855
-0.0207373
NA
0.0403764
-0.856699
-0.150915
-0.251479
-0.169319
-0.258212
-0.448163
-0.286543
NA
-0.144448
-0.447929
-0.890504
-0.740635
-0.9828
-0.165989
-0.132271
-0.0298548
NA
-0.324571
-0.592401
-0.215158
-0.428471
NA
-0.269406
0.0241463
-0.425163
-0.304516
-0.199015
-0.0242751
-0.158463
0.0387021
-0.641982
-0.186713
-0.560233
NA
-0.650754
-0.0695175
0.00213753
0.0560645
0.0114238
-0.493661
-0.388706
-0.0921937
0.0594595
-0.0234236
-0.020556
-0.616901
-0.0404148
-0.154735
0.0204834
-0.437662
NA
-0.834689
NA
NA
-0.217001
-0.348472
0.0672633
-0.483529
-0.163931
0.118358
NA
0.095373
-0.588668
-0.104472
-0.865838
NA
0.0347231
NA
-0.189174
-0.455889
-0.351159
-0.627122
-0.187892
-0.0122372
0.0804105
NA
-0.0203358
-0.0045191
-0.0472341
-0.439551
-0.0340222
NA
-0.0274792
-0.00160535
-0.00793933
-0.153297
-0.309613
-0.343145
-1.06838
-0.30649
NA
-0.119629
-0.301167
NA
-2.16787
-0.856091
NA
-0.124202
0.090233
-0.575875
0.0186456
-0.14201
-0.156374
0.184031
-0.161091
0.00273378
-0.635191
NA
-0.70619
NA
0.00209134
0.0111628
-0.18558
-0.0894577
-0.437505
-0.74813
-0.372215
-0.327219
-0.20821
-0.503833
-0.105414
-0.427803
-0.798604
NA
-0.257741
-0.220457
-0.379818
-0.345401
-0.409863
-0.236025
-0.660187
-0.0791912
-0.217837
-0.489187
-0.636199
-0.330873
-0.162321
-0.490562
0.0833389
-0.579046
-0.290519
0.0205652
-0.430592
-0.63481
0.0945466
-0.139782
-0.57757
-0.165469
-0.386461
-0.269686
-0.618171
-0.039575
-0.106621
-0.751129
-0.327818
-0.578266
NA
-0.256964
NA
-0.122996
0.0252858
NA
-0.84827
-0.448231
-0.72754
-0.476063
-0.0857046
-0.138281
0.0565315
0.0560136
0.0752458
-0.242642
-0.382551
0.0662452
-0.441101
-0.0794717
0.0187764
-0.412476
NA
0.834879
NA
-0.97663
-0.118711
0.0332893
-0.46996
-0.32623
0.0577335
-0.39529
-0.562253
-0.0566767
NA
-0.37978
-0.246566
0.0193019
-0.63452
0.0222995
-0.524269
-0.0693575
0.371545
-0.490767
-0.216613
-0.452798
-0.0956721
-0.131284
-0.173998
-0.395962
-0.110761
-0.584971
0.0167775
0.0219555
NA
NA
-0.180904
-0.283788
-0.16833
-0.269203
NA
-0.262
0.0299783
-0.391347
NA
0.0161136
-0.452822
-0.191085
NA
-0.308369
NA
-0.299577
-0.186317
NA
-2.21
-0.388251
-0.199402
-0.0544156
NA
-0.089342
-0.0921838
-0.32149
-0.534224
-0.370167
-0.550504
-0.905496
-0.0321406
-0.101357
-0.475491
-0.475132
-0.462015
0.0286895
-0.377207
-0.155597
0.0520419
-0.842039
-0.232815
0.0243426
-0.0452617
-0.049634
-0.185761
-0.451461
NA
0.0157114
NA
-0.357084
0.230559
-0.0813487
-0.0199087
-0.161094
-0.109467
-0.0809734
0.0674178
-0.913182
NA
-0.439268
NA
-0.425618
0.158677
-0.655553
-0.230225
0.070701
-0.240682
-0.599169
-0.347824
-0.218083
NA
-0.223403
0.0631421
-0.446711
0.0930944
NA
-0.0498825
-0.0319692
-0.306789
-0.750723
-0.381047
-0.399691
NA
NA
NA
-0.0107367
0.064888
-0.438011
-0.498964
-0.166366
0.0840929
-0.433953
-0.276296
0.0480602
-0.022239
-0.302741
-0.174418
-0.398119
NA
-0.247776
0.0537495
-0.352781
-0.498701
-0.475362
0.010585
-0.515933
-0.562611
0.0216566
NA
NA
-0.386045
-0.428442
NA
-0.49735
-0.398345
-0.132826
-1.1633
-0.204846
-0.611555
-0.630023
NA
-0.459158
-0.338637
0.0159055
-0.570736
-0.412835
-0.338337
-0.0784526
-0.405162
NA
-0.315311
-0.30105
-0.458363
-0.00022557
-0.270019
0.0449653
NA
0.0237194
NA
-0.421783
NA
-0.875124
0.0563429
-0.127923
NA
-0.0673239
-0.627049
-0.432701
0.0627087
-0.266876
-0.509781
0.0149214
-0.113091
-0.0510647
NA
0.0817216
NA
-0.403569
0.0279288
-0.252018
-0.547595
NA
-0.481807
-0.632803
NA
-0.759739
-0.373422
0.017461
-0.12548
-0.265142
-0.123003
-0.328878
-0.388985
NA
-0.133838
NA
-0.230023
-0.28006
-0.407653
-0.0277519
-0.72217
-0.578753
NA
-0.957508
-0.652581
-0.227335
NA
0.0780701
-0.364931
0.119882
NA
-0.296058
NA
-0.098297
-0.769427
-0.0122297
-0.350663
0.00271813
-0.617044
-0.399773
-0.0387113
NA
0.0402554
NA
NA
-1.13435
-0.557843
-0.407912
-0.100175
-0.257365
NA
-0.531812
NA
0.0865114
-0.278648
-0.054903
-0.121777
NA
-0.846455
0.0245038
-0.127878
NA
-0.00720586
-0.130293
-0.286802
0.045272
-0.225055
NA
-0.136238
NA
-0.290748
NA
-0.243196
-0.420003
-0.537734
0.0645271
NA
-0.273018
-0.624028
-0.120495
-0.533737
-0.219986
NA
0.0257031
NA
NA
-2.29654
-0.27969
-0.327588
-0.162917
NA
-0.516574
-0.254642
-0.253275
NA
0.0188732
-0.933383
0.163974
-0.362441
-0.318286
-0.236395
-0.518335
-0.455905
NA
-0.0903755
-0.507932
-0.390548
-0.150111
0.206257
NA
NA
-0.148637
-0.241122
-0.893991
0.0714046
-0.360126
-0.323351
0.0262705
NA
NA
NA
NA
-0.832005
-0.32505
-0.0845533
-0.339019
-0.334576
-0.0337113
-0.20502
0.0514186
NA
0.0335569
-0.342234
-0.504876
-0.0921121
-0.201391
NA
0.699064
-0.374667
-0.194607
-0.462631
NA
-0.143178
0.0479991
-0.282213
-0.543324
-0.718444
-0.0989887
-0.891929
-0.419982
-0.488623
-0.169026
-0.3068
-0.279653
-0.966615
NA
0.0529251
-0.0494361
-0.343598
-0.0449189
-0.563803
NA
-0.0563154
-0.816356
-0.494137
-0.622029
-0.212271
NA
-0.348023
-0.378202
-0.461766
0.0151589
NA
-0.0335242
-0.840881
-0.644717
-0.343282
NA
-0.69106
-0.622184
-0.464314
-0.560598
-0.311004
0.0181481
-0.353357
-1.08839
-0.334831
NA
-0.249391
-0.238751
NA
-0.142604
-0.699544
-0.263936
-0.507312
0.0621283
-0.0816227
-0.810929
-0.186578
-0.238551
-0.166425
-0.335865
0.123732
-0.751326
-0.12668
0.0244245
-0.35961
-0.276766
-0.91124
NA
0.0803692
-0.216452
-0.424259
NA
-0.496395
-0.493123
-0.364453
-0.0416721
-0.160409
-0.132454
-0.277202
-3.07
0.0154813
NA
-0.369289
-0.365052
0.0741581
-0.332372
-0.300101
-0.711401
-0.160576
NA
-0.0819866
-0.382289
-0.204318
NA
-0.0168267
NA
0.0660606
-0.62035
-0.566121
-0.0764422
-0.163036
NA
-0.314669
