-0.221003
-0.279842
-0.423474
-0.262185
-0.113898
-0.223404
-0.355829
-0.530125
0.0219667
-0.364187
NA
-0.309251
NA
NA
-0.109698
-0.607974
NA
0.104675
NA
NA
-0.139451
-0.0204104
-0.322519
-0.398209
-0.634959
-0.368812
-0.0870244
-0.30706
-0.0651301
-0.348745
-0.0159593
NA
-0.238769
0.236997
NA
NA
0.123318
-0.0230345
0.00921779
-0.26708
-0.562679
-0.140039
-0.401843
NA
-0.699196
-0.151669
-0.121489
NA
0.0809214
-0.124609
-0.355868
-0.886984
NA
NA
0.0645952
-0.595701
-0.218383
-0.353218
-0.429611
-0.114515
-0.881243
-0.680106
-0.202382
-0.403288
-0.323909
-0.245578
-0.290577
NA
-0.371384
-0.51267
-0.465446
-0.993552
-0.534892
NA
-0.201939
NA
-0.76001
-0.215641
-0.332839
-0.050272
-0.294362
0.0522646
NA
-0.565063
-0.192352
-0.297592
-0.289533
-1.22854
-0.0409544
-0.381186
-0.0113437
0.025796
-0.651678
-0.0404931
NA
0.15204
-0.349393
-0.0671655
-0.835943
-0.460929
-0.116419
-0.00572032
-0.72716
0.0219322
0.0451089
NA
NA
-0.602818
-0.552994
-0.598182
-1.04576
-0.24599
-0.57602
-0.324275
0.0342344
0.0665647
-0.652529
NA
-0.14433
0.0108996
-0.274212
-0.158669
-0.132162
-0.334087
-0.119064
0.0503367
0.0642802
-0.362521
0.0276865
-0.892048
0.292305
-0.58404
-0.200731
NA
-0.229842
-0.54025
NA
-0.184909
-0.419586
-0.375301
-0.471585
-0.628187
-0.0720143
-0.568202
0.0116013
-0.196664
NA
-0.477629
NA
0.020239
0.018562
-0.597449
-0.0862529
-0.238443
-0.437001
-0.247994
-0.297811
-0.202156
-0.0924992
-0.326939
-0.561563
0.652864
-0.117658
NA
0.0204473
-0.103924
-0.21418
-0.751997
-0.333132
-0.410773
-0.0602794
0.00371461
-0.0583481
-0.240043
-0.428525
-0.428708
NA
NA
0.189509
-0.505713
0.0318256
-0.262139
0.00978471
NA
-0.154797
-0.283844
-0.575427
NA
-0.371896
-0.225412
0.0319206
NA
-0.304516
-0.638889
-0.352663
-0.322012
-0.137738
NA
-0.131352
-1.15066
-0.220171
0.0174662
-0.157575
-0.211464
NA
-0.300941
0.079448
-0.224892
-0.569381
NA
-0.448542
0.0762799
-0.730856
-0.0230306
-0.221597
-1.06611
NA
-0.392645
-0.249733
NA
-0.367456
-0.386315
NA
NA
0.0714526
0.0148235
-0.239157
-0.575981
0.186544
-0.445363
-0.380494
-0.0594594
0.0550907
NA
-0.178857
0.0632688
0.0576526
-1.09617
-0.434349
-0.41634
-0.152397
-0.34306
-0.0393092
-0.899186
0.0158673
-0.449347
-0.0783385
-0.229302
-0.119694
NA
-0.229035
-0.30078
-0.278391
-0.597866
-0.221938
-0.325053
NA
-0.0442537
-0.484221
-0.00284536
-0.592076
0.0820832
NA
-0.399396
-0.386447
-0.00338797
-0.332148
-0.548487
-0.061685
NA
-0.694702
-0.0145282
-0.518961
0.060691
-0.327925
-0.560883
-0.733414
-0.0199344
-0.348872
NA
-0.26419
NA
-0.320717
-0.600443
-0.155726
-0.415478
-0.249548
0.000298346
-0.353086
-0.471812
0.0808176
-0.330717
-0.326189
-0.255697
0.0836748
-0.693779
-0.707311
-0.39561
-0.25225
-0.428322
-0.0598457
NA
-0.55776
NA
-0.188815
-0.359682
-0.286237
-0.319192
-0.00513249
-0.889481
NA
-1.0363
-0.109214
-0.363934
-0.394175
NA
-0.459618
-0.205745
-0.0824537
NA
-0.428609
-0.397228
-0.684129
-0.680306
0.0119441
0.118355
NA
-0.332942
0.248163
NA
NA
-0.535655
NA
NA
0.0245962
NA
-0.635753
-0.455986
-0.274528
NA
-0.119235
NA
-0.437949
-0.406626
-0.209628
-0.195431
-0.571873
0.181803
-0.212416
-0.0213387
-0.105405
-0.243015
-0.498417
-0.226808
-0.462187
-0.295068
-0.322533
-0.6813
-0.278659
-0.0982375
-0.0382829
-0.123842
-0.0298571
-0.538899
-0.370951
0.025857
-0.424551
-0.471404
NA
0.0482208
NA
NA
NA
-0.344524
-0.398164
NA
0.0630577
-0.540568
-0.630341
-0.234123
NA
-0.0923452
-0.9961
-0.410672
-0.210129
NA
0.0215758
-0.373375
0.0106269
-0.339793
-0.157405
-4.61603
NA
-0.402771
-0.511155
-0.311549
NA
-0.00783252
-0.216301
-0.00751317
NA
-0.0702866
-0.401489
0.0178123
-1.1204
-0.543913
-0.099743
-0.359753
-0.0185953
-0.467307
NA
0.187065
-0.204316
0.0720753
-0.662475
-0.338587
-0.303969
0.0323617
-0.186618
NA
-0.102675
NA
NA
0.0452272
NA
-0.206712
-0.710234
-0.374782
0.169971
NA
-0.0198233
-0.629134
-0.223381
NA
0.0159354
-0.483519
-0.201503
-0.398659
-0.980314
NA
-0.209892
-0.0341223
-0.327747
NA
0.0837012
-0.326511
-0.374762
-0.322112
-0.261445
-0.182799
-0.0257983
-0.512262
0.0449613
-0.249068
NA
-0.500044
-0.416287
-0.221485
-0.246912
-0.960361
-0.536512
-0.488886
0.0269
0.0537301
0.0639312
-0.893188
NA
0.231216
-0.294532
0.121575
-0.505995
-0.182706
-0.124094
-0.268255
-0.172769
-0.363934
-0.294216
NA
0.0958438
-0.118266
-0.0472075
-0.812293
-0.0715803
-0.3144
NA
0.0506094
-0.546791
-0.325728
0.0255768
-0.237495
-0.385981
NA
-0.103999
NA
-0.349832
0.099054
-0.171785
-0.294716
-0.0484771
-0.525941
0.0778231
-0.241094
-0.071734
-0.406152
-0.598526
-0.765788
0.148125
-0.184126
NA
-0.436199
-0.410831
-0.121494
-0.175263
NA
-0.166505
-0.425302
-0.15076
-0.758133
NA
NA
-0.508361
-0.900568
-0.453392
-0.397278
-0.0385648
-0.635055
-0.261661
NA
-0.596102
-0.100396
-0.467569
-0.785825
-0.373864
-0.667746
0.240309
-0.278727
-0.192829
NA
-0.197643
NA
-0.40692
NA
-0.190033
-0.705631
-0.416864
-0.181485
0.457895
-0.243932
0.44445
-0.296626
-0.723296
-0.446331
NA
-0.130574
NA
NA
NA
-0.0724695
NA
-0.250892
-0.427851
-0.193544
-0.431994
-0.29071
-0.452093
-0.0360202
NA
-0.0949601
-0.0998468
-0.746019
-0.51262
-0.011697
-0.218933
-0.0468416
-0.296465
NA
0.0114828
0.0297403
-0.876263
-0.439579
-0.982713
-0.216424
NA
NA
NA
-0.116981
0.00486989
0.0864784
-0.764301
-0.384311
-0.0385068
0.0510429
-0.375592
-0.389696
-0.199726
NA
NA
0.06046
-0.0744602
0.041816
-0.129628
-0.431449
-0.181243
-0.291457
-0.312962
-0.149316
-0.547528
NA
-0.39028
NA
NA
NA
-0.388566
-0.284597
-0.503104
-0.334821
-0.141637
-0.138644
0.0602571
-0.0326897
-0.153309
-0.219558
NA
NA
-0.456061
NA
-0.187411
-0.409859
-0.419709
0.0833527
-0.637328
NA
0.0258645
-0.737545
-0.365194
NA
NA
-0.860923
-0.557517
0.0606009
-0.130286
-0.115754
-0.659793
-0.194325
0.00257741
-0.225247
-0.473757
NA
NA
-0.595847
0.0983106
-0.330144
-0.111625
NA
-0.520468
-0.329161
-0.0630516
NA
0.0374062
-0.407898
-0.155552
-0.474061
0.544334
-0.341794
0.0421155
-0.666205
-0.051081
-0.340536
-0.120488
-0.092022
-0.492791
-0.306742
-0.0137289
NA
NA
-0.128269
-0.213996
-0.433844
-0.408194
-0.180366
-0.391185
0.0485743
NA
-0.171597
-0.0485876
-0.454191
-0.678251
-0.416577
-0.182932
-0.383039
-0.548333
0.0482724
NA
-0.813793
-0.198616
-0.585362
NA
-0.959475
-0.970646
0.0186686
NA
NA
-0.155835
-0.752467
NA
-0.801357
-0.0501748
-0.543771
-0.0871589
-0.428563
-0.36422
-0.244162
-0.13105
-0.053959
-0.284862
NA
NA
NA
-0.338421
-0.439755
-0.541497
NA
0.00813049
-0.0031538
-0.562929
NA
-0.349146
NA
-0.432916
-0.600575
-0.0156571
-0.607565
-0.266206
NA
0.0297745
-0.659699
-0.516257
-0.182903
NA
-0.508291
NA
-0.722399
-0.675769
0.0643581
-0.378961
NA
-0.2065
NA
-0.0488714
-0.439534
NA
-0.66395
-0.317122
-0.66976
-0.630008
NA
NA
-0.395312
-0.182409
NA
-0.3126
-0.426916
-0.463542
-0.152355
-1.04596
NA
-0.483731
0.0660722
-0.464975
NA
NA
0.0888734
-0.58874
-0.335474
-0.367287
0.138583
0.0202828
0.0907169
-0.399212
-0.242178
-0.182872
-0.392514
-0.311939
-0.584778
-0.230769
-0.180063
-0.666059
-0.0332311
0.438501
NA
0.131372
-0.585691
NA
-0.162507
-0.538949
0.0154274
-0.185525
-0.787277
-0.610384
-0.0126289
0.00242148
NA
-0.0544588
1.3178
0.0110195
-0.326812
-0.0858655
NA
-0.0807244
NA
-0.372609
-0.241295
-2.95917
0.0454
NA
-0.0635497
0.15542
NA
-0.436006
-0.4497
-0.26156
NA
NA
-0.374624
-0.46242
-0.132401
-0.366
0.025804
-0.224197
NA
NA
-0.656214
-0.384607
-0.24003
-0.210066
NA
-0.60748
0.0540539
0.0869009
-0.223768
NA
NA
-0.136534
-0.214212
0.081547
0.0575027
-0.192633
-0.405915
-0.117572
-0.0110178
-0.34224
-0.553805
NA
-0.00723155
-0.368164
-0.388265
-0.334774
-0.115381
0.034021
-0.235287
0.0569672
-0.563804
-0.403236
-0.192504
NA
NA
-0.0224033
-0.200795
-0.455443
-0.34528
NA
-0.265033
NA
-0.49369
-0.386301
-0.441606
-0.58191
-0.0970345
-0.455655
-0.437344
-0.28919
NA
-0.0207582
-0.392149
-0.170907
-0.044131
-0.359684
-0.370329
-0.275342
0.100063
-0.56789
-0.296651
-0.15428
-0.870727
-0.192139
-0.326027
-0.806217
-0.106078
-0.587896
-0.338244
-0.106624
-0.100181
-0.567876
0.0133545
-0.273232
-0.363599
-0.0811483
-0.388269
-0.0193799
0.0706671
-0.163981
-0.743831
-0.235083
-0.259078
-0.359966
0.190449
0.0479338
-0.166454
0.0786839
-0.453323
-0.476905
-0.58168
-0.252441
-0.936894
-0.449653
-0.378927
0.0622399
-0.541667
-0.330299
-0.0373701
-0.174017
-0.00325416
-0.37091
0.018951
NA
-0.988327
NA
NA
0.0361824
-0.120018
-0.298485
-0.314109
-0.73129
NA
NA
-0.399994
0.0630376
NA
-0.151888
0.00791999
-0.500712
-0.339471
NA
-0.198549
0.00480687
-0.279661
-0.600141
0.05453
-0.462576
-0.870094
0.0613876
-0.141968
-0.53738
-0.42091
-0.392483
-0.222672
-0.303571
-0.138843
-0.57087
-0.442797
NA
NA
0.837778
NA
-0.313845
NA
NA
-0.259252
NA
0.032539
NA
0.172402
-0.47324
-0.2442
-0.627291
NA
-0.106379
NA
0.0893577
-0.123343
-0.154323
NA
-0.23582
-0.370416
NA
-0.521676
-0.444836
0.0713102
NA
NA
-0.0366839
NA
-0.372843
-0.00982722
NA
0.243302
0.000254911
-0.0561275
-0.382953
-0.040131
-0.509584
NA
-0.614184
NA
NA
NA
-0.125804
NA
-0.29673
-0.45519
-0.487727
0.0604756
-0.164392
-0.19814
0.0566462
NA
-0.202517
0.0711828
NA
-0.674678
-0.240956
NA
-0.669278
-0.158566
-0.43882
-0.611475
-0.554149
-0.154869
0.0253932
0.0248483
0.0552073
-0.159767
-0.147419
0.0391404
NA
-0.0407259
-0.44138
-0.441445
-0.125254
-0.160595
-0.740541
-0.00562228
NA
NA
0.0500534
-0.0388882
-0.277073
-0.674397
-0.368466
-0.0777592
0.417864
-0.318392
-0.363111
-0.129152
-1.01153
-0.558705
-0.470507
-0.203011
-0.0343789
NA
-0.0458632
-0.301878
NA
-0.527593
-0.258162
-0.0881537
-0.557732
-0.421298
NA
-0.452776
0.0751802
-0.722985
-0.543151
NA
-1.00082
-0.0555667
-0.17131
-0.424292
-0.250784
-0.0552417
NA
-0.244651
NA
-0.411749
-0.637114
-0.605532
NA
0.049325
-0.25001
0.0117868
0.0676661
-0.0177528
-0.457072
-0.683422
-0.653231
NA
NA
0.0166198
NA
NA
-0.563795
-0.742667
NA
-0.454421
-0.40723
0.0889724
NA
-0.445917
-0.748953
-0.456035
NA
NA
-0.274444
NA
NA
-0.49021
0.00261391
NA
0.0383232
NA
-0.167478
0.0155309
-0.0500833
-0.284815
-0.631398
-0.690346
NA
0.0251914
-0.397711
-0.214047
-0.194998
-0.320344
-1.57756
-0.505868
-0.203044
-0.789171
-0.236527
-0.0603242
0.0408367
NA
0.0686409
-0.23958
-0.471264
NA
-0.344994
-0.0942342
NA
-0.447644
0.0581576
0.145011
-0.249821
-0.188883
-0.266365
0.0511624
-0.468546
-0.142477
-0.129115
0.109437
NA
-0.0391833
NA
-0.340456
-0.463567
-0.356427
-0.32536
-0.574396
-0.262143
-0.309038
-0.141498
NA
-0.319713
NA
-0.205399
-0.152105
-0.838208
-0.629503
NA
-0.00466255
-0.0645652
-0.273305
-0.729804
-0.563207
-0.113078
-0.168536
-0.201185
NA
-0.703729
-0.31587
-0.163549
-0.179603
-0.129033
0.0282878
-0.0824961
-0.228287
-0.370853
-0.798401
-0.670157
-0.322552
-0.282749
NA
-0.540964
0.10625
0.0837098
-0.491191
-0.39561
0.0164171
NA
NA
NA
-0.194256
-0.575193
-0.275392
NA
-0.351146
-0.105187
-0.471821
-0.152809
-0.665194
0.0536618
-0.268193
-0.224792
0.00600434
NA
-0.410258
-0.286595
-0.658702
-0.459721
-0.00769964
-0.102401
-0.578347
-1.08575
-0.209474
-0.365335
-0.127154
-0.435016
-0.656522
NA
-0.284183
-0.0500044
0.0810476
0.0266132
-0.384587
0.0142494
-0.824884
NA
-0.75699
-0.450491
-0.076341
-0.095971
-0.0192808
-0.158823
-0.17316
-0.697024
NA
-0.326201
0.0325458
-0.0489706
8.7131
-0.214566
-0.193864
NA
NA
-0.88894
-0.303433
-0.325907
NA
-0.310968
0.0705657
-0.821596
-0.327628
-0.403154
-0.146926
NA
NA
NA
-0.264411
NA
-0.451756
0.0878821
-0.367353
-0.463044
-0.177417
-0.222637
-0.468276
NA
-0.352494
NA
-0.457386
-0.0981825
-0.406247
0.0622562
0.0158276
-0.651107
-0.0176978
-0.371284
-0.732284
-0.339257
NA
-0.209111
NA
-0.233294
-0.442442
-0.762732
-0.885583
-0.0362205
-0.494306
-0.0910705
-0.136544
NA
0.0801896
-0.394419
-0.312483
-0.378057
-0.050037
NA
-0.497567
-0.162746
-0.600208
NA
-0.0320277
NA
-0.325911
-0.976902
-0.209037
-0.0273973
-0.57804
-0.242875
0.0611715
NA
NA
-0.463759
-0.731285
-0.354245
-0.353795
-0.153938
-0.5191
-0.697457
-0.3891
0.0475235
-0.310993
-0.0735669
-0.245695
-0.14852
NA
-0.290635
-0.117525
-0.445952
NA
-0.70487
-0.3411
NA
-0.260192
-0.442481
-0.419797
-0.785797
NA
-0.478704
-0.464304
0.0923306
-0.242239
0.30034
0.0800848
-0.413732
-0.695605
-0.0429392
-0.524424
-0.620582
-0.0164956
NA
-0.11028
-0.249693
0.0810517
-0.270549
-0.454145
0.0252875
-0.729222
-0.223522
-0.351963
0.0624102
-1.05062
-0.342533
-0.267105
-0.162013
-0.356378
-0.716847
-0.61764
0.0159952
NA
-3.5
NA
-0.716295
-0.282929
-0.400314
-0.28522
-0.273891
-0.535531
-0.34983
NA
-0.508327
-0.932536
NA
-0.377482
-0.726145
NA
-0.222174
-0.567695
NA
-0.0625274
0.0503436
-0.447531
-0.353219
-0.319566
-0.375866
-1.16821
-0.187448
NA
-0.214497
-0.436795
NA
-0.347704
0.164466
-0.90924
-0.694708
-0.373255
-0.449877
0.0561139
-0.0221881
-0.487846
NA
-0.0461389
-0.29484
-0.346325
-0.454113
0.0533689
-0.297548
NA
-0.331598
0.0155927
0.0696565
0.770168
-0.436985
-0.253473
NA
0.0448741
-0.485427
NA
-0.296503
-0.184093
-0.441877
NA
2.99365
0.0516428
-0.580578
NA
-0.635724
-0.681277
-0.495445
0.155328
-0.197593
NA
-0.460401
-0.417122
NA
NA
-0.307217
-0.379066
-0.941273
-0.135402
-0.65878
-0.559005
-0.457462
-0.487958
-0.35892
-0.0821899
-0.558435
-0.249704
-0.0298626
NA
-0.267444
NA
NA
NA
-0.440476
0.727645
0.0577
0.0262314
-0.225045
-0.583689
-0.207436
NA
-0.216408
0.0896145
0.143489
-0.028555
-0.665563
-0.570705
-0.109133
-0.30632
-0.733539
-0.431176
NA
-0.879729
-0.277419
-0.344693
0.0744158
-0.17588
NA
-0.518586
-0.59752
-0.668247
NA
-0.418645
-0.0447071
0.0603547
-0.266418
-0.29303
NA
-0.139925
-0.102863
-0.0744024
-0.466651
-0.637339
-0.25296
-0.68055
-0.386788
-0.0499766
-0.479376
0.0317511
NA
-0.0387841
NA
NA
-0.273713
-0.311977
0.0596338
-0.300563
NA
-0.343173
-0.458835
0.0233483
-0.439968
-0.553701
-0.223433
-0.456292
-0.663107
-0.311357
-0.556
-0.341596
-0.0220419
-0.549336
-0.287227
-0.0716408
-0.219787
-0.285396
NA
-0.401211
-0.315898
-0.242677
NA
-0.822695
NA
-0.207919
-0.731721
-0.296057
-0.122533
NA
-0.455922
-0.150764
0.372687
-0.31418
-0.510405
-0.511659
-0.269868
-0.114145
0.105877
0.0248249
-0.419536
-0.597656
-0.692827
NA
NA
-0.284623
NA
0.0611444
-0.146681
-0.67218
-0.129641
-0.152545
NA
-0.127603
NA
-0.241443
-0.584272
0.0153883
NA
-0.612454
-0.0579596
NA
NA
-0.305525
0.0855141
NA
-0.356843
-0.0244603
NA
-0.228782
-0.212715
-0.0383666
0.0103413
-1.32006
-0.0836192
-0.480269
0.0248291
-0.373887
-0.110322
-0.443958
-0.084011
-0.510986
-0.235906
NA
-0.257373
0.00872511
0.0256813
-0.304514
-2.97796
-0.575197
-0.447385
-0.288663
-0.0175584
-0.409626
-0.187335
0.0156093
-0.59211
NA
-0.156624
-0.543975
-0.491316
-1.167
-0.703947
-0.514571
NA
NA
-0.56772
-0.327822
-0.322727
0.0922342
-0.676434
-0.244496
-0.271733
-0.144912
-0.0180315
-0.0122544
0.0159881
NA
-3.67349
0.0768552
NA
-0.343613
0.0286525
NA
-0.351624
-0.303691
NA
-0.179702
NA
-0.0173043
NA
-0.0996487
-0.528412
-0.148464
-0.846353
-0.471832
0.0571236
-0.251599
-0.144138
-0.151253
-0.662658
-0.548947
0.0164
-2.00584
-0.500427
-0.0770986
-0.681223
-0.395016
-0.698762
-0.210745
0.243253
-0.122075
-0.33308
-0.129599
-0.168635
-0.0736382
0.0706766
-0.180914
0.0918206
-0.357698
0.324624
-0.320275
-0.205009
-0.739738
NA
-0.286384
-0.126811
-0.127133
-0.162867
-0.053411
NA
NA
-0.482394
-0.141767
-0.379754
-0.272781
-0.37926
-0.359743
NA
-0.103612
0.018243
-0.384651
NA
-0.00656312
-0.421105
0.0724548
-0.399299
0.0167069
-0.155231
-0.198284
-0.641706
-0.372739
-0.0514707
-0.251419
-0.0177369
-0.605598
NA
NA
-0.375314
-0.221481
-0.426074
0.0615533
-0.294121
NA
NA
-0.440382
-0.377784
-0.0695977
-0.455073
NA
-0.0646272
-0.485333
-0.0708053
-0.633133
-0.80151
-0.418023
NA
-0.563433
NA
-0.527394
0.00716909
-0.121456
0.511495
-0.645243
-0.0242751
-0.199015
0.054101
0.0191633
0.0387021
NA
NA
NA
-0.304516
-0.525229
-0.0695175
NA
-0.650754
NA
-0.641982
-0.186713
-0.635288
-0.560233
-0.324571
NA
-0.291361
-0.0309936
NA
-0.165989
0.146431
NA
-0.388783
-0.367172
0.0241463
-0.310836
-0.428471
-0.407646
-0.121623
-0.357233
NA
-0.333959
-0.222528
0.576608
-0.728173
NA
-0.604379
NA
NA
-0.232131
0.0769679
0.043178
-0.332741
-0.217001
NA
-0.531489
0.000278164
-0.348472
0.0672633
-0.0921937
-0.415973
-0.310999
-0.309765
-0.633311
-0.437662
-0.477191
-0.616901
-0.0234236
NA
-0.283348
-0.0404148
-0.154735
NA
NA
NA
-0.103651
-0.274932
-1.37705
-0.557923
NA
-0.457766
-0.211614
-0.136728
-0.189389
0.0502995
-0.480483
0.064974
1.61762
-0.57557
-0.694129
NA
NA
-0.447929
-0.382027
0.0759975
-0.427349
NA
-0.9828
-0.740635
-0.679005
NA
NA
0.00945715
-0.890504
-0.0317846
NA
-0.422814
-0.425315
-0.284891
0.0403764
-0.104654
-0.856699
-0.0437046
-0.430273
NA
-0.304892
-0.157797
0.0918481
-0.372215
-0.0713466
0.0303522
-0.437505
NA
-0.165428
0.0154598
0.0844468
-0.348527
-0.327219
NA
-0.70619
-0.635191
0.00273378
-0.290292
-0.417778
-0.700755
-0.584374
-0.122189
0.0255831
0.00209134
0.0158894
0.0111628
-0.213602
-0.269648
-0.217837
NA
-0.120824
-0.330873
-0.323595
-0.271633
NA
-0.409863
-0.466913
-0.503833
-0.105414
NA
NA
-0.0301061
-0.49857
-0.16158
-0.671334
NA
NA
-0.187111
NA
-0.660187
-0.0791912
-0.206752
-0.455889
-0.332171
-0.189174
-0.284073
-0.898302
NA
0.054169
-0.298023
NA
-0.0203358
0.0336518
-0.0122372
NA
-0.680932
-0.343469
-0.741471
-0.163931
-0.220938
-0.914483
NA
-0.104472
-0.665613
0.0186456
-0.14201
-0.182872
0.090233
NA
NA
NA
-0.221927
NA
-2.16787
-0.672722
-0.394513
0.0548498
-1.06782
NA
-0.379438
-0.598948
NA
-0.772541
-0.0340222
-0.0274792
-0.316688
NA
-0.163389
-0.12415
-0.303723
-0.00160535
-0.065499
-0.439551
NA
-1.06838
-0.30649
-0.119629
-0.252709
-0.245716
NA
-0.441479
-0.490767
-0.356814
-0.342157
-0.277401
-0.195379
0.0222995
-0.0956721
0.206644
-0.173998
-0.123526
-0.883055
0.0767496
-0.30436
-0.216613
-0.685727
-0.32623
0.0577335
-0.634811
NA
0.0689585
-0.424326
NA
-0.118711
-0.666083
-0.246566
-0.37978
-0.63452
-0.193432
0.0832982
-0.56876
-0.499967
-0.47696
-0.269203
NA
-0.283788
-0.391347
-0.27245
-0.481719
-0.334211
NA
-0.250113
-0.496078
0.0642846
-0.106621
-0.517398
NA
0.0252858
-0.122996
NA
-0.415411
-0.448231
-0.104124
-0.262349
-0.578266
-0.357107
NA
-0.179757
-0.57757
-0.146396
-0.654557
0.016192
-0.579046
0.0945466
-0.0417763
-0.63481
-0.0681231
-0.159688
-0.47128
-0.254356
-0.250688
0.0643474
-0.386461
-0.673383
-0.382551
-0.108344
-0.00935124
-0.121101
-0.412476
-0.0342529
-0.441101
0.0662452
-0.709346
-0.138281
NA
-0.257462
-0.138447
-0.0857046
-0.0782772
0.046183
-0.125195
0.0252883
-0.56761
-0.325296
-0.212068
NA
-0.164398
-0.425618
-0.228758
-0.299632
0.158677
-0.28781
-0.439268
NA
-0.614183
0.0512484
NA
-0.324562
-0.362593
-0.339028
-0.479459
-0.146627
-1.03269
-0.838514
-0.161094
-0.304576
-0.109467
0.080848
-0.229759
-0.611143
-0.0170071
NA
-0.757474
-0.0287251
-0.320602
-0.525948
0.102678
-0.0418796
0.0154756
-0.381047
-0.306789
NA
NA
0.064888
0.0159977
NA
-0.399691
NA
-0.152217
-0.0304787
-0.253349
-0.370286
0.02516
NA
-0.644847
-0.599169
-0.637642
NA
NA
-0.363254
-0.235562
-0.446711
-0.398438
0.506533
-0.266501
-0.089342
-0.458061
-0.0921838
NA
NA
-0.388251
-0.13789
-0.156279
-0.569337
0.0590723
-0.0544156
-0.475132
-0.634274
-0.759761
-0.22298
-0.370167
-0.43127
-0.32149
-0.101357
NA
-0.475491
-0.550504
0.00132444
-0.191085
-0.627318
0.0161136
NA
-0.0729525
NA
NA
NA
NA
-0.725614
0.0157114
-0.682548
NA
NA
-0.187929
-0.115662
-0.350924
-0.46296
-0.783754
NA
-0.374186
-0.500049
-0.189459
0.230559
-0.54339
-0.245016
-0.842039
-0.38605
-0.635848
-0.0452617
0.0056258
-0.0483405
NA
-0.190915
-0.13807
-0.377872
0.0708708
-0.199316
-0.0643996
0.0513678
-0.277907
-0.266876
NA
0.0563429
-0.875124
-0.684054
-0.339616
-0.403569
-0.475012
-0.0199128
-0.461491
0.0149214
-0.157101
-0.509781
-0.904892
-0.113091
0.0577135
-0.427689
-0.390371
-0.47926
-0.560436
-0.498984
-0.421783
-0.281737
NA
NA
-0.105517
-0.586076
-0.672807
-0.23781
NA
-0.477191
-0.28006
-0.0277519
-0.632399
-0.463549
-0.196942
0.12227
-0.230023
-0.46361
-0.586603
NA
-0.152388
-0.34627
-0.632803
-0.481807
-0.100537
-0.555741
0.0448904
0.0256892
-0.252018
-0.407052
0.0279288
-0.280169
-0.307727
-0.12548
-0.666959
NA
-0.123003
0.428818
-0.324452
-0.0238668
-0.265142
0.0567954
-0.498701
-0.346433
NA
0.0537495
-0.247776
NA
0.0216566
-0.562611
-0.313619
-0.386045
-0.63409
NA
-0.640083
-0.3645
-0.515933
0.010585
-0.276296
-0.166366
0.0840929
-1.01102
-0.190979
-0.160471
NA
-0.398119
0.0348901
-0.174418
0.0508088
-0.459158
-0.34386
0.0362496
NA
NA
-0.352684
NA
-0.0784526
0.0638252
NA
-0.0149147
0.0159055
-0.570736
NA
-0.132826
-0.428442
-0.359155
-0.368944
0.0463719
-0.126674
NA
-0.204846
-0.13234
-0.0199239
NA
-0.514561
-0.420003
NA
-0.0919567
-0.293521
NA
-0.243196
-0.461601
-0.865583
NA
-0.573567
NA
-0.504227
0.0928412
NA
0.0645271
-0.238501
-0.308537
-0.189779
-0.286802
0.045272
-0.00720586
-0.340838
-0.290748
-0.136238
NA
NA
-0.0263748
0.0869365
-0.512257
-0.221486
-0.27969
-0.550094
-0.241564
-0.140709
-0.0412403
-0.440371
-0.568101
-0.516574
NA
-0.143865
-0.253275
-0.709427
0.061062
-0.702496
-0.120495
-0.236785
-0.587205
-0.413736
-0.496692
-2.29654
0.0700315
0.0257031
-0.241161
NA
-0.350663
-0.0374102
-0.346616
-0.098297
-0.125728
0.090207
NA
-0.135544
-0.138382
-0.138274
0.0402554
NA
-0.085968
-0.00614019
-0.302989
-0.617044
NA
-0.0387113
-0.339675
0.0780701
-0.652581
-0.744669
NA
-0.418726
NA
0.119882
NA
-0.464545
NA
-0.278648
NA
-0.371712
NA
-0.33065
-0.846455
-0.300634
-0.557843
0.0643077
NA
NA
0.01
NA
0.0865114
-0.620144
-0.531812
NA
NA
-0.257365
NA
0.036627
NA
0.0257304
-0.419982
-0.550511
-0.16654
-0.630693
-0.0179014
-0.0507964
-0.176811
-0.145893
-0.263444
-0.326192
-0.0473808
NA
-0.214196
-0.45411
-0.488623
-0.342635
-0.12701
-0.346704
0.0485329
NA
-0.462631
-0.0587979
-0.194607
0.0756763
-0.353266
-0.374667
0.104269
-0.0311414
-0.64911
-0.126657
-0.718444
-0.208365
-0.334632
-0.00560887
-0.816356
-0.0563154
0.202037
NA
-0.622029
-0.663587
-0.211342
-0.348023
-0.369459
-0.697486
-0.475661
-0.16008
NA
-0.290004
0.0529251
-0.162777
NA
-0.111242
-0.0449189
-0.0494361
-0.405128
NA
-0.455944
-0.795313
-0.313175
-0.633447
-0.432392
-0.0220344
-0.042783
-0.0914475
-0.0903755
0.108284
-0.172697
-0.232534
-0.0787643
-0.0626828
NA
-0.390548
NA
-0.933383
0.0832476
-0.318286
NA
-0.236395
-0.102724
-0.0589154
0.0212063
-0.291596
0.0680337
0.0175212
NA
-0.735968
-0.177594
-0.0660705
-0.295066
NA
-0.0337113
-0.202022
-0.447486
-0.504876
-0.0846741
NA
-0.201391
0.0872258
-0.323351
NA
-0.650411
NA
-0.360126
NA
-0.323748
0.0714046
NA
0.0501105
-0.0845533
-0.32505
-0.334576
NA
NA
-0.250589
-0.780374
-0.480506
-0.245209
-0.160409
-0.307957
NA
-0.277202
-0.132454
-0.332372
-0.359563
NA
-0.266735
-0.510295
-0.365052
-0.216452
-0.807805
0.0247254
-0.845122
-0.511163
-0.424259
-0.174152
0.0245451
0.0803692
-0.193357
NA
-0.618787
-0.15609
-0.496395
-0.0181151
-0.493123
-0.182514
-0.62035
-0.566121
NA
NA
-0.163036
-0.0621093
-0.337887
-0.308791
-0.215458
-0.0764422
-0.425614
-0.498807
-0.204318
-0.284931
NA
NA
0.0530588
-0.230147
-0.168361
-0.232492
-0.0819866
-0.0554596
-0.167213
-0.0168267
NA
NA
0.0956222
-0.106259
-0.2046
-1.08839
-0.130509
NA
NA
-0.653193
0.0181481
-0.106258
-0.471825
-0.0949974
-0.0367606
NA
-0.461766
0.0151589
0.391669
NA
-0.278451
-0.69106
-0.414891
-0.305486
NA
-0.366981
-0.840881
-0.343282
NA
-0.166425
-0.25806
0.0256188
-0.335865
-0.186578
-0.351799
-0.291239
-0.0730472
-0.0239539
0.0723921
-0.91124
-0.679591
-0.754517
-0.0712473
NA
0.123732
-0.12668
-0.198461
-0.142604
NA
-0.497782
NA
-1.06906
-0.433883
-0.204443
0.0621283
-0.122833
-0.389432
-0.0443568
-0.263936
NA
0.0307999
-0.507312
-0.413012
0.103196
-0.531165
0.247419
-0.276708
-0.688738
NA
0.0655834
-0.316458
-1.07959
-0.0793885
-0.327931
-0.596134
NA
-0.411246
-0.649648
-0.369446
0.00211072
-0.178142
-0.0695815
-0.475097
-0.360812
-0.393793
-0.362826
NA
-0.259823
-0.152514
-0.729948
0.0154843
-0.117201
-0.178173
0.0670237
0.0682807
0.0479887
-0.126956
NA
-0.538862
-0.0858466
-0.420435
NA
-0.430181
-0.52389
NA
-0.229306
0.0309107
-0.528394
-0.517182
-0.406855
-0.458244
-0.233793
-0.540964
NA
NA
0.00478685
-0.33348
-0.374817
-0.0311953
NA
-0.398818
-0.410109
NA
-0.503255
0.024972
0.0688111
-0.626696
-0.0510506
-0.10501
-0.239133
4.78006
NA
NA
-0.0793824
-0.193974
-0.315643
-0.454444
-0.0522072
0.00945906
-0.24941
-0.363321
-0.656734
-0.115483
-0.751408
-0.858589
-0.195289
-0.345275
-0.636405
-0.385464
-0.405188
-0.128135
-0.551828
-0.0485626
-0.0571123
-0.00487441
NA
-0.317376
0.0753923
-0.712186
-0.77541
-0.675776
-0.0419547
-0.68794
-0.0919302
-0.000567228
-0.150696
-0.360588
-0.230483
-0.722868
0.0200669
0.00720121
-0.560768
-0.433028
-0.0785272
-0.32229
NA
-0.442425
-0.397006
-0.637522
-0.665333
0.0269
-0.168949
NA
-0.274701
0.0161104
0.025286
0.0156234
-0.955724
-0.12707
-5.74353
0.0238485
-0.369708
0.711429
-0.022002
-0.532947
-0.529422
-0.568697
-0.390918
-0.0384319
-0.251954
-0.400135
-0.11103
-0.673413
NA
0.0783668
-0.092788
-0.50368
-0.143104
-0.529954
-0.335487
-0.56433
-0.292003
-0.827333
-0.136785
-0.264283
NA
0.00297876
-0.00379755
-0.855217
-0.864313
-0.0726633
NA
-0.757091
-0.16194
-0.326015
-0.0244693
-0.197302
-0.30077
-0.231515
-0.720271
-0.733109
-0.336255
-0.451613
-0.632225
-0.491495
-0.595063
0.0211579
-0.0928243
-0.581558
-0.265063
NA
-0.323288
-0.129543
-0.250045
-0.439087
NA
-0.295359
NA
0.0972
NA
NA
0.0432286
0.0611054
-0.506655
-0.644622
-0.347198
-0.389318
0.0225737
0.0663067
-0.598668
-0.257045
-0.178475
-0.409105
-0.170133
-0.0899788
-0.154599
-0.582091
-1.0869
-0.295443
-0.67873
-0.230069
-0.31201
NA
-0.32222
-0.281067
0.0798935
-0.238327
-0.121153
-0.465315
-0.290426
-0.486917
NA
NA
NA
0.0498616
-0.264863
-0.107898
-0.412423
-0.101713
-0.0974531
-0.0246889
-0.280831
NA
0.00533859
-0.235206
0.0926792
-0.0146557
-0.533264
-0.238627
-0.352585
-0.48901
0.0150648
0.0497506
-0.192949
-0.0956841
-0.582153
-0.163685
-0.0233853
-0.166691
-0.0518089
-0.766497
-0.321273
0.212588
-0.71069
-0.797112
-0.166621
-0.0363856
-0.2128
0.0554631
-0.43391
-0.346275
-0.815935
-0.691198
-0.270917
-0.614615
-0.399989
-0.519743
NA
NA
0.0733057
0.18242
-0.358415
0.00725933
-0.953828
-0.0623969
-0.230943
-0.566931
-0.240167
0.0556351
-0.320287
NA
-0.698802
-0.0488337
0.0580025
-0.434766
-0.936062
-0.863053
-0.515263
0.0213769
-0.152444
-0.338063
-0.0634687
-1.64108
-0.0314514
-0.293767
-0.273371
-0.0066709
0.20965
-0.647571
-0.609744
-0.389908
-0.193592
-0.480169
-0.713918
-0.59202
NA
NA
-0.564505
-0.212141
-0.293658
-0.721498
0.162835
0.633648
-0.595762
-0.0280321
NA
NA
-0.298874
NA
NA
-0.216922
-0.137478
-0.030102
NA
-0.542195
-0.126173
0.0714449
-0.00362345
-0.0752189
-0.900337
0.0153785
NA
NA
-0.142701
-0.229233
-0.282784
-0.0446294
-0.386597
-0.372163
0.0107688
-0.929131
-0.849676
-0.160664
-0.581472
0.047561
-0.0125524
0.00948863
-0.507889
-0.015896
-0.201086
-0.570234
0.0727356
-0.182601
NA
-0.165761
NA
-0.773892
NA
0.104797
-0.20696
-0.592125
-0.392857
-0.0377599
-0.745554
-0.732553
NA
-0.142638
-0.371704
NA
0.113122
NA
NA
0.0488833
-0.208369
-0.0503374
NA
-0.453188
NA
-0.602205
-0.771489
-0.0777209
-0.169272
-0.889351
-0.400736
0.0586226
-0.0478853
-0.212253
-0.495947
-0.540866
NA
-0.879645
-0.255682
-0.504029
-0.203328
NA
-1.54421
-0.240262
0.0907239
NA
0.130683
0.00345849
-0.23886
-0.212191
NA
0.515991
0.0702715
-0.3761
-0.927743
-0.109454
0.0678212
-0.0234495
-0.0825356
-0.0336794
NA
-0.233018
-0.634698
-0.636401
-0.347636
-0.313516
-0.641201
-0.59857
NA
-0.0304759
-0.54394
NA
0.0213125
NA
0.0701378
NA
-0.416679
-0.0896203
-0.277338
-0.251035
-0.29594
-0.5096
-0.577224
-0.240233
-0.00992311
-0.474463
-0.634436
-0.371289
0.0498266
-0.430602
-0.16099
-0.122128
-0.409991
-0.430148
0.0806887
-0.319079
NA
0.0360419
NA
NA
-0.31922
-0.547414
-0.128502
NA
-0.314804
0.0643133
-0.367098
0.0414803
0.0574989
-0.236444
0.0615736
-0.409175
0.0252286
-0.678961
-0.0053443
-0.51465
-0.444816
NA
-0.17582
-0.285632
-0.0649378
-0.0370018
-0.0279764
-0.18634
-0.829029
-0.0213712
-0.219551
-0.0309538
NA
NA
0.0799537
0.0093087
-0.455855
0.0627353
-0.775108
-0.774854
-0.340333
NA
NA
-0.15089
-0.712721
NA
NA
-0.577122
-0.842692
-0.529142
-0.374232
-0.310456
-0.241174
-0.385646
-0.0873149
-0.530358
-0.667407
-0.469151
0.0791654
-0.399787
0.0160701
-0.0601275
-0.0537986
-0.357581
0.115464
-0.16412
0.0677171
NA
NA
-0.440355
NA
-0.259915
-0.0202096
NA
-0.365777
-0.150473
-0.116671
NA
-0.358923
NA
-0.288601
-0.259141
-0.115429
-0.183557
-0.648275
-0.515897
0.0155224
-0.526935
NA
-0.0560507
-0.100746
NA
0.0265491
-0.168049
-0.0232481
-0.520117
0.022791
0.0274625
-0.6449
-0.408376
-0.570135
0.0240917
-0.547087
-0.507278
0.0388491
-0.15713
NA
0.160068
-0.272421
-0.293557
NA
-0.49813
-0.452993
-0.778921
-0.351761
NA
-0.0157831
-0.543373
-0.138669
-0.0811553
0.0474565
-0.061747
-0.202815
NA
NA
NA
-0.470279
NA
NA
-0.404959
-0.282021
-0.123771
NA
0.0419502
-0.328979
-0.168046
-0.518912
-0.327921
0.0936692
NA
NA
-0.119762
-0.0845518
-0.43589
0.273714
NA
-0.112365
-0.658783
-0.0443872
-0.218219
-0.210251
NA
-0.439247
0.0257954
NA
-0.487298
-0.379653
-0.119228
-0.224675
-0.286938
-0.0627024
-0.395179
-0.285939
-0.524724
-0.113929
-0.11173
-0.0563798
-0.00525106
-0.312742
-0.104444
-0.27551
0.024372
-0.368463
-0.149618
-0.394145
NA
NA
-1.19274
NA
-0.202251
-0.335029
-0.651692
-0.254744
-0.709202
0.149147
0.0675952
-0.51425
-0.240195
NA
NA
-0.622299
-0.389429
-0.2223
-0.342761
-0.449996
-0.476398
-0.0990846
0.0559119
0.0665218
NA
-0.618341
-0.446488
-0.0974313
0.0564415
NA
-0.39845
-0.0599362
-0.492596
NA
-0.0401509
0.0239153
-0.301834
-0.580269
-0.546728
-0.167846
-0.413663
-0.508463
-0.227364
-0.0907693
NA
-0.426594
NA
-0.697687
NA
-0.382055
0.252911
-0.089141
-0.368092
-0.096287
NA
NA
-0.214816
0.0636151
NA
-0.431315
-0.460299
-0.223715
NA
-0.506625
-0.460671
-0.176238
-0.313013
-0.778979
-0.379926
0.0184967
NA
-0.398897
-0.792554
-0.369883
-0.191802
-0.409992
-0.271118
-0.157511
-0.365555
0.143991
-0.337004
-0.398164
-0.331189
-0.545312
-1.01891
-0.525898
0.0695233
-0.579481
-0.28079
-0.132565
-0.366098
-0.095099
0.0764683
0.0569655
-0.527071
0.329432
-0.693483
-0.342142
NA
-0.679512
NA
-0.847247
-0.0683885
-0.320462
-0.247046
-0.00760706
0.0442942
-0.124965
-0.0162407
-0.291638
0.0524585
-0.00182158
0.0153427
-0.169582
-0.269036
-0.167281
0.00223055
0.0819262
-0.322588
-0.387885
0.023917
-0.405802
NA
-0.330526
-0.643069
-0.347763
-0.317513
NA
-0.315536
-0.198288
0.0181124
-0.228895
-0.405481
NA
-0.137898
-0.867675
-0.279124
-0.286324
NA
0.0145377
-0.558271
-0.27202
0.0753974
NA
-0.191613
-0.112636
-1.18527
-0.303553
-0.386629
-0.214728
-0.41269
0.75392
NA
0.0225549
-0.0690621
-0.258008
-0.33647
-0.647743
NA
-0.345692
NA
-0.381667
-0.608873
-0.402308
NA
-0.313902
NA
-0.521106
NA
-0.306228
NA
NA
-0.00115765
-0.448067
-0.398584
NA
-0.573122
-0.403486
-0.00901601
-0.373811
NA
NA
-0.563576
-0.337692
-0.172419
-0.115864
-0.860541
-0.0600138
-0.629908
-0.255066
-0.314057
0.022201
-0.299131
-0.228456
-0.163693
-0.274069
NA
NA
NA
NA
-0.295409
-0.336237
-0.220034
-0.0959389
-0.612374
-0.333881
-0.129497
-0.18398
-0.230028
-0.168958
-0.223831
-0.188283
0.0816726
-0.556706
-0.411868
-0.452799
-0.260871
-0.00454936
-0.613412
-0.776813
-0.269175
-0.243663
0.0527929
NA
-0.307372
-0.442301
-0.0662186
-0.690524
0.00848531
-0.399809
-0.513986
NA
0.0939456
-0.576729
NA
-0.341301
-0.0296709
-0.679714
-0.0314837
0.0398947
NA
NA
NA
-0.534332
0.0101568
NA
-0.0108315
-0.372735
-0.0427664
-0.441079
0.716338
-0.116171
0.0388596
