-0.0716408
-0.258438
-0.401211
-0.0680295
NA
-0.822695
-0.542129
-0.387667
-0.439968
-0.456292
-0.663107
-0.0323757
NA
-0.341485
-0.556
-0.311357
-0.188844
-0.00638182
-0.300563
-0.415451
NA
-0.454558
0.0233483
-0.105619
0.0795689
-0.255333
-0.200322
-0.273713
-0.0941034
-0.279169
NA
0.0611444
-0.146681
-0.0665412
-0.67218
-0.597656
-0.297879
0.0248249
-0.692827
-0.0613689
NA
-0.31418
-0.510405
-0.269868
0.000237143
0.105877
-0.0443503
-0.207919
-0.122533
-0.150764
-0.455922
NA
0.0248291
-0.615551
-0.480269
0.0059975
-0.212715
-0.363617
-0.232996
-1.32006
NA
0.0663746
-0.356843
NA
-0.0946447
-0.343512
NA
-0.39433
-1.17982
0.0153883
-0.584272
-0.326938
0.0528941
-0.612454
0.0400996
0.0547702
-0.322727
0.0588441
-0.676434
NA
-0.543975
-0.626376
-0.156624
-1.167
-0.514571
-0.409626
-0.187335
0.0156093
NA
-0.59211
0.0138237
-0.281413
NA
0.00872511
0.0256813
-0.0151432
-0.132051
-0.447385
-0.0175584
-0.0996487
-0.846353
-0.528412
-0.0781216
NA
NA
-0.422568
NA
-0.343613
0.0286525
-0.107733
NA
NA
NA
-0.00321137
-0.496773
-0.244496
-0.271733
0.0159881
-0.180914
0.0918206
-0.479043
-0.681223
-0.3571
NA
-0.210745
0.0729563
-0.129599
-0.414047
-0.202421
-0.22799
-0.277289
-0.185236
-2.00584
-0.0770986
0.0571236
-0.25571
-0.761114
NA
-0.399299
0.0724548
0.0167069
-0.421105
-0.813017
-0.0514707
-0.605598
-0.0177369
-0.103612
-0.355604
-0.0807928
-0.053411
0.0616164
-0.482394
-0.115304
NA
-0.33008
-0.127133
-0.588033
-0.162867
NA
0.0624842
0.511495
-0.645243
-0.121456
-0.016272
NA
-0.283039
-0.0253214
-0.0695977
-0.313343
-0.485333
-0.509107
-0.375314
NA
-0.221481
NA
-0.377784
-0.0459654
NA
0.0475235
-0.373203
-0.628776
-0.0735669
-0.731285
NA
-0.353795
-0.354245
-0.153938
-0.648364
-0.122514
-0.0816292
NA
-0.325911
-0.638336
-0.287598
-0.242875
-0.57804
-0.298687
NA
-0.394419
NA
-0.196812
-0.378057
-0.248254
-0.600208
NA
-0.355342
-0.620582
NA
-0.211946
0.30034
-0.242239
0.0800848
-0.707001
-0.0138588
-0.419797
-0.785797
-0.366081
NA
NA
-0.445952
-0.079968
-0.468698
-0.601648
-0.260192
-0.282929
0.0173187
-0.709916
-0.400314
-0.273891
-0.28522
NA
-0.535531
-0.356378
-0.487814
-0.61764
-0.263528
-0.872742
0.066108
NA
-0.068209
NA
-0.00800265
-0.342533
-0.162013
-0.0164956
-0.526199
-0.214497
0.262169
-0.436795
-0.0746542
-0.962786
-0.222174
NA
-0.0625274
-0.932536
0.248344
-0.0336624
NA
-0.485427
0.0696565
0.0155927
-0.0772928
-0.436985
-0.284934
-0.0248005
0.0561139
-0.0461389
0.0713059
NA
-0.933536
-0.346325
NA
-0.347704
NA
-0.694708
-0.65878
-0.320524
-0.197593
-0.460401
NA
-0.0934675
-0.417122
-0.272484
-0.549508
-0.580578
-0.681277
-1.66
-1.04088
-0.635724
-0.028555
-0.213418
-0.225611
-0.043298
NA
-0.391022
-0.570705
-0.583689
NA
NA
-0.186023
0.0786059
NA
NA
0.0577
0.0262314
NA
NA
-0.457462
-0.515415
-0.0821899
-0.0929086
-0.249704
-0.25296
-0.282906
-0.656137
-0.68055
-0.386788
-0.0499766
-0.0387841
-0.479376
NA
-0.29303
NA
NA
NA
-0.454146
-0.0744024
0.0201742
NA
0.0250231
NA
-0.0447071
NA
-0.418645
-0.721269
-0.879729
-0.431176
-0.560785
-0.733539
-0.60727
0.0757681
NA
0.0412631
-0.733359
NA
-0.563795
-0.742667
0.0889724
-0.0943261
0.120885
-0.786959
NA
-0.25001
NA
-0.568669
0.0676661
0.0117868
-0.683422
-0.413002
-0.536732
-0.236527
-0.789171
0.0686409
NA
NA
-0.542096
-0.194998
0.0251914
-0.299592
-0.203044
-1.57756
-0.573191
-0.284815
-0.49021
NA
NA
-0.274444
NA
0.00261391
0.0383232
NA
-0.629503
-0.838208
NA
-0.00408748
-0.309038
-0.141498
-0.644506
-0.152105
-0.578347
NA
-0.266365
-0.188883
NA
0.109437
-0.129115
-0.468546
-0.215439
-0.463567
-0.380312
-0.574396
-0.21707
0.0820749
-0.744781
0.145011
NA
NA
NA
-0.209682
NA
-0.275392
-0.282749
-0.540964
NA
0.0124636
0.0837098
0.10625
-0.490828
-0.186169
NA
-0.39561
NA
-0.370853
-0.228287
-0.113078
-0.556803
-0.31587
-0.179603
-0.163549
-1.08575
NA
-0.656522
NA
-0.0992765
-0.215607
-0.491046
-0.459721
0.0757612
0.0692007
-0.224792
NA
-0.286595
-0.471821
-0.152809
-0.105187
-0.665194
-0.189407
-0.213409
-0.702977
-0.331534
-0.374684
NA
-0.0489706
0.0325458
-0.349587
-0.262429
8.7131
NA
-0.193864
-0.639371
-0.450491
-0.697024
-0.158823
-0.0192808
-0.0500044
-0.284183
0.0266132
0.0810476
-0.384587
NA
-0.384753
-0.824884
-0.437506
-0.0363728
-0.367353
-0.256139
0.0705657
-0.548721
-0.489398
-0.313904
0.219719
NA
-0.327628
-0.576794
-0.567067
-0.0232875
NA
-0.544316
-0.310968
-0.136544
0.0801896
-0.00216827
-0.260954
-0.885583
-0.233294
-0.209111
-0.0362205
-0.0910705
-0.0598929
0.0158276
-0.0176978
-0.3206
-0.732284
0.0821033
-0.0729999
-0.453588
-0.463044
-0.50708
-0.0981825
-0.599149
-0.0373701
-0.0954245
-0.174017
-0.37091
-0.00325416
-0.30594
NA
NA
-0.58168
-0.252441
-0.297682
NA
NA
-0.541667
0.190449
-0.166454
-0.4386
-0.453323
-0.476905
0.037428
-0.363599
-0.0811483
-0.0193799
-0.388269
-0.163981
-0.232016
0.0613876
-0.466813
-0.340851
-0.141968
0.017488
-0.275479
-0.42091
0.00791999
-0.339471
NA
-0.198549
-0.32464
-0.274399
-0.600141
NA
NA
-0.715693
-0.151888
-0.592275
-0.17432
NA
-0.446687
-0.314109
0.0246454
-0.492149
-0.12084
-0.154323
-0.370416
-0.356112
NA
0.081445
NA
-0.0275179
-0.627291
0.172402
-0.106379
NA
-0.341384
-0.619957
NA
0.837778
-0.38018
-0.252134
0.545857
-0.57087
-0.138843
NA
NA
-0.135903
-0.324616
-0.168505
NA
-0.40085
-0.386441
-0.040131
-0.00982722
-0.372843
NA
-0.419514
0.243302
-0.874929
NA
-0.598045
-0.36804
-0.136439
-0.202517
NA
NA
-0.155674
-0.127407
NA
0.0604756
-0.487727
-0.0129047
NA
NA
-0.382132
-0.569866
-0.458915
-0.29673
-0.481479
-0.173303
-0.318392
-0.479848
0.417864
-0.294546
-0.00562228
-0.0878001
-0.486649
NA
-0.38421
0.0578503
-0.108859
-0.612494
-0.101754
-0.267649
-0.638314
-0.187806
0.0552073
0.0391404
NA
-0.557732
NA
-0.421298
-0.452776
-0.543151
-0.301878
NA
-0.258162
0.0498872
-0.218287
-0.0867587
0.0917956
NA
-0.504777
-0.0343789
-0.189864
-0.220578
NA
-0.470507
-0.254494
-0.0814534
-0.605532
-0.637114
-0.453765
-0.177635
0.049325
-0.142154
-0.250784
NA
-0.0552417
-0.411749
-0.0631582
-0.0555667
0.0178406
-0.678251
-0.432891
-0.0485876
-0.276855
-0.182932
-0.416577
-0.548333
NA
0.0482724
-0.128269
NA
-0.213996
-0.171597
-0.207781
0.0773303
0.0273895
0.0256958
-0.596157
-0.051081
-0.289222
-0.217889
-0.492791
-0.092022
-0.896591
-0.306742
-0.364268
-0.541497
-0.0227595
-0.439755
-0.399226
-0.276074
NA
-0.349146
-0.558693
-0.659605
NA
-0.432916
-0.162448
-0.284862
-0.053959
-0.13105
-0.171859
NA
-0.027763
-0.155835
-0.145006
0.641072
-0.0501748
-0.543771
-0.813793
-0.0653088
-0.959475
0.0186686
0.147903
-0.37296
-0.630008
-0.66976
-0.888503
-0.66395
NA
-0.2065
NA
0.925272
-0.439534
-0.161616
-0.156995
0.0940048
-0.536393
0.0643581
-0.378961
-0.607565
NA
-0.600575
-0.659699
-0.266206
-0.0826614
0.0297745
-0.666059
-0.803084
-0.224252
-0.499913
-0.693333
-0.388281
-0.162507
NA
-0.504705
0.131372
-0.240751
-0.392514
-0.241909
-0.685073
NA
-0.700461
-0.58874
-0.335474
-1.16552
0.0907169
0.0202828
NA
-0.182872
-0.227528
-0.182409
-0.3126
NA
-0.351149
NA
-0.152355
-0.0698709
0.0660722
-0.372609
0.0454
-0.216659
-0.335129
-2.95917
0.15542
NA
-0.334147
NA
NA
-0.117173
NA
0.00242148
-0.0126289
0.0144702
-0.326812
0.0110195
NA
0.0618477
-0.787277
NA
-0.24003
-0.293957
-0.366
0.025804
0.0692431
-0.390419
-0.567198
NA
NA
-0.217083
0.0485736
0.0293402
-0.132401
-0.892499
-0.436006
NA
NA
NA
NA
-0.317236
-0.34528
NA
-0.285459
-0.388265
-0.105656
0.034021
-0.188743
-0.581295
-0.405915
0.0575027
-0.34224
-0.117572
-0.553805
-0.46273
-0.243001
-0.846222
-0.368164
NA
NA
-0.60748
0.0385312
0.0540539
-0.0547791
-0.345147
NA
NA
0.0869009
-0.228294
-0.870727
-0.463344
-0.0647453
-0.326027
-0.170142
-0.806217
-0.233176
0.0133545
-0.567876
-0.273232
-0.100181
-0.775154
-0.294371
0.100063
-0.296651
-0.392149
-0.170907
-0.153635
-0.0207582
-0.100931
NA
-0.359684
-0.044131
-0.386126
-0.58191
-0.0970345
NA
-0.437344
-0.28919
NA
0.0264633
-0.440316
0.121575
-0.505995
0.00294428
-0.0261902
-0.368108
-0.960361
NA
0.0539728
-0.408881
NA
0.0537301
NA
0.0639312
-0.249068
-0.299874
NA
-0.26729
NA
-0.307075
-0.409675
-0.416287
-0.221485
-0.246912
0.0837012
-0.505566
0.083914
-0.0367252
-0.0257983
-0.028509
-0.406152
0.0804137
-0.0838118
-0.765788
-0.103999
-0.056842
-0.349832
0.099054
-0.0484771
-0.414011
-0.321076
0.0506094
-0.325728
NA
NA
0.0255768
-0.631981
-0.268255
-0.118266
-0.0472075
-0.3144
-0.391617
-0.812293
NA
NA
NA
NA
-0.250691
-0.758133
NA
-0.397278
0.0158461
-0.335669
-0.431505
0.088798
-0.579194
-0.15076
0.0389677
-0.326381
-0.416843
-0.121494
0.0132286
-0.436199
-0.410831
NA
-0.36472
-0.67294
-0.175263
-0.380947
-0.158624
NA
NA
-0.130574
-0.285814
-0.723296
-0.446331
-0.0724695
-0.250892
-0.416864
0.0484236
-0.200061
-0.296626
-0.0187843
-0.197643
-0.40692
-0.404912
-0.552027
-0.518197
-0.587321
-0.278727
-0.443893
-0.186351
-0.440843
-0.0638659
-0.0949601
-0.746019
-0.431994
-0.398556
0.0232809
-0.506084
-0.452093
-0.348038
-0.431449
-0.355019
0.0864784
0.00486989
-0.0385068
-0.0914395
-0.384311
-0.0374473
-0.900889
-0.199726
-0.389696
-0.316127
NA
NA
-0.216424
0.0705906
-0.116981
-0.133355
0.0297403
-0.525936
-0.365194
-0.315088
-0.803719
NA
NA
0.819068
NA
-0.156646
-0.456061
-0.00901294
-0.648889
-0.337665
-0.60075
-0.39028
-0.149316
-0.765875
NA
0.0693523
NA
-0.284597
-0.388566
-0.422348
-0.138644
-0.186993
-0.155552
-0.407898
-0.0123158
-0.474061
0.0421155
-0.0717227
-0.341794
0.544334
0.0786954
-0.595847
-0.111625
NA
-0.330144
0.0983106
-0.685758
NA
0.0374062
-0.289773
-0.659793
0.00257741
-0.473757
NA
-0.303715
-0.0726777
0.0679094
-0.589616
NA
-0.865489
0.198846
-0.592076
-0.382519
-0.597866
NA
-0.128682
-0.484221
-0.229302
NA
-0.30078
-0.283063
-0.434349
0.0508449
-0.34306
0.0396487
-0.293328
-0.415966
-0.218062
-0.0347911
NA
0.0158673
-0.600443
NA
-0.0199344
-0.54258
NA
-0.26419
-0.348872
NA
NA
-0.061685
-0.299115
NA
0.060691
-0.399396
-0.00338797
-0.214949
0.0784504
-0.188815
-0.55776
NA
-0.39561
-0.0831831
-0.236363
-0.255697
-0.705517
0.0836748
0.0459455
NA
-0.0728354
0.000298346
-0.229067
NA
0.0808176
NA
-0.598392
NA
-0.430175
-0.535655
-0.698572
NA
-0.512965
0.0726231
-0.254878
-0.428609
NA
0.0119441
-0.365442
-0.0977996
0.118355
0.248163
-0.332942
-0.00513249
-0.889481
-0.286237
-0.352306
-0.396362
-0.109214
-1.0363
-0.205745
-0.0824537
NA
-0.363934
-0.123842
-0.0182297
-0.538899
-0.247636
-0.370951
0.025857
-0.277839
NA
-0.462187
-0.307039
0.0193691
-0.322533
0.0131395
-0.33442
-0.181578
-0.0382829
-0.389603
-0.6813
-0.199883
-0.278659
-0.571873
-0.195431
-0.406626
-0.209628
-0.212416
-0.500782
-0.243015
-0.544708
-0.226808
-0.698097
-0.0380499
-0.493479
-0.278971
-0.210129
NA
-0.656527
-0.9961
0.066578
-0.73416
NA
-0.540568
-0.87407
0.0507131
-0.565087
-0.630341
NA
-0.0923452
0.111808
NA
-0.36413
-0.344524
-0.0685878
NA
-0.571675
-0.0877909
-0.543913
-0.099743
NA
0.0293932
-0.204608
-0.216301
-0.0969766
-0.0235988
-0.401489
-4.61603
NA
-0.647364
-0.402771
-0.457919
NA
-0.0768015
0.0221761
0.0159354
-0.358816
NA
-0.483519
-0.201503
0.0342564
-0.398659
0.0452272
-0.206712
0.169971
-0.629134
NA
-0.384905
0.0720753
-0.455938
NA
0.184588
-0.331096
0.0323617
-0.118398
-0.30706
-0.0870244
NA
-0.482535
0.236997
NA
0.0595892
-0.0751307
-0.568327
NA
-0.322519
-0.189414
-0.634959
-0.47509
NA
-0.309251
NA
-0.607974
0.010914
NA
NA
-0.689037
-0.423474
-0.113898
0.0250241
-0.300942
-0.245578
-0.290577
NA
NA
-0.604792
-0.185198
-0.696994
0.081946
-0.114515
-0.218383
-0.425821
-0.353218
NA
-0.121489
-0.124609
0.0845265
-0.355868
NA
-0.0230345
-0.140039
-0.257943
-0.401843
NA
-0.151669
-0.275131
-0.497724
-0.328939
-1.22854
-0.289533
-0.0404931
-0.106231
NA
-0.651678
NA
-0.729775
-0.294362
-0.603182
NA
-0.76001
-0.463836
0.00828335
-0.215641
NA
NA
-0.51267
-0.371384
-0.284235
NA
NA
-0.201939
-0.369524
0.292305
-0.892048
-0.935769
-0.256593
-0.200731
-0.261989
-0.274212
NA
-0.24599
-0.598182
-1.04576
-0.57602
0.0342344
-0.652529
-0.141734
-0.0671655
-0.116419
-0.603411
-0.403538
-0.00572032
NA
NA
-0.124225
-0.499474
-0.117658
-0.597449
0.020239
-0.437001
-0.561563
-0.0924992
-0.305928
NA
-0.524203
-0.0720143
NA
-0.196664
NA
-0.54025
NA
3.56869
-0.375301
NA
NA
0.189509
-0.602542
-0.410773
-0.0602794
-0.240043
0.00371461
-0.428708
-0.751997
0.0940401
-0.454628
-0.443971
-0.537156
-0.165296
NA
-0.21418
0.0204473
-0.117901
-0.0974957
-0.795572
-0.113731
0.079448
-1.15066
0.0174662
-0.0632565
NA
0.159914
0.117172
NA
-0.137738
-0.507326
NA
-0.338332
-0.00243236
-0.638889
-0.131352
NA
-0.283844
-0.146056
-0.151703
-0.380494
-0.802453
0.0550907
0.0231354
NA
-0.0594594
0.0478652
0.0632688
-0.178857
0.0576526
NA
-0.625566
0.0714526
0.0148235
0.0333464
-0.249733
-0.386315
0.0762799
-0.448542
NA
-0.224892
-0.541846
-0.426594
NA
NA
-0.89439
-0.089141
-0.096287
-0.368092
-0.382055
0.252911
-0.167846
-0.546728
-0.413663
-0.326176
-0.0907693
-0.537925
-0.0599362
-0.0401509
0.0239153
-0.0142686
-0.234411
NA
-0.446488
-0.0281939
0.0564415
NA
NA
-0.597271
-0.282778
0.0365018
-0.242269
-0.334686
-0.460671
-0.616515
NA
-0.379926
-0.778979
NA
NA
NA
-0.223715
-0.460299
-0.342142
NA
NA
-0.371995
0.0569655
-0.110502
0.0695233
-0.579481
-0.095099
-0.574682
0.0152209
-0.10052
0.0764683
0.0566981
0.143991
-0.271118
-0.398164
-0.545312
-0.331189
NA
-0.315536
NA
0.02433
-0.301298
-0.228895
-0.198288
-0.322588
-0.197787
NA
-0.643069
-0.330526
-0.0363146
-0.0857539
-0.405802
-0.433259
-0.193156
-0.347763
0.0524585
-0.163507
0.0153427
-0.167281
-0.269036
0.0819262
0.00223055
-0.247046
-0.320462
-0.466666
0.0583727
-0.291638
-0.114888
-0.164922
-0.596249
-0.647743
-0.553412
NA
-0.0498292
0.0148623
-0.353516
0.0666125
-0.53879
NA
-0.0690621
-0.129017
-0.354874
-0.191613
-1.18527
0.0306005
NA
-0.29592
-0.405481
-0.137898
NA
-0.558271
0.0145377
-0.255066
-0.299131
-0.163693
-0.752371
-0.398584
NA
-0.573122
-0.00901601
-1.15628
-0.172419
-0.337692
-0.809823
-0.563576
-0.521106
-0.0880422
-0.306228
NA
-0.499579
-0.448067
-0.00115765
NA
-0.104883
NA
-0.512839
-0.191386
-0.452799
0.0540872
-0.753562
-0.613412
-0.00454936
-0.140916
-0.243663
0.0527929
-0.333881
-0.674723
-0.39607
-0.168958
-0.155273
-0.556706
-0.295409
-0.192525
-0.274069
NA
-0.578106
NA
0.0552322
-0.0427664
0.0388596
0.716338
0.0180838
-0.373995
-0.379319
0.06576
-0.0314837
-0.364131
0.014622
0.0101568
-0.271558
-0.739848
-0.32291
-0.077026
0.0939456
-0.576729
-0.341301
0.0224952
NA
-0.307372
-0.0689178
-0.273621
0.00848531
-0.059103
-0.0204511
0.0360419
-0.319079
0.021147
-0.140175
NA
-0.460385
NA
-0.524924
-0.547414
-0.628702
-0.24497
-0.356601
-0.147369
-0.44238
-0.369824
-0.362882
NA
-0.409991
-0.0633567
-0.362568
0.0693965
-0.0799883
-0.16099
-0.135753
0.0701378
-0.277338
-0.251035
-0.0896203
-0.29594
-0.577224
-0.474463
-0.10489
NA
-0.240233
-0.123289
-0.222305
-0.62209
-0.17582
-0.138572
-0.0649378
-0.137346
-0.352972
-0.0053443
-0.380152
-0.260598
-0.51465
-0.444816
-0.07152
NA
0.0414803
0.0574989
0.0643133
-0.567128
-0.236444
0.167744
-0.0564101
-0.357581
0.115464
-0.196291
-0.276367
-0.368429
-0.415667
0.0791654
-0.310456
NA
-0.241174
NA
NA
-0.712721
-0.15089
NA
-0.0145279
-0.0147008
NA
-0.455855
0.0093087
-0.259141
-0.648275
0.0273021
-0.402292
-1.65701
-0.522859
NA
-0.358923
-0.278286
NA
NA
-0.255136
-0.0898705
0.0677171
-0.00518605
-0.510029
-0.611349
NA
-0.408376
0.0240917
-0.266826
NA
-0.547087
-0.15713
0.170006
0.0388491
NA
-0.62636
-0.262391
-0.554507
-0.168049
-0.444752
0.022791
0.0274625
0.0155224
NA
-0.100746
-0.0560507
NA
-0.0336683
-0.175992
-0.127916
NA
-0.123771
NA
-0.518912
-0.168046
-0.883393
-0.327921
-0.290298
NA
-0.202815
0.00809647
-0.061747
-0.141238
NA
NA
NA
-0.264124
NA
-0.543373
-0.778921
-0.138669
-0.146312
-0.417148
-0.0811553
0.00484376
-0.328666
-0.00446507
-0.101987
-0.333774
-0.318205
-0.327616
-0.0627024
-0.395179
-0.11173
-0.364574
NA
-0.487298
-0.119228
-0.112365
-0.658783
-0.218219
0.0257954
-0.439247
-0.318666
0.0763196
-0.119762
NA
-0.459333
NA
0.273714
-0.2223
-0.0900617
-0.476398
NA
-0.651692
NA
-0.212761
0.0675952
0.149147
-0.562032
-0.368463
-0.149618
-0.612033
-0.264098
NA
NA
-0.312742
NA
-0.540675
-0.0430004
-0.520034
NA
-0.377079
-0.121153
-0.382206
-0.290426
-0.230069
-0.51622
NA
NA
-0.32222
-0.295443
-0.341121
-0.272659
NA
-0.67873
-0.0233853
0.212588
-0.55864
-0.0518089
-0.797112
-3.97603
-0.306196
-0.166621
-0.48901
0.0150648
-0.163685
-0.0956841
NA
NA
-0.352585
0.0219742
-0.533264
0.0926792
-0.101094
NA
-0.107898
-0.264863
0.0750556
-0.43945
-0.0974531
-0.0488337
-0.2037
0.0580025
-0.230943
-0.566931
-0.320287
0.0556351
NA
-0.28262
-0.240167
-0.614615
-0.519743
-0.0224147
-0.693348
NA
0.18242
0.00725933
-0.358415
-0.0363856
-0.84262
-2.41549
-0.43391
0.0554631
NA
-0.595762
-0.263452
-0.166628
-0.201203
0.162835
-0.193592
NA
-0.244754
-0.480169
NA
0.329485
-0.59202
-0.293658
NA
NA
0.00192448
0.050917
0.0213769
-0.0634687
-0.0314514
-0.338063
NA
-0.142701
-0.576227
NA
-0.229233
NA
0.00686553
-0.0779379
-0.0561452
0.0153785
-0.900337
-0.0752189
NA
-0.57023
-0.377286
-0.159718
-3.52299
-0.693512
-0.216922
NA
-0.440644
-0.112721
0.104797
-0.392857
-0.0760959
-0.53997
NA
NA
-0.226672
-0.015896
-0.507889
-0.139561
-0.570234
-0.201086
-0.0311063
-0.849676
0.0107688
-0.0125524
0.00948863
0.0572722
-0.540866
NA
-0.879645
0.0249988
NA
NA
-0.255682
-0.203328
NA
0.0586226
-0.400736
-0.889351
-0.541072
-0.169272
-0.0478853
-0.199188
-0.353026
0.0488833
0.0805876
NA
NA
-0.208369
-0.771489
-0.745554
-0.371704
NA
-0.732553
NA
0.113122
NA
-0.072982
NA
-0.54394
-0.429201
-0.0304759
NA
-0.479062
-0.636401
-0.313516
-0.634698
-0.22384
-0.502882
-0.0234495
0.0687089
-0.0336794
-0.0825356
0.0994115
NA
0.00345849
-0.240262
-0.308537
-0.303523
-0.269662
-0.23886
-0.194966
0.515991
NA
0.0702715
NA
NA
-0.504957
NA
-0.181292
-0.393793
0.011116
-0.0861897
-0.596134
NA
-0.0105629
-1.07959
0.00211072
NA
-0.178142
-0.246259
-0.432602
NA
-0.503679
-1.00542
-0.191357
-0.233793
0.00478685
-0.550239
NA
-0.33348
-0.374817
-0.331404
-0.517182
-0.458244
-0.0858466
0.0154843
NA
NA
0.0682807
-0.538862
-0.115483
-0.204359
-0.498506
-0.858589
-0.385464
-0.529278
-0.636405
-0.870028
-0.195289
0.058117
-0.193974
-0.0793824
-0.321547
-0.24941
0.00945906
-0.0522072
-0.656734
-0.10501
-0.239133
-0.429739
-0.505872
NA
-0.310326
NA
-0.503255
-0.528334
-0.397006
NA
-1.28538
-0.172342
-0.204586
-0.665333
-0.168949
0.0650637
0.0200669
-0.560768
-0.0785272
0.0753923
-0.19532
NA
-0.541733
-0.598199
-0.000567228
-0.150696
-0.0919302
-0.105752
-0.230483
-0.194718
-0.551828
-0.381567
NA
-0.0485626
-0.00487441
-0.673413
-0.521482
-0.092788
0.0783668
-0.203583
-0.529422
-0.0384319
-0.523582
-0.3221
0.00207379
NA
0.0238485
0.711429
-0.0693424
NA
-0.0665579
-0.274701
0.025286
-0.619364
-0.855217
-0.0726633
-0.864313
-0.199145
-0.321236
-0.494047
NA
-0.136785
-0.539101
0.0611643
-0.56433
-0.212256
-0.292003
-0.143104
-0.529954
NA
NA
NA
0.091479
-0.129543
-0.250045
-0.624327
NA
0.0211579
-0.491495
-0.581558
-0.265063
-0.0928243
-0.847981
-0.500482
NA
-0.125136
-0.720271
-0.336255
-0.810521
-0.414507
-0.0244693
-0.16194
-0.321741
NA
-0.582091
0.0225737
-0.453415
-0.389318
-0.178475
NA
-0.644622
-0.442925
-0.206603
-0.23262
-0.359938
0.0432286
NA
-0.506655
-0.478967
-0.508676
0.0640305
-0.126657
-0.718444
-0.194607
-0.462631
-0.0587979
-0.346704
0.0485329
NA
-0.543324
-0.374667
0.0347253
-0.326192
NA
NA
-0.488623
NA
-0.261103
NA
-0.419982
-0.630693
-0.313175
0.165256
-0.426338
NA
0.0529251
-0.316885
-0.290004
-0.0449189
-0.111242
NA
-0.405128
-0.80497
-0.348023
-0.431282
-0.555575
-0.664755
-0.518683
-0.475661
NA
-0.729188
0.202037
-0.0563154
-0.494137
-0.663587
-0.200343
-0.436411
-0.791324
-0.160433
-0.177594
NA
-0.0589154
-0.102724
-0.236395
0.0175212
-0.301933
0.0680337
-0.172697
-0.185529
0.108284
-0.0626828
-0.0787643
-0.580097
NA
-0.147841
-0.178081
-0.0914475
NA
-0.166257
-0.274814
-0.32505
-0.0845533
-0.334576
NA
-0.50443
-0.250589
-0.480506
-0.323351
NA
-0.00934918
-0.323748
0.0714046
NA
-0.481422
-0.656269
-0.504876
-0.475906
0.0872258
0.0586832
-0.295066
-0.273749
-0.318712
-0.0829254
0.0527363
-0.0660705
-0.22477
-0.202022
-0.0337113
0.0514186
-0.0386969
NA
0.274629
NA
NA
-0.496395
0.0247254
-0.216452
-0.24439
-0.511163
-0.424259
-0.174152
-0.193357
NA
0.0741581
-0.332372
-0.267356
0.00890586
-0.510295
-0.266735
-0.0515377
-0.365052
-0.333694
-0.567866
-0.32878
-0.160409
-0.307957
-0.496141
-0.132454
-0.380355
-0.0554596
NA
-0.460035
NA
-0.160576
-0.0819866
0.00738439
-0.0621093
-0.163036
-0.308791
-0.528258
-0.181608
-0.0764422
-0.182514
-0.566121
0.0158693
NA
-0.69106
-0.16254
NA
-0.305486
-0.539356
-0.366981
-0.343282
NA
-0.594944
NA
0.391669
-0.461766
NA
-0.403611
-0.653193
NA
NA
-0.353357
-0.106259
-0.464314
-0.2046
-0.389432
-0.413012
NA
-0.497782
-0.334831
-1.06906
-0.058406
NA
-0.291239
-0.0702323
-0.91124
NA
NA
-0.0769357
-0.0712473
-0.12668
-0.25806
0.0476801
-0.275878
-0.351799
-0.171001
-0.411701
0.0237194
-0.427689
-0.390371
-0.475012
-0.157101
-0.627049
-0.0673239
-0.266876
0.0563429
-0.540713
-0.116781
-0.127923
NA
-0.307727
-0.393065
-0.12548
-0.265142
0.428818
-0.123003
-0.324452
-0.34627
-0.759739
0.0256892
0.00609699
0.0448904
-0.555741
-0.103749
-0.100537
-0.407052
0.0279288
-0.252018
-0.547595
-0.280169
0.0927213
-0.28006
-0.390493
-0.463549
0.12227
-0.586603
-0.262242
-0.672807
-0.586076
-0.23781
-0.451558
-0.0438425
-0.477191
NA
NA
0.0348901
NA
-0.401009
-0.199346
-0.276296
0.0840929
-0.428761
-0.160471
-1.01102
NA
NA
-0.386045
-0.3645
0.0391463
-0.498701
-0.352781
-0.475362
-0.386342
-0.769335
NA
-0.702606
0.0537495
-0.0473862
-0.204846
NA
-0.49735
NA
-0.132826
-0.00701189
-0.359155
0.0360797
-0.368944
NA
NA
-0.0784526
-0.30105
-0.0149147
0.0159055
-0.338337
-0.459158
-0.891364
0.0508088
0.0629961
NA
-0.352684
NA
NA
-0.136238
-0.290748
-0.0263748
NA
0.0673449
-0.512257
-0.00810844
-0.286802
0.045272
-0.639914
-0.500311
-0.946616
0.0928412
-0.309401
NA
NA
-0.865583
NA
-0.389763
-0.212586
-2.29654
-0.413736
0.0257031
-0.619831
0.0450705
NA
0.0784408
0.0915447
-0.236785
0.0428032
-0.516574
-0.253275
-0.39099
-0.221486
-0.550094
-0.241564
-0.302275
-0.327588
-0.140709
-0.0117295
-0.523515
-0.165669
NA
-0.727863
0.119882
NA
-0.554019
-0.464545
NA
-0.652581
-0.744669
-0.339675
-0.0921288
-0.578753
-0.135544
-0.468393
NA
-0.085968
-0.159603
-0.00614019
-0.302989
-0.351539
-0.350663
-0.346616
-0.488048
-0.098297
NA
-0.0122297
-0.387397
0.04639
0.0865114
-0.0711385
0.01
NA
-0.257365
NA
-0.391995
NA
-0.407912
NA
NA
-0.444856
NA
NA
-0.121777
-1.09863
-0.1117
-0.311381
-0.246566
-0.37978
-0.402964
-0.63452
0.0832982
-0.193432
-0.499967
-0.391172
-0.56876
-0.473053
0.0577335
-0.634811
-0.424326
NA
0.834879
-0.118711
-0.666083
-0.398089
-0.0956721
-0.123526
0.206644
-0.883055
-0.216613
-0.356814
-0.490767
0.0222995
-0.277401
NA
NA
-0.334211
0.0266231
-0.315806
-0.564079
NA
-0.107055
-0.27245
NA
-0.479792
-0.716169
-0.16833
NA
-0.47696
-0.0206233
-0.68727
-0.562617
-0.490973
-0.250688
0.016192
-0.654557
-0.579046
0.0833389
NA
-0.63481
-0.740219
NA
-0.448231
-0.327818
-0.262349
NA
-0.233305
-0.526328
-0.180221
-0.0943957
-0.106621
-0.325296
-0.56761
NA
-0.212068
-0.164398
NA
-0.0782772
NA
0.099716
-0.0342529
NA
-0.709346
-0.336157
NA
-0.108344
0.078401
-0.229759
0.0169639
-0.0396212
0.0674178
-0.320602
-0.146627
-0.310519
-0.379244
-0.161094
NA
NA
-0.240682
-0.614183
-0.0655831
-0.324562
-0.479459
-0.425618
-0.299632
-0.228758
-0.344061
-0.363254
-0.0588009
-0.0253782
-0.446711
-0.398438
0.02516
-0.0214626
-0.290123
-0.637642
0.0330984
-0.399691
-0.306789
-0.381047
NA
-0.0729525
-2.21
NA
-0.152305
0.00132444
-0.0126872
-0.627318
-0.0620039
-0.43127
-0.475491
-0.0321406
-0.101357
-0.269594
-0.531632
-0.089342
-0.199402
0.0590723
-0.156279
-0.108668
NA
-0.0643996
-0.180412
-0.635848
-0.842039
-0.0452617
NA
-0.13807
-0.377872
-0.54339
0.0157114
-0.725614
-0.145278
NA
-0.682548
-0.187929
NA
0.146431
0.0241463
-0.388783
-0.367172
-0.310836
-0.428471
NA
NA
-0.324571
-0.291361
-0.165989
-0.359595
-0.132271
NA
NA
-0.0695175
-0.650754
NA
-0.381077
-0.635288
NA
NA
0.0387021
0.0191633
-0.425163
-0.525229
-0.276487
-0.437662
-0.669114
-0.616901
-0.0234236
-0.0404148
-0.0921937
0.0594595
0.0114238
-0.493661
-0.433713
-0.278443
NA
0.043178
NA
-0.425178
-0.420007
-0.217001
-0.348472
0.000278164
0.0672633
-0.258846
-0.00785929
NA
-0.728173
-0.222528
0.576608
NA
NA
0.064974
1.61762
0.0054113
-0.694129
-0.302268
-0.332111
-0.189389
-0.531891
-0.102226
-0.0491751
NA
NA
0.0623535
NA
NA
-0.579731
-0.411336
-0.103651
-0.713741
-0.438057
0.0403764
-0.856699
-0.29739
-0.171279
-0.321588
NA
-0.0207373
NA
-0.0713961
-0.422814
-0.434334
-0.192276
-0.411218
-0.9828
NA
-0.0892112
-0.520081
0.00945715
-0.890504
-0.286543
-0.448163
-0.169319
-0.520345
-0.427349
-0.137542
0.0319132
-0.0894577
-0.329
0.0111628
-0.0538742
NA
NA
0.00273378
-0.635191
NA
-0.584374
-0.482625
-0.165428
-0.0932679
-0.304892
NA
0.0486623
-0.437505
-0.16158
NA
0.0723623
-0.293089
-0.550093
NA
-0.206752
-0.660187
-0.379818
-0.409863
NA
-0.503833
-0.105414
-0.427803
NA
-0.0301061
-0.512774
-0.330873
-0.489187
-0.636199
NA
-0.213602
-0.329798
-0.217837
-0.665613
-0.104472
NA
-0.174559
-0.193503
0.095373
0.00563167
NA
-0.583065
-0.303468
0.0804105
-0.298023
0.0360236
-0.491173
NA
0.0336518
-0.733591
0.0791385
NA
-0.332171
-0.898302
-0.266773
NA
0.054169
NA
-0.296769
NA
-0.309613
-0.343145
-0.163389
NA
-0.12415
-0.0472341
-0.486624
-0.439551
NA
-0.598948
-0.0323434
NA
-0.124202
0.090233
-0.14201
-0.150972
NA
-0.394513
-0.672722
-2.16787
NA
NA
