-0.334087
-0.626376
NA
-0.203499
-0.32505
NA
-0.166628
-0.164398
0.131372
-0.395312
-0.182409
0.0508088
-0.515263
NA
-0.304514
-0.534271
-0.0066709
0.0907169
-0.197643
NA
-0.0846741
-0.890504
-0.57757
-0.224319
-0.022239
-0.287435
-0.0280583
-0.428761
-0.294362
-0.431505
-0.280884
-0.667407
NA
-0.0314671
-0.716295
-0.618351
NA
-0.27089
-0.159688
0.15204
-0.495309
-0.343512
NA
-0.249821
-0.256964
-0.927274
NA
NA
NA
-0.690638
0.0566981
-0.398897
-0.13105
0.0279288
-0.429611
-0.0956841
-0.284623
0.0613876
-0.0130451
-0.382952
-0.297692
-0.0429392
-0.36995
-0.123003
0.0778926
-0.816356
0.202037
NA
NA
-0.368174
NA
-0.124609
-0.0501748
-0.230023
-0.489342
-0.194607
-0.597866
-0.123357
-0.456292
-0.252441
-0.556
-0.368812
-0.426594
0.0474519
-0.279842
-0.0177528
-0.255333
-0.304516
-0.0257983
-0.403569
0.015946
NA
-0.0905156
0.206644
-0.0793885
-0.157101
-0.309251
0.104675
-0.635288
-0.709202
0.0643077
NA
NA
-0.454146
0.0585805
NA
-0.407898
-0.0427664
-0.257365
-0.106624
NA
-0.178857
NA
0.0606009
NA
-0.412693
-0.186618
-0.672722
-0.0459654
-0.3206
NA
-0.3761
-0.710234
-0.206712
-0.249733
NA
-0.333881
-0.193503
-0.471825
-0.258162
-0.192504
-0.556706
-0.404239
-0.418726
-0.452776
-0.350663
-0.286384
NA
NA
0.0869009
-0.415572
-0.199402
-0.16194
-0.546292
NA
NA
NA
-0.658783
-0.720271
-0.648889
-0.353357
NA
-1.05464
-0.331834
-1.15628
NA
NA
0.0706766
-0.255066
-0.168046
-0.250437
-0.236025
NA
-0.660187
-0.540477
0.00948863
-0.0107367
-0.56433
NA
-0.751997
NA
-0.416182
-0.152217
-0.116981
-0.168049
-0.70619
-0.41269
-0.19401
NA
0.00273378
-0.00663207
NA
-0.202156
0.0274625
-0.0263748
0.170006
-0.656522
0.0783668
-0.58451
-0.420003
NA
NA
-0.137478
-0.447516
-0.195431
NA
0.00870846
0.0286525
-0.100746
-0.346325
-0.537734
-0.386629
-0.397029
NA
