NA
-0.356702
-0.469948
NA
-0.640328
-0.336237
NA
NA
-0.506951
-0.378625
-0.330835
-0.021388
-0.711131
-0.191386
-0.613412
-0.601599
NA
0.0527929
NA
-0.302854
-0.707325
-0.674723
-0.333881
-0.129497
0.167544
0.041663
-0.00521424
0.0688889
-0.223831
-0.117192
-0.411868
-0.372197
0.0939456
-0.159158
-0.392743
-0.0259866
NA
0.0224952
-0.0689178
-0.0204511
-0.112112
-0.386659
-0.139256
-0.372735
-0.410579
NA
NA
0.716338
0.426867
NA
0.0398947
-0.539038
-0.5433
-0.21218
-0.534332
-0.232385
-0.739848
0.0101568
NA
-0.191613
-0.32773
-0.668565
NA
-0.510382
NA
-0.436723
-0.221519
NA
-0.405481
-0.343024
-0.280289
-0.58451
-0.586245
-0.0793813
-0.403768
-0.00134631
NA
-0.420912
NA
-0.142965
-0.33647
-0.732508
-0.306902
-0.53879
-0.41269
NA
NA
-0.496168
-0.0690621
-0.129017
-0.135719
0.0797312
NA
0.0360973
-0.00115765
-0.104883
-0.202127
NA
-0.0982026
-0.115142
-0.322735
-0.373518
-0.806546
-0.205974
NA
-0.313902
-0.159319
NA
-0.255066
-0.129716
-0.0600138
0.0153609
-0.301786
-0.167209
-0.228456
-0.163693
-0.0386222
-0.190864
-0.398584
-0.780527
-1.15628
-0.0692627
-1.01891
-0.116107
0.0422553
-0.129108
-0.28079
-0.10052
-0.528354
0.0152209
-0.366098
0.238647
0.0566981
0.0510144
-0.157511
-0.330043
-0.436206
-0.614852
0.0325103
-0.337004
NA
-0.425665
NA
-0.27002
NA
-0.109088
-0.0878336
-0.979685
-0.214944
-0.847247
-0.317359
0.0569655
NA
NA
0.329432
-0.255883
0.0363292
-0.360524
-0.269036
-0.0724972
-0.436
-0.693058
-0.770192
-0.291638
-0.940547
-0.114888
-0.328415
NA
NA
-0.817126
-0.228895
-0.322588
-0.174679
-0.306622
NA
-0.643069
-0.0363146
-0.330526
-0.0857539
0.0501088
-0.130907
-0.0441366
-0.0599362
NA
-0.804807
-0.0401509
-0.341954
-0.446488
-0.0890842
NA
-0.679981
-0.349352
-0.0849207
-0.426594
-0.427844
-0.382055
-0.096287
-0.234548
-0.387769
-0.665812
-0.471142
-0.685122
NA
-0.0907693
-0.334686
-0.190741
-0.616515
NA
-0.142365
-0.159928
-0.214816
-0.311661
-0.248997
-0.85199
-0.478161
-0.456834
-0.263868
0.0140827
NA
NA
0.0365018
-0.398897
-0.331813
NA
-0.0662504
-0.0555808
-0.112365
NA
-0.658783
-0.500013
NA
NA
-0.0245852
NA
0.0711847
-0.180923
NA
-0.225885
0.0959368
0.0168396
-0.0627024
-0.788763
-0.280599
-0.0167239
-0.446756
-0.149618
-0.368463
-0.726274
-0.586312
-0.244964
-0.199941
-0.281827
0.0240244
0.0755998
NA
NA
-0.202251
NA
NA
-0.27551
-0.145188
0.0799181
-0.476398
-0.0558782
-0.766588
NA
-0.552568
-0.39528
0.149147
NA
-0.212761
-0.51425
-0.305969
NA
0.0155224
-0.22239
-0.0461084
-0.0560507
-0.00950973
-0.100746
NA
0.0265491
0.0813486
-0.387224
-0.48436
-0.159627
-0.356099
-0.127916
-0.387458
-0.408376
NA
-0.547087
-0.266826
-0.431025
-0.502883
0.170006
-0.15713
NA
NA
-0.168049
0.0274625
-0.261955
-0.501503
-0.294278
-0.416182
-0.222153
0.0973526
-0.692918
-0.385782
-0.0484091
0.00354974
-0.669085
-0.328666
NA
-0.254482
-0.220559
NA
-0.282021
-0.429781
0.0134271
-0.178044
-0.246153
-0.435306
NA
-0.360374
NA
0.00809647
-0.651091
-0.478059
-0.412439
NA
NA
-0.0145279
0.0194879
NA
-0.0147008
NA
-0.0659313
-0.425638
0.0430498
-0.126691
-0.142902
-0.146263
NA
0.118702
0.0672432
-0.417069
-0.559984
-0.0537986
-0.510123
-0.357581
-0.0549855
0.115464
-0.33615
-0.276367
NA
-0.639987
-0.667407
0.0401822
NA
NA
-0.528357
-0.365777
0.0721305
-0.116671
-0.150473
-0.382929
-0.0160759
-0.389645
0.0884868
-0.510029
-0.157721
NA
-0.502652
-0.315117
-0.779266
-0.648275
-0.294268
-0.555055
-0.402292
-0.667
-0.195215
-0.522859
NA
-0.303176
-0.395397
-0.202263
-0.37387
-0.0805949
-0.111633
-0.496497
-0.0519053
-0.671342
-0.637487
-0.371289
NA
-0.507046
-0.116391
0.0498266
NA
NA
-0.16099
-0.24582
NA
0.0701378
-0.277338
-0.251035
0.0231893
0.0634297
-0.222305
NA
-0.00992311
-0.10489
-0.240233
NA
0.0682333
-0.140175
0.0375905
0.0552588
NA
-0.36633
NA
0.0478256
-0.356601
-0.24497
-0.628702
-0.0222379
-0.302259
-0.409991
-0.200689
-0.12283
-0.260406
-0.623874
-0.380152
-0.0053443
-0.444816
-0.295143
-0.338688
-0.145901
0.0340395
-0.474199
-0.517014
-0.567652
-0.225183
-0.186007
-0.829029
NA
-0.213188
-0.247466
-0.219551
-0.65592
-0.494681
NA
NA
-0.0445213
-0.285632
0.0853843
-0.658169
-0.760615
-0.183089
-0.275732
NA
-0.0279764
NA
0.0488833
-0.208369
-0.224684
-0.162919
0.0535856
-1.05464
NA
NA
NA
-0.371704
NA
-0.419332
-0.505268
-0.072982
-0.260412
-0.163352
NA
NA
-0.184623
-0.33955
-0.203328
0.0671512
-1.54421
NA
-0.537964
-0.109206
-0.0312
0.0586226
-0.400736
-0.0478853
-0.199188
-0.412812
-0.27824
0.015644
-0.3761
-0.109454
-0.201976
-0.232821
-0.240262
0.0907239
-0.178842
-0.23886
-0.308575
0.0252373
NA
0.0702715
-0.323431
-0.503618
-0.262941
-0.334575
-0.554423
-0.0215957
-0.494408
-0.267076
-0.443044
-0.278946
0.0502675
-0.634698
0.0231209
-0.313516
-0.410215
NA
-0.377286
-0.191155
-0.450681
-0.232844
-0.321685
-0.0566699
-0.216922
NA
-0.137478
-0.544172
0.0245659
0.0511697
-0.456748
-0.0561452
-0.350201
0.0153785
-0.900337
-0.171349
-0.015896
-0.290527
-0.507889
-0.227789
-0.517177
NA
-0.492018
0.0160569
0.0107688
-0.506114
-0.929131
-0.339782
-0.456224
0.830516
0.047561
0.00948863
-0.137795
0.104797
-0.20696
-0.689848
-0.0302446
0.0643886
NA
-0.0860846
NA
NA
-0.826201
-0.0988963
NA
-0.0224147
-0.519743
NA
0.00725933
-0.0769314
NA
-0.228162
-0.196668
-0.252996
-0.00199186
-0.815935
NA
-0.0670579
-0.349337
-0.747294
0.035918
-0.241894
-0.2037
0.0488821
NA
-0.110188
-0.61265
0.00748638
-0.322411
-0.230943
NA
0.0427547
NA
-0.240167
-0.28262
-0.565497
-0.320287
-0.0280583
-0.249613
-0.384604
NA
NA
-0.0939592
-0.389908
-0.480169
-0.713918
NA
-0.516172
-0.59202
NA
-0.212141
-0.293658
-0.322043
-0.515263
NA
0.0213769
-0.114829
-0.338063
-0.0634687
-0.200735
-0.0038456
-0.0765694
NA
-0.259913
NA
-0.166628
-0.413651
-0.48673
-0.273896
-0.306018
-0.0651589
-0.417537
-0.544789
-0.153654
-0.195156
0.0205139
-0.21713
-0.522645
-0.449733
-0.657619
0.0252629
-0.686009
-0.585941
-0.512837
-0.199665
-0.110173
-0.362145
-0.280023
-1.10303
-0.540675
0.116476
NA
-0.366177
-0.349357
-0.0430004
NA
-0.267232
-0.27985
NA
-0.161126
0.0252814
-0.395739
-0.254944
-0.0056251
0.0696031
-0.121153
-0.290426
-0.308612
-0.977756
-0.428734
NA
NA
-0.261905
-0.130014
-0.239844
-0.0605989
-0.0146557
0.0585242
NA
-0.303911
-0.264863
-0.107898
-0.520936
-0.20162
-0.101713
-0.361836
NA
-0.765205
-0.533634
-0.166691
NA
-0.382826
-0.321273
-0.328384
0.212588
NA
-3.97603
-0.140161
0.0158282
-0.565656
-0.280041
-0.744285
-0.129297
-0.48901
-0.416908
-0.0251628
-0.12719
-0.251626
-0.582153
-0.501222
-0.847981
-0.125136
-0.720271
-0.22588
0.220446
-0.441418
-0.281291
-0.16194
-0.0631108
-0.326015
0.058294
0.0851713
-0.489486
-0.605503
NA
-0.189402
-0.250045
-0.397929
-0.44069
NA
-0.654086
-0.0589623
-0.229891
-0.234911
-0.706373
-0.0414788
-0.128276
-0.23262
-0.208077
-0.462835
-0.328434
0.0559677
0.0972
0.0156781
-0.909639
-0.0570401
NA
NA
-0.0116272
0.03467
-0.184293
-1.08973
-0.69332
0.0663067
0.0783585
0.0155692
-0.409105
-0.35362
-0.238143
-0.492724
-0.3221
-0.213708
-0.433601
-0.116109
-0.185716
NA
-0.335516
0.711429
-0.463085
-0.532947
-0.568937
0.0161104
-6.11215
-0.0358405
-0.400135
-0.446293
-0.145296
-0.673413
NA
-0.442971
-0.0204661
NA
-0.0384319
0.0786756
-0.258283
-0.00913214
-0.127912
-0.608551
-0.727923
-0.0456972
NA
-0.431018
NA
NA
-0.529954
NA
-0.864313
-0.351167
-0.47446
-0.199145
-0.508578
-0.461348
0.0164109
-0.0842453
-0.00379755
NA
-0.10501
-0.407503
-0.394539
-1.07824
NA
-0.552987
4.78006
-0.554095
-1.79391
NA
NA
0.0672673
-0.812277
0.00531998
-0.516025
NA
-0.528334
-0.410109
-0.503255
0.236874
-0.858589
-0.27089
-0.195289
-0.870028
-0.385464
-0.473287
-0.669637
-0.193974
-0.0793824
NA
-0.00601988
-0.454444
-0.00169266
0.00945906
-0.250919
-0.258403
-0.191797
-0.421316
-0.776642
-0.272216
0.0753923
-0.598199
-0.328461
-0.170591
-0.541733
-0.616388
NA
NA
-0.551828
-0.128135
-0.22104
-0.0534858
0.0484224
-0.289414
0.00319826
-0.0936875
NA
-0.00487441
-0.61404
NA
-0.334975
-0.659145
0.0659153
-0.687273
-0.442869
-0.331141
-0.858682
-0.0259996
0.0924368
-0.120939
-0.422068
-0.0793885
NA
NA
-0.61611
NA
-0.374649
-0.399508
-0.278055
-0.178142
0.103196
-0.385575
0.0781546
-0.0852791
-0.55714
-0.442743
-0.200106
NA
-0.345469
NA
0.052779
-0.0695815
NA
-0.181292
-0.317213
0.011116
-0.849555
-0.0858466
-0.462024
-0.52389
-0.300184
-0.466287
-0.056777
NA
-0.0465872
-0.856791
0.0682807
0.0479887
NA
-0.251811
NA
-0.0182035
-0.598101
NA
-0.557018
-0.125388
-1.15974
-0.371658
-0.502894
-0.166808
-0.601076
0.0191578
-0.474284
-0.406855
-0.458244
NA
-0.130509
-0.0783509
-1.1197
0.0528253
0.0423234
-0.275895
-0.106258
-0.0685456
-0.0344389
-0.294288
-0.401971
-0.2046
-0.438371
-0.970997
-0.305486
NA
-0.414891
-0.20027
-0.123601
-0.715877
-0.168763
-0.240791
-0.178685
NA
-0.418472
-0.412083
-0.217274
-0.0949974
-0.432096
-0.471825
-0.461766
-0.294237
-0.120842
-0.563426
NA
-0.278451
-0.0702323
0.0244245
-0.0730472
-0.91124
-0.177951
0.0586817
-0.53968
-0.611416
-0.241326
-0.0816227
-0.469164
-0.22452
NA
-0.389432
-0.128243
-0.163462
-0.263936
-0.507312
-0.413012
NA
0.0345526
-0.455481
0.0519003
NA
NA
-0.267356
-0.359563
-0.258124
-0.115638
-0.911627
NA
-0.17845
-0.365052
-0.0404491
0.0482105
-0.310369
-3.07
-0.437039
-0.0760808
0.120214
-0.567866
-0.245209
-0.496141
NA
NA
0.0667234
0.0363308
-0.216452
0.0247254
-0.845122
-0.101076
0.0219153
NA
-0.0133694
-0.457676
-0.330647
-0.0621093
-0.0345441
-0.664304
-0.215458
-0.214496
-0.292419
-0.326645
NA
NA
NA
-0.41319
-0.0977261
-0.45635
NA
-0.191858
-0.170134
0.0660606
-0.441121
-0.331067
-0.699875
-0.319415
-0.460035
NA
-0.382289
NA
-0.296399
NA
0.0530588
-0.277455
NA
-0.0819866
-0.185529
-0.0675441
0.0024389
-0.0787643
-0.638688
-0.390548
-0.147841
-0.258946
-0.716175
-0.368507
-0.303243
-0.0914475
0.0687087
-0.424514
-0.833198
-0.442921
-0.442805
-0.145079
-0.160433
-0.177594
-0.250539
0.163974
-0.102724
-0.318286
-0.0314671
-0.301933
-0.273199
-0.316533
NA
-0.0846741
-0.504876
-0.34096
0.0872258
-0.201391
-0.470334
-0.0660705
-0.058016
NA
-0.736496
-0.673616
0.0158522
-0.288969
0.0536174
-0.00509181
-0.202022
0.0514186
-0.0386969
-0.257914
-1.00195
-0.0845533
-0.32505
NA
NA
-0.553791
-0.334576
NA
NA
-0.453059
NA
3.05236
-0.148637
-0.415176
-0.241122
-0.403807
NA
-0.0473808
-0.279653
-0.0905156
-0.315871
-0.478931
-0.342635
-0.299125
NA
-0.0942504
-0.114721
-0.419982
-0.630693
-0.188377
NA
NA
NA
-0.119803
NA
-0.718444
NA
-0.331789
-0.462631
-0.156286
-0.158147
0.056045
NA
-0.400694
-0.429511
-0.0311414
-0.431282
NA
0.0561393
-0.697486
-6.64679
NA
NA
-0.475661
-0.269537
-0.16008
-0.155241
NA
-0.302668
-0.115024
-0.334632
0.0042515
-0.0563154
-0.816356
-0.116878
0.202037
NA
-0.597609
-0.622029
-0.0508031
-0.161035
NA
-0.514893
-0.313175
-0.432392
-0.568043
-0.238686
-0.246431
NA
-0.173566
0.207346
NA
-0.328266
-0.0695084
-0.0494361
-0.405128
NA
-0.966615
-0.217935
-0.302084
NA
-0.411732
-0.468393
NA
-0.138382
-0.159603
-0.085968
-0.180333
-0.427081
-0.129014
-0.228954
-0.638067
-0.168846
-0.267437
NA
-0.350663
-0.0374102
-0.184019
-0.346616
-0.273725
-0.221508
-0.255367
-0.418726
-0.463785
-0.402737
0.0222871
0.0499575
0.473267
-0.296058
-0.354532
-0.342136
NA
0.0389552
-0.625324
0.0649161
0.0579887
-0.204181
NA
-0.744669
NA
-0.128398
-0.587696
-0.72217
-0.127878
-0.517715
-0.362731
-0.846455
NA
-0.345345
-0.0254623
-0.0415233
-0.331291
-1.09863
-0.121777
-0.333666
NA
0.0865114
0.0539831
NA
-0.551438
-0.573486
-0.163603
-0.407912
-0.489161
NA
0.0643077
-0.431723
-0.0854848
0.0222513
-0.330211
-0.599166
-0.328627
0.0746055
-0.150001
0.0928412
0.0449863
-0.431259
-0.29614
-0.44623
-0.114535
-0.204437
NA
0.0357361
-0.0919567
-0.293521
NA
-0.42654
-0.243196
-0.0995569
-0.865583
-0.590984
-0.912425
-0.0704565
NA
-0.136238
0.0464066
-0.0260386
NA
-0.512257
0.05224
0.0746099
-0.121106
0.250936
-0.952587
0.0767901
-0.0851058
-0.494355
NA
-0.699441
-0.32258
-0.72728
0.0623702
-0.448378
-0.516574
NA
-0.253275
-0.39099
-0.525689
-0.140709
-0.327588
-0.389763
-0.286327
-0.104542
NA
-0.319938
NA
-0.52401
-0.137103
-0.21023
-0.189615
NA
-0.124428
-0.298447
0.0709999
NA
-0.751114
-0.386045
-0.354881
NA
NA
0.00503711
NA
-0.144178
-0.352781
-0.361725
NA
NA
-0.769335
0.0218973
-0.144897
0.0537495
-0.552431
NA
-0.247776
NA
-0.00540768
-0.427
-0.302741
-0.000263793
NA
-0.925208
-0.199346
-0.0912548
NA
NA
-0.0784526
-0.354207
-0.118641
0.0638252
-0.30105
-0.482924
NA
-0.4679
0.0159055
0.0756668
-0.669965
-0.0973781
NA
0.181165
0.0791779
-0.352684
-0.203497
-0.171593
-0.23668
0.0243365
-0.140214
-0.350227
NA
-0.222356
-0.949415
-0.492033
-0.521612
-0.428442
-0.359155
-0.368944
-0.996029
-0.343524
NA
-0.546851
-0.509464
-0.157101
0.0149214
NA
-0.599353
-0.266876
-0.269839
-0.371432
-0.875124
0.0563429
-0.086435
-0.411701
NA
NA
-0.629231
NA
-0.659448
-0.349664
NA
-0.195163
-0.560436
0.0435796
-0.463549
-0.204457
0.12227
-0.230023
-0.46361
-0.489342
-0.73596
-0.672807
-0.167787
-0.513947
NA
-0.23781
-0.451558
-0.0557117
NA
0.0476469
-0.0138648
-0.765395
-0.0669765
-0.12548
-0.43158
-0.324452
-0.522212
-0.123003
-0.0238668
NA
-0.737804
0.0448904
-0.279982
0.0256892
-0.252018
-0.301183
NA
-0.231801
-0.475132
-0.195076
NA
-0.370167
-0.534224
-0.397819
-0.101357
0.000651696
-0.269594
-0.0921838
0.0396714
-0.00159225
NA
-0.368769
0.0590723
-0.203032
-2.21
-0.327032
-0.22724
NA
-0.645793
NA
NA
0.0807139
-0.373121
NA
-0.221854
-0.349727
-0.627318
-0.259441
-0.268818
-0.465672
NA
-0.350924
-0.46296
-0.0454798
-0.0787863
-0.266005
NA
-0.258688
NA
-0.508373
0.0764789
0.0504075
0.0238487
-0.419347
-0.179757
NA
-0.187929
-0.185761
-0.180525
-0.648078
-0.43591
-0.459987
-0.0643996
NA
-0.492513
-0.155597
-0.0452617
NA
0.0158746
-0.19
-0.377872
-0.614183
0.070701
-0.324562
-0.0655831
-0.277787
-0.138547
-0.171095
-0.348664
-0.359733
-0.425618
NA
0.158677
-0.228758
-0.28781
NA
0.0253698
-0.239813
-0.229759
-0.179327
-0.622756
NA
0.0570929
-0.0396212
-0.332707
-0.497055
-0.265157
NA
-0.146627
-1.03269
NA
-0.161094
-0.109467
-0.508539
-0.0813487
-0.159062
-0.189543
-0.643521
NA
0.064888
-0.0107367
-0.399691
NA
-0.152217
NA
NA
NA
-0.750723
-0.46414
NA
-0.771385
-0.52053
-0.202131
-0.243081
-0.0588009
-0.140788
-0.0358148
-0.429422
-0.489967
-0.262681
-0.167896
-0.484092
-0.2711
-0.150016
-0.599169
-0.325426
-0.197412
NA
NA
0.0252858
-0.677145
-0.256964
-0.122996
-0.229004
-0.262349
-0.179757
-0.584737
NA
-0.59645
-0.289416
-0.115289
-0.106621
0.0784099
-0.335174
-0.475446
-0.159688
-0.269686
-0.47128
-0.027673
-0.233596
0.0643474
0.0787098
-0.57757
NA
0.016192
NA
NA
-0.193193
0.0833389
-0.501097
-0.139782
-0.430592
-0.139495
NA
-0.111223
-0.412476
-0.0342529
-0.441101
-0.205128
-0.709346
-0.333848
-0.27287
-0.140812
NA
NA
-0.0941993
-0.00935124
-0.325296
0.0560136
-0.131374
NA
-0.212068
NA
-0.0955074
-0.164398
0.00135147
-0.230176
-0.310796
-0.0857046
0.0585433
0.0488866
0.046183
-0.72754
-0.53442
-0.0515607
-0.240175
0.0227502
-0.398089
0.0462001
-0.4478
-0.0404505
-0.0491019
NA
0.0138019
-0.419037
-0.216613
0.000661784
NA
0.0599034
0.371545
-0.490767
-0.170561
-0.524269
-0.0693575
NA
-0.37978
-0.381396
-0.63452
-0.193432
NA
-0.0566767
-0.152724
NA
-0.199791
-0.959112
0.0332893
0.0170105
-0.253328
NA
0.0313406
NA
-0.142938
-0.47696
NA
-0.262
NA
-0.260063
-0.539336
NA
-0.725957
-0.554501
NA
-0.588182
-0.446206
-0.370756
-0.315806
-0.00354335
-0.0600503
-0.332708
-0.333258
-0.298023
NA
0.0336518
-0.240914
-0.569538
-0.189174
-0.115861
-0.554004
-0.898302
NA
-0.446427
-0.561382
0.054169
NA
-0.261753
0.0845752
-0.588668
-0.0380016
-0.914483
-0.220938
0.118358
NA
-0.193503
-0.343469
-0.0507818
-0.741471
NA
-0.392879
NA
-0.163931
-0.583065
NA
-0.297598
0.0756458
-0.432573
-0.844944
NA
-0.575875
-0.182872
0.090233
-0.409361
-0.0474423
-0.153297
NA
NA
0.0554922
-0.309613
NA
-0.0340222
-0.072236
-0.163389
-0.12415
-0.255239
-0.120149
-0.486624
NA
-0.0932679
-0.20821
-0.0944214
-0.405869
-0.711169
-0.216743
NA
-0.157797
-0.372215
-0.230295
-0.230554
-0.0393246
NA
0.0255831
0.0111628
-0.70619
NA
-0.0470942
0.00273378
-0.584374
NA
-0.323595
-0.330873
-0.447952
-0.746718
-0.419198
-0.316476
-0.329798
-0.511292
-0.541367
-0.144788
-0.16158
0.100391
-0.435791
-0.456784
NA
-0.236025
-0.585402
-0.206752
-0.665071
-0.257741
NA
NA
NA
-0.105414
-0.427803
NA
-0.576233
-0.227704
-0.000730068
NA
-0.49857
-0.218497
0.0252791
-0.456374
-0.679571
-0.356602
-0.324623
NA
-0.351349
-0.477242
-0.295844
-0.579731
-0.411336
-0.404788
-0.363106
NA
NA
NA
NA
-0.76499
-0.0376364
-0.184728
-0.694129
-0.302268
-0.422549
-0.310313
-0.219316
NA
-0.224672
-0.102226
-0.0991481
-0.411218
-0.380414
-0.824485
-0.237066
-0.386374
NA
NA
-0.520081
NA
-0.518072
-0.890504
-0.0414334
-0.413312
-0.447929
-0.132566
-0.427349
-0.137542
0.0403764
-0.799247
-0.208296
-0.0437046
-0.479465
-0.171279
-0.0922469
NA
-0.0713961
0.00322357
-0.579995
NA
-0.230949
-0.685242
-0.326676
NA
-0.0695175
-0.3054
-0.641982
-0.0444518
-0.0245317
0.400235
-0.272983
-0.535929
-0.158463
NA
-0.0803189
-0.00886507
-0.304516
-0.279277
-0.66777
-0.308611
-0.217884
-0.694437
-0.388783
0.0241463
-0.215158
-0.120243
-0.546277
-0.266313
NA
-0.433577
NA
-0.407646
NA
-0.509759
-0.324571
-0.132271
-0.370882
NA
-0.325798
NA
0.0718354
0.0672633
0.000278164
NA
0.188167
0.0569654
-0.417581
0.0239854
-0.276487
-0.311737
-0.669114
NA
-0.0855357
-0.020556
-0.0234236
-0.47904
NA
-0.165662
-0.111821
-0.443011
0.066838
-0.0252897
-0.415973
NA
-0.884439
-0.388706
-0.310999
-0.654295
-0.113562
-0.142326
0.0907743
-0.159163
-0.514479
-0.210583
-0.95013
-0.739738
-0.132816
-0.126811
0.0672597
-0.286384
-0.324742
-0.162867
-0.408277
NA
0.0669506
0.0167069
-0.0630859
-0.381961
0.0127833
-0.605598
-0.281955
-0.359743
NA
NA
NA
-0.355782
-0.472421
NA
-0.0807928
NA
-0.217815
0.0501703
0.0808285
-0.0253214
-0.255786
-0.485333
-0.466864
-0.361991
-0.375314
-0.221481
-0.435533
-0.324147
-0.412693
-0.356535
-0.426074
NA
-0.319032
-0.0459654
-0.377784
-0.0327262
NA
-0.286569
NA
NA
-0.584123
-0.180809
0.00716909
-0.287278
-0.410926
-0.443972
-0.0722576
NA
-0.127045
NA
-0.343613
-0.662178
-0.251683
-0.793505
-0.0311547
NA
-0.0380368
-0.329154
NA
-0.0867462
-0.263476
0.0161667
-3.67349
NA
0.0366686
-0.297813
NA
NA
-0.0771643
0.0724053
-0.731979
NA
-0.37576
-0.402832
0.054163
-0.0492525
-0.422568
-0.357536
-0.277289
NA
-0.185236
-0.0770986
-0.203148
0.0571236
-0.251599
0.0672015
-0.255949
-0.419134
-0.144138
-0.151253
-0.358405
-0.872313
-0.300215
-0.0260467
-0.352366
-0.291811
-0.317276
0.243253
-0.129599
-0.340828
-0.419356
-0.494267
-0.322006
-0.294825
-0.247195
-0.0143724
NA
-0.314417
-0.00850943
NA
-0.39433
-0.211317
-1.17982
NA
-0.612454
NA
-0.480269
-0.300821
0.0255911
-0.292717
NA
-0.443958
-0.394408
0.0059975
-0.166252
-0.212715
NA
-0.19848
-0.0383666
0.0905457
-0.513576
-0.399923
-0.605297
-0.0419973
-0.302659
0.0156093
-0.595191
-0.484657
-0.204815
NA
-0.361894
-0.132051
-0.556309
-0.0175584
-0.405766
-0.447385
NA
-0.295227
0.0400996
0.0588441
0.0922342
-0.676434
-0.626392
-0.486646
-0.514571
-0.56772
-0.521068
NA
0.0563986
-0.343173
-0.00638182
-0.454558
NA
-0.0658659
-0.0531574
-0.291562
-0.427092
-0.260231
NA
NA
-0.614082
NA
-0.311977
-0.913386
NA
-0.285396
NA
NA
-0.401211
-0.412066
-0.222893
-0.584557
-0.469647
-0.0323757
-0.223433
-0.456292
-0.289417
NA
-0.556
-0.108692
-0.239303
-0.417145
-0.400542
NA
-0.510405
-0.255391
-0.511659
NA
-0.255332
-0.203832
-0.731721
NA
-0.140851
-0.303372
-0.624252
-0.800755
-0.433407
-0.310662
-0.14688
-0.284623
0.0611444
-0.59252
-0.129641
-0.0568933
-0.244439
-0.200477
NA
-0.419536
-0.600727
NA
NA
-0.692827
-0.196121
-0.0376259
-0.147824
-0.298028
0.727645
0.367647
-0.440476
-0.0816888
NA
-0.559005
0.0799264
-0.515415
-0.646347
-0.286244
-0.249704
-0.290089
-0.028555
-0.279851
-0.836647
-0.31348
-0.421746
-0.225045
-0.583689
-0.362779
-0.22196
-0.0427476
NA
-0.316598
-0.216408
NA
-0.23842
-0.0521722
NA
-0.668247
NA
NA
0.0250231
-0.062532
-0.593284
-0.109133
-0.60727
-0.17588
0.0253803
0.0757681
-0.641144
-0.790919
-0.185508
0.0781708
-0.397991
-0.274052
-0.480833
-0.0499766
NA
-0.818197
NA
-0.579719
-0.29303
NA
-0.860543
-0.520231
-0.0294508
-0.454146
-0.412416
-0.0744024
-0.466651
0.0561139
-0.411944
-0.0461389
-0.132668
-0.12921
-0.933536
-0.78281
-0.346325
-0.504678
NA
-0.0812888
-0.11371
-0.876863
NA
NA
0.0580292
-0.26443
-0.485427
NA
-0.343286
-0.278375
-0.350549
-0.480499
-0.417339
0.0155927
NA
-0.171705
-0.278603
-0.0904714
-0.51994
-0.436985
-0.495445
-0.471366
-0.372316
-0.213194
-0.569354
-0.197593
-0.0613687
-0.219933
NA
-0.37494
-0.686105
NA
-0.0934675
0.0477095
-0.0593224
NA
-0.0849144
2.99365
0.0516428
-0.549508
-0.684352
NA
-0.580578
NA
NA
-0.625664
NA
NA
-0.135402
-0.188786
-0.108884
-0.613263
-0.102248
-0.142078
-0.124101
-0.350624
0.00429896
0.102066
NA
-0.208333
NA
-0.266245
-0.101513
-0.173803
-0.422862
-0.441883
-0.177919
-0.22275
-0.577152
-0.162013
-0.0546315
-0.11028
-0.554766
-0.0359633
-0.640122
-0.120649
-0.164529
-0.716295
-0.195174
-0.282929
-0.709916
-0.273891
-0.535531
-0.65842
-0.111943
-0.263528
-0.060273
-0.747039
-0.539638
0.0159952
-0.872742
-0.640516
-0.068209
-0.485278
NA
-0.222174
-0.406932
-0.567695
-0.373717
NA
NA
-0.135726
-0.0625274
-0.380275
-0.166844
-0.377482
-0.127154
NA
-0.726145
0.0257531
-0.214497
-0.341935
NA
-0.462675
-0.461579
NA
0.00401881
-1.16821
-0.87465
-0.144647
-0.105943
-0.638336
-0.0320277
-0.415558
-0.976902
-0.159845
-0.0273973
-0.57804
NA
-0.196812
-0.378057
-0.312483
NA
-0.415426
NA
-0.329135
NA
NA
-0.353795
0.0473401
-0.130925
NA
-0.0154517
-0.153938
-0.225425
-0.270245
-0.269521
NA
-0.0138588
NA
NA
NA
-0.389316
NA
-0.245695
-0.260087
-0.591371
NA
-0.0836927
-0.146382
-0.079968
-0.450174
-0.260192
-0.526835
-0.601648
-0.779326
-0.695605
NA
NA
-0.499152
-0.128076
-0.0429392
NA
-0.620582
-0.355342
-1.07759
-0.361492
-0.121054
NA
-0.152125
NA
NA
-0.146926
-0.489398
-0.0357394
-0.680902
-0.567067
NA
-0.0226412
-0.13642
-0.478914
NA
-0.325907
-0.230643
NA
-0.270471
-0.310968
NA
0.0596253
-0.0363728
0.143768
0.0253077
NA
NA
-0.164499
NA
-0.539234
-0.62161
-0.259625
-0.246848
0.0397394
NA
-0.370127
-0.46522
-0.5006
NA
-0.48109
NA
NA
-0.177417
-0.222637
-0.325809
0.0927927
NA
-0.330072
-0.676794
-0.136544
-0.120141
NA
-1.11015
-0.460094
NA
-0.233294
NA
-0.139516
-0.442442
-0.00127119
-0.376609
-0.0362205
-0.251596
-0.532831
-0.0910705
-0.0396968
0.00600434
-0.224502
-0.113103
0.0492795
0.0458296
-0.274822
-0.877252
-0.834893
-0.105187
-0.607846
-0.148998
-0.264502
0.0638881
-0.863286
-0.236691
NA
-0.467768
-0.326383
-1.08575
-0.505155
-0.0992765
-0.215607
-0.584838
-0.656522
-0.0467706
-0.645078
-0.270219
-0.482595
-0.0130773
-0.450491
-0.0192808
-0.158823
-0.095971
-0.194774
-0.0500044
NA
-0.129328
-0.227511
0.0266132
-0.426178
-0.437506
-0.471141
-0.486941
NA
-0.41276
-0.295013
-0.374684
NA
-0.191823
NA
-0.271597
-0.0489706
-0.0625621
-0.276772
-0.322123
0.0676694
-0.438216
-0.0535703
NA
-5.03678
-0.214566
-0.142477
0.109437
-0.129115
NA
-0.380312
-0.340456
-0.27994
-0.574396
NA
-0.150391
-0.263123
-0.0458985
-0.000617397
NA
-0.236358
0.0248159
-0.249821
-0.330172
-0.281011
-0.556779
-0.0223803
NA
-0.00466255
NA
-0.0203332
-0.0645652
-0.174578
-0.273305
-0.779141
-0.160491
-0.674553
-0.309038
-0.226112
-0.141498
-0.0648472
NA
-0.11523
-0.319713
-0.487943
-0.644506
-0.205399
-0.884
0.0282878
-0.371715
-0.466795
-0.428667
-0.0498172
-0.235682
-0.555132
-0.145078
-0.382211
-0.42436
-0.141149
-0.676365
-0.506064
-0.214545
-0.163549
0.0164171
NA
NA
-0.194256
-0.264916
-0.575193
-0.589483
NA
NA
0.851429
-0.282749
NA
-0.329003
0.057037
-0.0131641
-0.125411
-0.58046
-0.177732
-0.491191
-0.0698253
-0.486547
-0.653231
0.0637174
-1.02571
NA
0.120885
-0.277443
-0.245382
-0.38176
0.0153383
0.0158723
-0.800854
-0.25001
-0.259738
NA
-0.0177528
-0.683422
-0.62904
-0.386305
-0.149982
-0.33495
-0.748953
NA
-0.375437
0.0145172
-0.637585
NA
-0.0894897
-0.426428
0.0443056
-0.742667
-0.281853
-0.334765
-0.454421
-0.265888
-0.439148
-0.188075
0.0889724
NA
-0.175932
-0.0500833
0.0255904
-0.284815
-0.163592
-0.274444
-0.346097
-0.239747
0.289166
-0.243414
-0.407421
-0.410386
NA
NA
-0.841895
-0.831896
-0.132153
-0.0603242
-0.694809
-0.276821
-0.22045
-0.223615
-0.214047
-0.194998
NA
-0.569713
-0.299215
-0.279485
-0.203044
-0.19894
-0.59978
-0.00799301
-0.0343789
-0.264136
0.00266714
-0.695109
-0.129152
-0.496503
-0.558705
-0.0814534
-0.272279
NA
-0.143839
-0.175581
-0.421298
-0.452776
-0.480035
-0.0954923
-0.407087
-0.477629
NA
-0.0611635
-0.301878
NA
-0.0774605
-0.558622
0.0498872
-0.258162
-0.068116
-0.17131
-0.352989
-0.128975
-0.368821
-0.0960451
0.0234588
-3.57961
-0.160726
-0.391785
-0.605532
-0.15405
-0.164522
-0.398676
-0.177635
NA
-0.245441
NA
NA
NA
0.0604756
-0.493823
-0.164392
-0.530457
-0.0741971
-0.19814
NA
0.0665901
-0.525409
NA
-0.166395
1.09277
-0.481479
-0.241079
-0.275676
0.0443742
-0.402945
-0.636204
-0.672882
-0.31604
-0.321426
-0.409844
-0.402834
-0.669278
NA
NA
-0.738973
0.0630698
-0.0255417
-0.0699772
-0.572671
-0.125254
-0.612494
NA
-0.160595
-0.638314
-0.0703781
0.0552073
-0.337386
-0.289787
-0.187806
-0.159767
NA
-0.416961
0.0155184
-0.368466
-0.0777592
-0.318392
0.0719652
-0.110655
-0.00562228
-0.31449
NA
-0.327137
-0.222254
-0.515253
-0.38421
-0.152018
-0.285702
-0.259252
0.032539
0.0170832
0.0653223
NA
NA
-0.138843
-0.246398
-0.57087
0.545857
-0.0218162
NA
-0.399617
-0.341209
-0.599956
-1.04703
-0.457802
-0.23582
-0.417992
-0.356112
NA
-0.521676
0.172402
-0.47324
NA
0.201822
0.00998149
NA
-0.619957
-0.274994
-0.372843
-0.151394
-0.419514
-0.508558
-0.270284
0.000254911
-0.747092
-0.666855
NA
-0.851419
-0.119176
0.0802548
-0.885996
-0.203864
-0.00301407
NA
-0.381171
-0.151463
-0.0759789
-0.0546322
-0.423421
-0.272552
NA
-0.227364
0.0853336
-0.497971
-0.505255
-0.382953
-0.0769776
-0.33867
0.0136991
0.0720642
NA
0.0418763
-0.359966
-0.235083
-0.258734
-0.229734
-0.166454
0.0479338
-0.476905
-0.0970059
-0.363599
0.005157
-0.297142
-1.11632
-1.26073
0.037428
-0.0591166
-0.0193799
-0.289834
-0.232786
NA
-0.743831
-0.599149
-0.230037
-0.0440884
-0.221093
-0.270269
-0.746279
-0.290899
-0.230384
-0.37091
-0.00325416
NA
NA
NA
NA
-0.481345
NA
-0.411668
-0.151888
NA
-0.0598034
-0.268887
-0.389307
-0.312618
NA
0.0574364
-0.12084
-0.152265
0.0613876
NA
-0.253508
0.017488
-0.42091
-0.53738
-0.275479
NA
NA
-0.363217
-0.492893
-0.678619
-0.385079
0.0575027
-0.192633
-0.405915
0.0584347
-0.37628
-0.0110178
-0.553805
-0.510075
-0.201171
-0.368164
-0.32712
-0.22003
-0.150144
NA
-0.303568
0.0869009
NA
-0.878328
-0.532372
-0.309773
NA
0.0751043
0.0159008
-0.317236
0.0251943
-0.298327
-0.0248897
-0.238628
NA
-0.324007
NA
-0.105656
-0.115381
-0.327031
-0.113634
-0.577237
-0.543529
-0.0202937
-0.403236
-0.192504
NA
-0.392149
-0.453072
-0.152813
-0.638949
-0.386126
-0.0614031
-0.441606
-0.455655
-0.0983988
NA
-0.515756
-0.326027
NA
NA
-1.09261
-0.567876
-0.801606
-0.314398
-0.36078
-0.510215
0.100063
-0.434019
-0.56789
-0.12444
-0.218991
NA
0.00242148
-0.453909
-0.0846354
-0.0610214
NA
-0.200291
-0.345646
-0.221373
-0.185525
NA
0.00389225
-0.0273932
-0.558262
-0.0323582
-0.610384
-0.284808
-0.196522
-0.371023
-0.211
-0.713819
-0.779606
0.15542
-0.0807244
-0.802676
-0.941568
-0.00871307
NA
-0.464894
-0.377212
-0.30765
NA
-0.374624
-0.132401
-0.674356
-0.0935948
-0.172235
-0.00761141
-0.128443
-0.0575095
NA
-0.26156
-0.169816
-0.490233
-0.83103
0.0402197
-0.315847
-0.375647
-0.15565
-0.293957
-0.246293
NA
-0.17703
-0.567198
NA
-0.173961
-0.515754
-0.0284911
-0.241695
0.0810303
-0.328335
NA
-0.344642
-0.0803341
0.0210984
0.0643581
-0.381407
-0.034515
-0.600575
0.0217009
0.0297745
-0.266206
-0.627055
-0.849116
-0.229462
-0.317122
-0.239088
NA
0.925272
NA
-0.0402254
-0.0985931
-0.344692
NA
NA
NA
0.0992763
-0.461818
0.0249104
-0.182872
-0.182409
-0.3126
NA
-0.53388
NA
-0.351149
-0.483731
-0.298802
-0.0351248
-1.19989
-0.383398
-0.521635
-0.388281
NA
NA
-0.623634
0.0826932
0.0251825
-0.585691
-0.240751
-0.584778
NA
-0.489012
-0.254296
-0.259305
-0.12647
0.0273895
-0.0988878
NA
-0.051081
-0.340536
-0.408573
-0.468492
-0.092022
-0.364268
NA
NA
-0.0148931
-0.16187
-0.0621147
-0.0227113
-0.678251
-0.273596
-0.395581
0.0482724
-0.324849
NA
NA
-0.00569007
-0.828597
-0.391185
-0.210248
0.0265746
-0.820193
-0.518543
0.0255858
-0.218897
NA
NA
-0.543771
-0.0871589
-0.0401339
-0.230106
-0.585362
-0.228967
0.0186686
0.0245515
NA
-0.439755
-0.177241
-0.541497
-0.496546
-0.349146
-0.382952
-0.80122
NA
-0.272005
NA
-0.284862
-0.194652
-0.400185
NA
-0.0326897
-0.253453
NA
0.0693523
NA
-0.765875
-0.150826
-0.353924
-0.321026
-0.00286821
-0.503104
-0.138644
NA
-0.409859
-0.365194
-0.480689
-0.389821
-0.161208
NA
-0.688699
NA
-0.321101
NA
-0.490002
-0.454874
NA
0.0546446
-0.148059
0.0606009
-0.208573
-0.130286
0.0679094
-0.129513
-0.0726777
-0.407898
-0.353904
-0.155552
NA
-0.40071
-0.0244667
-0.0123158
-0.164177
-0.474061
0.144716
-0.15757
-0.52359
-0.0494798
NA
-0.0630516
-0.56724
0.0374062
-0.289773
0.0146488
-0.431994
NA
-0.110907
-0.700542
-0.452093
-0.257329
0.0872871
NA
-0.348038
-0.324172
-0.270998
-0.0769631
-0.136499
-0.165957
0.0125216
NA
-0.412425
-0.0949601
NA
-0.440987
0.0536098
-0.145098
-0.348537
0.0519988
NA
-0.249961
-0.876263
-0.216424
-0.982713
-0.219137
NA
-0.116981
-0.218933
-0.17441
NA
NA
-0.5536
0.0114828
NA
-0.525936
0.0297403
NA
-0.358373
-0.181243
-0.265504
-0.368331
-0.215634
-0.764301
-0.384345
-0.0914395
-0.0385068
-0.389696
-0.287056
NA
-0.497453
-0.0914112
-0.291118
-0.222348
0.0389677
-0.238022
NA
-0.108562
-0.823823
-0.181248
-0.326381
0.148125
-0.184126
-0.436199
-0.0880503
-0.166505
NA
-0.0457726
-0.467569
-0.777372
0.0660148
NA
NA
NA
-0.105806
-0.458207
NA
-0.167111
0.0747973
-1.07878
-0.397278
0.12688
-0.431505
-0.26783
-0.0187843
NA
NA
-0.450084
0.0156512
-0.197643
-0.122029
0.0122331
-0.111887
-0.491175
-0.766211
0.240309
NA
NA
-0.501948
-0.278727
NA
NA
-0.130574
NA
-0.143195
-0.250892
NA
NA
-0.247122
-0.420243
-0.651391
-0.742399
-0.450912
-0.413732
0.0244313
-0.296626
-0.249068
-0.500044
-0.307075
0.0250481
-0.221485
-0.246912
-0.33204
-0.0151131
-0.250978
-0.505566
-0.306328
-0.374762
-0.388313
-0.397069
-0.641637
-0.0257983
NA
-0.247324
-0.301161
-0.0822965
0.022537
-0.513282
0.00294428
-0.338326
0.121984
-0.392245
-0.0261902
NA
-0.536512
-0.488886
-0.3754
0.0537301
0.0639312
NA
-0.321076
NA
0.0506094
-0.74588
-0.551725
-0.325728
NA
-0.268255
0.034821
0.0156852
-0.363934
-0.0472075
-0.0715803
-0.0581814
-0.735048
0.0382518
-0.364899
0.0261832
-0.406152
-0.237495
-0.0296756
NA
0.099054
NA
-0.336239
NA
-0.00751317
-0.361414
-0.111741
-0.0235988
-0.00605736
0.096237
NA
0.0730528
-0.234687
-0.401489
-0.0264395
-0.281839
-0.621795
0.0358542
0.042859
-2.71089
-0.402771
NA
0.0734391
-0.257171
NA
-0.220759
-0.413105
-0.451924
-0.23628
-0.493764
-0.395958
-0.114485
-0.337568
NA
0.0247986
-0.355994
-0.683505
-0.099743
-1.11381
NA
-0.273833
-0.11785
NA
-0.345832
-0.382358
-0.206712
-0.710234
NA
-0.350548
-0.223381
-0.518527
0.0720753
-0.662475
-0.471239
NA
0.0323617
-0.186618
NA
-0.496477
-0.214969
-0.291673
-0.0387747
NA
NA
-0.201503
-0.363949
-0.398659
0.0108721
-0.444118
-0.182918
NA
-0.406626
-0.195431
-0.202808
-0.460823
0.181803
NA
-0.140722
-0.0213387
-0.105405
NA
0.017412
-0.0548496
-0.45156
-0.589072
-0.123842
-0.383011
-0.482494
-0.538899
-0.381777
-0.169576
-0.242484
-0.307039
-0.19401
-0.295068
0.0131395
-0.423317
-0.33442
NA
-0.0382829
NA
NA
-0.369194
-0.372665
-0.0678187
-0.186966
NA
-0.73579
-0.097215
-0.0424292
-0.134565
-0.772335
-0.0685878
-0.398164
-0.344524
NA
-0.210129
-0.0120626
-0.337626
-0.244626
-0.206082
-0.246919
-0.506603
-0.562045
-0.410672
-0.390898
-0.73416
-0.344617
-0.160518
-0.289325
NA
0.0836748
-0.206449
-0.560302
0.000298346
-0.498452
-0.0728354
0.0459455
-0.330717
NA
-0.0598457
-0.55776
-0.188815
-0.417627
-0.223531
0.00433378
-0.359682
NA
-0.0130116
0.0380642
NA
0.0438296
-0.619657
-0.137989
-0.747139
-0.25225
-0.319566
-0.0329
-0.585289
NA
0.0224801
-0.428609
0.118355
0.0761925
-0.365442
-0.346089
0.248163
-0.286237
-0.319192
NA
-0.302576
-0.396362
-0.318147
-0.28698
-0.513427
0.0385923
-0.397004
0.0215961
-0.535483
-0.55787
-0.240972
-0.708371
0.052273
-0.0386664
0.0160661
NA
-0.228665
0.0455153
-0.121842
-0.229302
NA
-0.30078
-0.045241
NA
-0.434349
-0.415966
0.0369786
-0.129921
-0.112509
-0.567903
-0.449347
-0.592076
-0.00284536
-0.648273
-0.546148
-0.427497
-0.0635058
-0.128682
-0.920789
-0.105718
NA
-0.0517862
-0.0145282
-0.27902
NA
-0.509541
-0.518961
NA
NA
-0.560883
-0.284588
NA
-0.386447
-0.0703463
-0.178948
-0.409623
-0.179426
-0.669983
NA
-0.411347
NA
NA
-0.269619
-0.803351
0.0761809
-0.152946
0.0415763
NA
NA
NA
-0.33772
NA
-0.244532
NA
0.0564824
-0.164412
0.0319206
-0.638889
NA
-0.507326
NA
-0.453521
-0.659527
-0.169486
-0.40165
-0.154797
-0.111166
NA
-0.371896
-0.363284
-0.211729
-0.225412
NA
-0.423169
0.0980599
-0.123664
-0.292038
0.079448
-0.488093
0.0209976
-0.113731
-0.140304
NA
-0.220171
0.0174662
-0.218909
-0.233848
0.0752898
-0.157575
0.159914
-0.211464
-0.643074
-0.218884
0.050516
NA
-0.223118
NA
-0.392645
-0.335325
-0.360662
0.0410356
NA
NA
-0.495986
-0.28529
-0.0921499
-0.117691
-0.332317
-0.259083
-0.469575
-0.0951709
-0.0883171
-0.445363
-0.0594594
NA
-0.620686
-0.380494
NA
0.0162459
NA
NA
-0.655353
-0.346782
0.0478652
-0.532994
-0.21945
NA
-0.381262
-0.171889
0.0714526
0.0148235
-0.747446
NA
NA
-0.439832
-0.0720143
NA
NA
-0.592091
-0.183537
0.00165119
NA
NA
-0.117832
NA
-0.513561
-0.332872
3.56869
0.0282759
-0.29765
-0.215073
-1.25349
NA
-0.200995
-0.117658
-0.059952
-0.485135
-0.657251
-0.238443
-0.247994
-0.160719
-0.256286
-0.34912
-0.73476
-0.232517
-0.751997
-0.161235
-0.0606422
-0.333132
0.0143415
NA
-0.128928
-0.184255
-0.443971
-0.376586
-0.529892
NA
0.0332148
NA
-0.139091
NA
-0.442569
0.0318256
-0.0555638
0.0711688
-0.170423
-0.410773
0.0624682
-0.336858
NA
0.0253466
-0.463836
NA
-0.332839
-0.555218
-0.370727
-0.0733807
-0.109126
-0.3971
-0.000377701
-0.623789
0.0250593
NA
NA
-0.0380916
-0.375341
-0.497724
-1.22854
-0.381186
-0.425679
0.025796
NA
NA
-0.0999063
0.30304
-0.163199
0.0438528
-0.485298
-0.158514
NA
-0.326512
-0.0232561
-0.42113
-0.155503
0.0342344
-0.57602
-0.529776
0.0108996
-0.0908826
-0.0671655
-0.297151
-0.856789
-0.804079
-0.419336
-0.603411
-0.403538
0.0219322
-0.258466
0.0451089
0.0268256
0.0503367
NA
-0.528948
-0.479109
-0.183077
-0.274212
NA
-0.576793
0.19706
-0.481366
-0.268278
-0.323783
-0.234749
-0.4052
-0.479842
NA
-0.0761811
-0.309251
-0.348245
NA
NA
-0.256066
-0.0821637
NA
NA
NA
-0.576606
-0.279842
0.0186566
-0.262185
0.0186885
-0.217696
NA
-0.368812
-0.0870244
-0.0159593
-0.0651301
-0.166484
-0.105856
NA
-0.482535
NA
0.0595892
-0.457589
-0.61838
NA
-0.0397029
-0.189414
-0.398209
-0.634959
0.0803299
-0.121489
-0.185104
-0.0942019
0.0809214
-0.124609
NA
-0.524794
NA
-0.345584
-0.158286
-0.862357
-0.368174
-0.275131
NA
-0.881243
-0.820216
-0.112598
-0.0130451
NA
-0.375221
NA
-0.0422752
-0.611113
-0.245578
-0.290577
NA
-0.452533
-0.541862
-0.260408
-0.457982
