-0.772335
-0.284183
-0.381047
-0.306789
-0.0424292
NA
-0.227511
0.0266132
-0.158823
NA
-0.326201
-0.152217
NA
0.064888
-0.197412
NA
-0.297415
-0.193864
-0.235562
-0.429422
-0.374684
-0.246919
-0.20696
NA
NA
-0.137478
NA
0.158677
-0.152809
-0.324562
-4.57043
-0.105405
NA
-0.240682
-0.406626
-0.614183
0.0153785
NA
-0.242484
-0.0561452
0.0288734
-0.584838
-0.215607
-0.435016
-0.656522
-0.482494
0.0238487
-0.118398
-0.186618
NA
-0.0827991
-0.0825356
-0.46296
-0.350924
-0.0396968
-0.885583
-0.762732
-0.865439
-0.479062
-0.54394
-0.0643996
-0.209892
NA
-0.257171
-0.072982
-0.569337
-0.926993
-0.567067
-0.327628
-0.00605736
-1.1204
0.0586226
NA
-0.0363728
-0.184623
-0.879645
-0.0974531
NA
-0.836646
-0.0146557
-0.560883
0.0243633
NA
NA
-0.243539
-0.0145282
0.00471993
-0.763567
0.0408644
-0.214047
-0.372802
NA
-0.150403
-0.218062
-0.458554
-0.0177528
0.0158673
-0.449347
-0.434349
NA
-0.883055
-0.278391
-0.216613
-0.653231
-0.228665
NA
-0.173998
0.0332893
0.0252814
0.0145172
-0.193432
0.116476
-0.520034
NA
-0.592076
-0.00284536
-0.0634687
NA
-0.319192
0.0213769
-0.203026
0.118355
NA
0.248163
-0.293658
NA
-0.0939592
-0.412476
-0.480169
-0.417537
-0.490828
-0.535483
NA
-0.0651589
-0.166628
NA
NA
-0.589483
0.0554631
0.0808176
-0.330717
-0.106621
0.000298346
0.18242
-0.327818
-0.358415
0.0511624
-0.256964
-0.129115
-0.142477
-0.519743
-0.319713
0.0833389
-0.487943
-0.63481
-0.430592
-0.309038
0.0438296
-0.244522
-0.25225
0.016192
-0.359682
0.035918
-0.00408748
-0.0440282
-0.0598457
-0.55776
NA
0.00433378
-0.47128
-0.537156
-0.443971
0.0552073
-0.101754
-0.258283
-0.127912
-0.0255417
-0.539101
-0.515253
-0.38421
NA
-0.287999
-0.665071
-0.206752
-0.16158
-0.0777592
-0.464579
-0.481479
-0.297243
-0.184909
-0.274701
NA
-0.164392
-0.185716
-0.568937
-0.3221
NA
-0.584374
-0.238443
-0.31604
-0.247994
-0.117658
-0.446293
0.0255831
-0.0474423
-0.394513
-0.295359
-0.598948
NA
-0.392645
-0.389318
-0.250784
NA
0.186544
-0.30649
NA
-0.380494
NA
-0.16194
-0.154797
NA
-0.810521
-0.284073
0.0196684
NA
-0.733591
-0.504777
0.0336518
-0.0632565
-0.157575
0.0498872
-0.527593
-0.211464
-0.541379
-0.562416
-0.0774605
NA
-0.220938
0.079448
-0.104472
-0.557732
0.0851713
-0.489486
0.0682807
-0.117201
-0.207808
-0.466287
-0.0921937
-0.339471
-0.198549
-0.290577
-0.680106
0.0204834
-0.870094
-0.019077
-0.289834
-0.635812
-0.279842
NA
-0.309251
NA
0.0786839
NA
-0.476905
NA
-0.120939
-0.316458
NA
-0.327931
NA
-0.596134
NA
NA
-0.398209
-0.317213
0.011116
-0.324571
NA
NA
-0.368812
-0.137031
-0.603411
0.0451089
-0.00487441
-0.151463
-0.0671655
-0.22104
-0.109269
-0.529776
-0.598182
-0.598199
NA
-0.230949
-0.554945
-0.400321
NA
NA
-0.410109
-0.589673
NA
-0.0583121
-0.138843
-0.57087
0.545857
NA
-0.579731
-0.713741
NA
-0.211614
-0.102226
-1.02939
-0.454444
-0.385464
NA
NA
NA
0.0158693
-0.26156
-0.313902
NA
NA
-0.478879
-0.0621093
-0.521106
-0.215458
NA
0.243253
-0.191694
NA
-0.398584
-0.293957
NA
-0.300215
-0.331067
NA
-0.175599
0.0402197
-0.228456
-0.245209
-0.307957
-0.567866
-0.277202
NA
-0.405481
-0.365052
NA
0.0276451
-0.191613
-0.258124
-0.135719
-0.402832
-0.941568
-0.802676
-0.275878
-0.112112
-0.263841
-0.0689178
0.0939456
-0.12668
-0.291239
-0.392149
-0.0305608
-0.223501
-0.984788
NA
NA
-0.699544
NA
-0.373995
-0.0464357
-0.263936
NA
0.0133545
-0.326027
-0.60748
-0.800617
-0.126811
-0.553805
-0.469948
-0.502238
-0.223831
-0.192504
-0.581295
-0.411868
-0.243663
NA
0.0167069
0.202037
-0.622029
-0.0508031
0.0231482
NA
NA
-0.431282
-0.80497
NA
NA
0.0529251
-0.777554
-0.398897
-0.419536
-0.244162
-0.792554
-0.432916
-0.0711197
NA
-0.306742
-0.419982
0.0273895
-0.0401509
-0.00638182
-0.311357
-0.158147
-0.401211
-0.382055
-0.096287
0.0482724
-0.52465
0.0786472
0.0181759
-0.285396
-0.349352
-0.426594
-0.0173123
0.0514186
-0.257914
-0.381871
NA
NA
0.0156093
-0.656269
-0.201391
0.0872258
-0.281413
-0.182872
0.0524585
-0.193156
-0.405802
-0.330526
-0.56772
-0.322588
0.0922342
0.0588441
-0.832005
-0.228895
0.0400996
-0.337004
NA
-0.600575
NA
-0.39433
-0.266206
-0.614852
-0.129108
-0.390548
-0.352258
0.0643581
-0.574682
-0.356843
-0.185529
-0.0626828
NA
0.0103413
0.329432
0.0175212
NA
0.163974
-0.317122
-0.109088
-0.847247
NA
-0.160433
-0.177594
-0.480269
-0.309851
0.0114828
-0.140709
-0.625664
NA
-0.255174
-0.549508
-0.253275
-0.876263
0.0623702
-0.141238
-0.124428
-0.360374
0.0864784
-0.0374473
-0.651091
0.0784408
NA
-0.108884
-0.188786
-0.286327
-0.413736
-0.243196
-0.114535
-0.427851
-0.0336683
-0.0919567
-0.0461084
-0.933536
NA
0.0155224
-0.431994
-0.365402
-0.746019
-0.121106
0.045272
-0.0704565
NA
-0.408376
-0.547087
-0.485427
-0.641144
-0.27551
-0.1117
-0.109133
0.0606009
-0.312742
-0.362731
NA
NA
0.0546446
-0.202251
-0.149618
-0.368463
NA
-0.394145
NA
0.0374062
NA
NA
0.0786954
NA
0.0983106
-0.079513
0.383606
-0.319077
-0.155552
-0.282906
-0.43589
-0.740575
NA
NA
-0.439247
NA
-0.230536
-0.564196
0.727645
-0.216408
NA
-0.43247
-0.364574
-0.463687
-0.362779
-0.744669
-0.279851
-0.395179
-0.524724
-0.570705
-0.296058
-0.225611
-0.213418
-0.631981
-0.260087
-0.591371
-0.474199
0.12227
-0.230023
NA
NA
0.0506094
0.0279288
0.0800848
NA
-0.393065
NA
-0.829029
0.0563429
NA
NA
-0.474463
-0.505566
-0.374762
-0.312483
-0.430602
-0.157101
-0.0273973
-0.246912
NA
-0.319764
-0.0320277
-0.325911
-0.517091
-0.110101
-0.484371
-0.560436
NA
-0.353795
NA
-0.0735669
NA
0.0264633
0.0629961
0.0884868
0.0791779
-0.726145
-0.122029
-0.356618
NA
-0.567695
-0.365777
NA
-0.522859
-0.447531
-0.111633
-0.0724695
NA
-0.0982261
NA
-0.779266
-0.380947
-0.166505
-0.410831
-0.769335
-0.15089
-0.326381
-0.0659313
-0.162013
-0.20631
NA
0.0840929
-0.397278
-0.0873149
-0.640516
-0.068209
-0.368429
-0.467569
-0.0564101
-0.0532
-0.0537986
NA
-0.174418
-0.508327
NA
-0.00540768
