-0.452822
NA
-0.543913
-0.099743
-0.0729525
-0.238281
-0.880877
-0.383185
-0.24041
-0.458061
-0.819384
NA
-0.569337
-0.714948
-0.199402
0.0578851
0.000651696
NA
-0.396583
-0.22298
0.0056258
-0.760373
-0.436223
-0.398659
0.0406817
NA
-0.13807
0.0708708
NA
-0.0643996
NA
-0.032104
NA
0.0371203
NA
NA
0.0323617
NA
-0.827355
-0.206712
NA
-0.350924
-0.159402
0.037674
-0.0704826
NA
-0.295068
NA
NA
-0.359975
-0.435776
-0.00666787
-0.179327
-0.199475
-0.493625
0.0671938
NA
NA
-0.406626
-0.614183
-0.0967543
-0.352403
-0.206201
NA
-0.325426
-0.556741
-0.0120626
NA
-0.167896
-0.486955
NA
-0.772335
-0.0862262
-0.498964
-0.565087
-0.438011
-0.0923452
-0.336722
NA
-0.271327
0.0781324
NA
NA
-0.309526
-0.0987576
NA
-0.673383
-0.51227
NA
-0.0232078
0.569091
-0.106621
0.0642846
NA
NA
-0.693779
0.0488866
-0.138281
-0.0386664
-0.734179
-0.245738
NA
-0.338032
-0.127042
-0.247677
-0.242775
-0.333848
0.0729304
-2.84727e-05
-0.484221
-0.142337
0.834879
-0.592076
-0.00628957
-0.246566
-0.557823
-0.121227
-0.214389
NA
-0.213749
NA
-0.293328
-0.434349
0.000661784
-0.567903
-0.342157
-0.0393092
-0.229035
NA
-0.283063
-0.419037
0.0693286
NA
NA
-0.205372
-0.334211
NA
-0.450568
-0.315806
-0.178948
0.0310678
-0.269203
-0.47696
-0.179197
NA
-0.782006
NA
NA
-1.15066
-0.410822
-0.603397
-0.429689
-0.211464
NA
-0.261753
-0.37386
-0.177489
NA
0.0209976
-0.25689
-0.146056
-0.154797
NA
-0.115861
-0.780632
-0.084592
0.0336518
-0.322012
-0.638889
-0.304516
-0.152105
NA
-0.357676
-0.12415
NA
-0.0153407
-0.663173
-0.575542
-0.105945
NA
-1.06838
NA
-0.457967
NA
0.090233
-0.087485
NA
NA
-2.16787
-0.221597
-0.369044
NA
-1.06782
NA
-0.413351
-0.370359
-0.437001
-0.402877
-0.296435
-0.482276
-0.122189
NA
0.0319132
0.0111628
-0.230137
-0.74813
-0.331165
0.0918481
-0.0393246
-0.578554
-0.229842
0.0779717
-0.307816
-0.675064
-0.0249952
-0.156351
-0.682504
-0.257741
-0.396908
NA
NA
-0.000730068
-0.52299
-0.105414
NA
NA
NA
-0.16158
-0.0791912
-0.219986
0.189509
-0.236025
-0.443971
-0.636199
-0.118529
-0.12305
-0.419198
-0.0606422
-0.528798
NA
-0.156894
0.0372989
-0.255519
-0.163199
-0.184728
-0.0409544
-0.0376364
-0.302268
NA
-0.303194
-0.000377701
-0.76001
NA
0.0623535
-0.332839
NA
-0.788128
NA
NA
-0.234749
-0.434334
0.062431
-0.592757
0.0695457
-0.0437046
-0.628836
-0.413312
-0.447929
-0.0671655
-0.134646
0.0219322
-0.169319
-0.251358
-0.46727
-0.552994
-0.0414334
-0.354427
NA
0.0413478
-0.622604
NA
-0.368812
NA
-0.391306
-0.0216665
-0.158463
0.0191633
0.0229406
-0.221003
NA
-0.279277
-0.700811
0.089548
-0.423474
NA
-0.439296
NA
-0.329126
-0.165249
-0.769845
-0.342165
-0.102986
-0.220055
-0.457982
-0.152719
-0.71445
-0.290577
-0.0404148
-0.242599
NA
-0.0130451
-0.136199
-0.26708
0.0257471
NA
NA
NA
-0.185104
-0.518832
-0.311958
NA
-0.325798
-0.121489
-0.232131
NA
-0.348472
0.000278164
-0.104448
-0.332741
-0.0425625
NA
-0.471825
NA
-0.59223
-0.120842
-0.502238
-0.0826021
-0.317236
-0.305486
-0.0516081
-0.253845
NA
NA
NA
-0.34528
-0.303568
-0.22003
-0.543034
0.0412223
-0.2046
0.0869009
-0.281307
-0.00541241
0.0298508
-0.510075
NA
-0.497782
-0.15428
-0.249391
-0.0334077
NA
-0.405438
NA
-0.133714
-0.507312
-0.128243
-0.163462
-0.338244
-0.170901
-0.638949
-0.455655
0.015527
-0.441606
-0.58191
-0.359684
-0.0212134
0.123732
-0.170174
-0.424259
-0.807805
-0.152931
-0.174152
-0.445337
-0.211
-0.28394
-0.0760808
-0.310369
-0.132454
NA
-0.0273932
-0.618244
-0.15565
NA
-0.277455
0.0402197
0.101726
-0.667085
-0.447319
-0.290579
NA
-0.128443
-0.677665
-0.0621093
-0.211735
-0.340367
-0.374
-0.674356
-0.478879
-0.476492
0.163974
NA
0.015779
-0.469076
0.0273047
-0.344692
-0.309851
-0.239088
-0.325584
-0.735968
-0.0826614
0.0217009
-0.166257
0.057665
-0.516257
-0.0675441
-0.0528908
0.0643581
NA
-0.309582
NA
-0.148637
-0.0332311
-0.666059
-0.585691
-0.162507
-0.451519
-0.250589
-0.3126
NA
-0.298802
-0.483731
-0.58874
-0.464975
-0.365654
0.0578504
-0.227528
0.101832
-0.0921121
NA
-0.0846741
-0.391185
-0.313236
NA
NA
-0.150614
-0.315935
-0.353266
-0.416577
-0.748206
0.0474519
-0.120488
-0.419982
-0.556107
-0.330571
NA
-0.207781
-0.328266
NA
0.52111
-0.174662
-0.568043
-0.585362
-0.161035
-0.515202
NA
-0.727605
-0.473458
-0.697486
-0.145006
-0.218897
-0.0871589
NA
-0.652581
-0.625324
NA
-0.454667
-0.209293
-0.161208
-0.727863
-0.765875
-0.321026
-0.085968
-0.348592
-0.131756
-0.159603
0.0432597
-0.0811037
-0.129014
NA
0.0983106
-0.0494798
-0.595847
-0.328627
-0.330211
-0.685758
-0.573486
-0.474061
-0.130286
-0.180723
-0.183553
-0.0995037
-0.405076
NA
-0.66329
-0.225247
-0.0638659
-0.713243
-0.397467
-0.0998468
0.0464066
-0.336723
-0.335322
0.0357361
-0.243196
-0.140789
0.0249233
-0.452093
-0.0610362
-0.118807
-0.287056
NA
-0.171469
NA
-0.339973
-0.286166
NA
-0.181243
-0.267649
NA
-0.140709
NA
-0.550094
NA
-0.249961
-0.484702
-0.582623
-0.236451
0.0247243
-0.340867
0.0840929
-0.428761
-0.397278
-0.585976
NA
-0.206561
NA
NA
0.0724084
NA
-0.475362
-0.769335
NA
-0.539838
-0.166505
NA
NA
-0.386045
-0.291118
NA
-0.416864
-0.190033
-0.182565
-0.377121
-0.450912
-0.538173
NA
0.0508088
NA
-0.323614
-0.630023
-0.61088
NA
NA
-0.200805
-0.214436
0.0639312
-0.273719
-0.0705854
-0.319781
-0.0822965
-0.0500206
-0.270019
-0.513282
-0.269839
-0.393475
-0.740318
-0.127923
0.0764992
-0.261445
NA
NA
-0.0891149
-0.246912
-0.599353
NA
0.0149214
-0.416287
-0.321699
NA
-0.280169
-0.606184
-0.283192
-0.171785
-0.307727
-0.177091
-0.0782241
-0.455194
-0.294216
0.034821
NA
-0.551725
0.024012
NA
0.0533146
-0.489342
-0.230023
NA
0.0586226
-0.0194193
-0.389693
-0.597225
-0.199188
-0.125025
-0.504029
NA
NA
NA
-0.745554
0.06522
-0.327628
-1.05464
-0.379546
-0.197979
NA
-0.727425
0.0576959
-0.456201
NA
-0.23886
-0.240262
-0.632531
-0.462982
NA
-0.3206
-0.3761
0.0219771
-0.0336794
NA
-0.0234495
-0.4026
-0.658702
NA
-0.270219
NA
NA
-0.209474
-0.693512
-0.0566699
-0.321685
-0.000877865
NA
0.425926
0.0241449
-0.0494142
-0.542195
0.0254769
NA
0.0492795
-0.410258
-0.191155
-0.438216
-0.527614
-0.195565
-0.086101
NA
NA
-0.378478
-0.629523
-0.317989
NA
-0.374684
0.0266132
-0.167395
-0.0500044
0.830516
-0.0615866
-0.201086
-0.015133
-0.015896
-0.507889
-0.155272
-0.353458
-0.141498
-0.524346
-0.322411
-0.309038
NA
NA
-0.0670579
-0.0488337
-0.647854
-0.46094
-0.523182
-0.434766
NA
-0.507515
-0.249821
-0.252996
-0.0458985
-0.340115
-0.0391833
-0.629113
-0.142477
0.109437
-0.560357
-0.188883
-0.564808
NA
-0.39561
-0.39009
-0.417537
-0.264916
-0.233874
NA
-0.0765694
-0.385098
-0.166628
-0.114829
-0.145846
-0.113078
-0.41602
-0.563207
0.00678885
-0.293767
-0.0634687
-0.338063
-0.389908
-0.647571
-0.371715
-0.336479
-0.59202
-0.103028
-0.642232
0.201509
0.0252814
-0.045511
NA
NA
0.0816962
-0.531221
-0.312629
NA
NA
-0.341121
-0.131786
-0.460546
-0.519497
NA
-0.653231
-0.449733
-0.522645
-0.542096
-0.797665
-0.0603242
NA
0.0575388
-0.243414
-0.346097
-0.303911
NA
NA
NA
-0.410386
-0.130014
-0.428734
-0.0485656
0.0926792
NA
NA
-0.730008
0.0498872
NA
-0.279325
0.0851713
NA
-0.175581
-0.972838
-0.326015
0.0637997
-0.499648
-0.0194042
0.0920161
-0.0552417
-0.310983
0.0663067
-0.250784
-0.189327
NA
-0.178475
-0.587625
0.095347
0.0336402
-0.582091
-0.0631582
NA
0.0972
-0.0217615
-0.237768
-0.33476
0.0767396
-0.206603
-0.321426
-1.25289
-0.203583
-0.738973
NA
NA
-0.0779618
-0.298037
0.0783668
-0.274701
NA
-0.520388
-0.463085
NA
-0.337531
-0.170451
-0.130794
-0.136785
-0.00379755
NA
-0.19738
-0.542013
-0.199145
-0.431018
0.0248483
NA
-0.507978
-0.435217
-0.331242
-0.397138
-0.454444
-0.0793824
-0.619957
-0.191797
-0.599956
-0.154323
-0.523048
-0.870028
NA
-0.855413
0.0672673
-0.111388
-0.322353
0.0715306
-0.505255
-0.457853
-0.0131828
-0.227364
-0.509584
-0.547501
-0.665333
-0.551828
0.0802548
NA
-0.665966
NA
NA
0.0713102
0.0484224
NA
-0.230483
0.0100541
NA
NA
NA
0.0622399
NA
NA
-0.30594
NA
-1.26073
-0.2156
-1.11632
-0.0388047
NA
NA
-0.48454
-0.232016
-0.289834
NA
-0.0411182
NA
-0.316458
NA
0.0771998
0.0251979
NA
-0.492893
0.26934
NA
NA
-0.338573
-0.50969
NA
-0.298485
-0.0465872
NA
-0.466287
-0.433731
-0.572604
-0.478325
-0.188283
-0.103612
-0.389877
NA
-0.191386
-0.00656312
-0.156696
NA
NA
-0.443466
NA
NA
-0.126811
-0.255467
-0.904874
-0.500841
-0.053411
-0.113562
0.0616164
-0.093383
-0.514479
0.0907743
NA
-0.679714
0.0135298
-0.133109
-0.483295
-0.160623
NA
NA
-0.174895
-0.402176
NA
NA
-0.509377
-0.201047
NA
-0.112112
NA
-0.0204511
-0.580962
-0.426074
-0.361991
-0.0155467
NA
0.0939456
-0.605056
-0.24271
-0.41269
-0.0771643
-0.496168
NA
-0.435328
-0.403768
-0.343512
-0.496773
-0.405481
-0.369286
NA
-0.265552
-0.34279
NA
NA
NA
-4.45815
-0.112636
-0.219141
NA
-0.199329
-0.214728
-0.351624
-0.296098
-0.0575931
-1.15628
NA
-0.398584
-0.419356
-0.240492
-0.683124
0.022201
NA
NA
0.0562739
-0.251599
0.0913172
NA
-0.371322
-0.0770986
-0.19848
-0.408467
-0.274574
0.0905457
-0.480269
-0.084011
NA
-0.365555
-0.39433
-0.578065
NA
NA
-0.0143724
-0.525898
0.0422553
-0.322006
-0.574682
-0.28079
0.0598153
-0.491316
-0.827748
-0.322588
NA
0.0400996
-0.228895
-0.198288
NA
-0.436701
-0.019163
-0.245508
-0.405766
-0.0175584
-0.0173123
-0.398899
0.071536
0.0363292
-0.0419973
-0.26739
-0.0527633
-0.22905
-0.163507
-0.170697
0.0156093
-0.187118
-0.443986
-0.227364
-0.665812
-0.0323757
-0.413663
-0.508463
-0.466526
NA
-0.0716408
NA
0.0267987
-0.0281939
-0.574591
-0.198557
-0.39845
NA
NA
NA
-0.31336
-0.291562
-0.0401509
NA
-0.792554
NA
-0.0565977
-0.284623
-0.0665412
0.0457151
NA
NA
-0.639672
NA
-0.287571
-0.0966808
-0.628355
-0.268862
-0.342749
NA
0.0122609
-0.379926
0.0184967
-0.480049
NA
-0.119228
-0.186023
-0.630665
-0.0833933
-0.180923
0.00765347
-0.367873
-0.0627024
-0.286244
-0.275824
-0.55918
-0.514275
0.0325361
-0.439247
-0.361947
0.0577
-0.212761
-0.398314
NA
-0.531707
-0.0744024
-0.389429
0.0781708
0.0665218
-0.0387841
-0.594517
-0.879729
-0.182505
-0.144951
0.0250231
0.0240244
-0.368463
-0.149618
NA
-0.417339
-0.261955
-0.0904714
NA
-0.180749
-0.11371
-0.366484
-0.0623744
NA
-0.268364
0.0155224
0.0561139
0.0265491
NA
-0.435306
-0.941273
-0.838004
0.000140527
NA
0.0437911
-0.246153
-0.327921
-0.549508
NA
NA
0.00484376
NA
-0.452993
NA
-0.623586
NA
-0.585588
NA
-0.198314
-0.37494
-0.0518507
-0.368429
-0.111943
-0.872742
-0.0584048
-0.148184
-0.508327
-0.699847
-0.0537986
NA
-0.208371
-0.19973
0.0799537
-0.498275
-0.640122
-0.388435
-0.126691
-0.649135
NA
-0.162013
0.0194879
-0.111633
-0.962786
-0.358923
-0.303176
-0.447531
-0.416329
NA
-0.311564
-0.319566
-0.779266
NA
-0.402292
-0.510029
-0.365777
-0.489579
-0.169742
-0.380275
-0.154675
-0.44238
-0.628702
-0.541915
NA
NA
-0.110101
-0.632376
NA
NA
-0.166568
-0.195566
-0.0735669
-0.480949
NA
-0.393565
0.0498266
-0.638336
-0.0560909
-0.57804
NA
-0.6404
-0.17582
-0.413732
NA
-0.355342
-0.36995
-0.591371
NA
-0.260192
-0.236444
-0.664138
-0.0623005
-0.380152
NA
