-0.321026
0.273714
-0.209357
-0.181321
NA
NA
NA
-0.206266
-0.218219
-0.741471
NA
-0.300532
-0.211464
-0.119228
-0.301878
-0.562416
-1.15066
0.0174662
-0.418821
-0.0627024
-0.0380016
-0.570705
0.0851713
-0.238075
-0.0833933
-0.115669
0.0972
-0.371712
-0.221597
-0.0474423
0.0606009
-0.129513
0.0777779
-0.130286
NA
-0.424292
-0.149618
NA
-0.0217615
-0.330211
NA
-0.685758
-0.178475
NA
-0.389318
0.0222513
0.0253413
0.0663067
0.0983106
NA
-0.474061
NA
-0.346782
-0.25296
-0.282906
0.0799181
-0.42654
-0.243196
0.0161104
-0.481479
-0.757689
-0.188337
NA
-0.337531
-0.405869
-0.463085
0.0533689
0.0155224
0.0561139
NA
-0.0779618
-0.297811
-0.0998468
-0.0248005
-0.746019
-0.0949601
-0.366356
NA
-0.611475
0.0783668
0.0111628
-0.290748
-0.547087
NA
-0.586955
-0.175416
-0.33864
-0.105414
-0.287056
-0.347218
0.061062
0.0510429
-0.147594
-0.0914395
-0.384311
-0.236025
0.0700315
NA
NA
NA
-0.16158
-0.0726633
-0.435791
-0.455855
-0.207386
-0.166505
-0.000377701
NA
-0.0583121
-0.371384
0.0132286
NA
NA
-0.162013
-1.79391
0.0688111
-0.293096
-0.291118
NA
NA
0.0389677
-0.872742
-0.46416
-0.0436454
-0.469151
-0.068209
-0.206008
-0.102226
NA
-0.236451
-0.454444
-0.214035
-0.0404931
NA
-0.100396
-0.0537986
-0.482615
0.0160701
-0.154323
-0.289533
NA
0.0884868
-0.630023
-0.203497
0.0219322
-0.0671655
-0.255136
0.0100541
-0.230483
-0.380414
-0.310477
-0.365777
-0.296649
NA
-0.598199
-0.0892112
-0.509584
-0.274212
-0.962786
-0.498367
-0.111633
-0.156758
0.0403764
-0.516744
-0.723296
-0.611555
NA
-0.279277
-1.26073
NA
-0.363599
-0.57804
-0.47509
-0.246912
-0.371289
0.0219667
NA
-0.0695175
-0.289237
-0.316458
-0.596134
NA
-0.466969
-0.393793
NA
NA
NA
-0.936894
NA
NA
-0.200106
-0.368812
0.0475235
-0.694437
NA
NA
-0.140039
-0.591371
-0.263183
-0.332741
-0.466287
-0.230023
-0.489342
-0.551725
-0.280169
-0.523205
-0.17582
-0.481807
-0.247466
-0.290577
-0.611113
-0.123003
NA
-0.522212
-0.177091
-0.311737
-0.609559
NA
-0.307727
NA
-0.325907
-0.457919
-0.199563
-0.0248935
-0.22003
-0.745554
-0.52568
-0.371704
-0.458061
-0.640147
0.0181481
-0.101357
-1.05464
-0.114219
-0.093383
-0.142326
-0.099743
-0.256139
-0.192504
0.0586226
-0.601599
-0.203328
-0.00656312
NA
-0.58191
-0.441606
-0.186618
-0.33496
-0.455655
-0.632531
0.0720753
-0.0712473
NA
0.0939456
-0.0259866
-0.0253214
-0.294371
-0.13807
NA
-0.433883
NA
0.0135298
-0.54394
0.0801896
NA
-0.441079
-0.133714
-0.307957
NA
-0.567866
-0.271733
-0.29592
-0.405481
-0.372968
-0.321685
-0.288077
-0.460823
0.0286525
0.080848
-0.464894
-1.03269
-0.491046
-0.462187
-0.0561452
0.0666125
-0.21863
-0.511163
NA
-0.209474
NA
-0.215607
-0.337395
-0.637268
-0.732508
-0.137795
-0.471141
-0.0559509
0.00948863
-0.0428468
-0.26156
-0.0982026
-0.381047
0.0266132
NA
-2.00584
-0.286241
-0.152217
-0.326201
-0.507889
NA
-0.677665
-0.0284911
-0.191694
-0.297415
-0.221916
-0.514506
-0.15565
-0.438216
NA
NA
-0.702977
-0.441121
0.0670715
0.0248159
0.145011
-0.330717
0.0325103
NA
-0.249821
0.000298346
-0.578065
-0.574682
-0.390548
-0.0946447
-0.322006
-0.0391833
-0.142477
-0.0987576
-1.32006
NA
NA
-0.19848
-0.141498
-0.66976
-0.679512
-0.084011
-0.833198
NA
0.00433378
-0.0634687
-0.398899
-0.0175584
-0.515263
-0.0498172
0.0156093
0.0249104
-0.148637
-0.405802
-0.0386664
NA
NA
-0.198288
0.131372
NA
-1.00195
-0.614082
0.0564415
-0.800854
-0.434349
-0.152397
-0.0401509
-0.419037
0.0273895
-0.883055
0.0596338
NA
0.206644
-0.279653
NA
-0.563795
-0.195902
-0.212333
0.201509
0.0443056
-0.443986
-0.665812
-0.126657
-0.314707
-0.214389
NA
-0.0716408
-0.246566
NA
0.0750556
-0.223715
-0.624142
-0.515202
-0.0974531
NA
-0.49021
0.00261391
-0.984372
-0.243414
-0.400295
0.0711481
0.000237143
0.0926792
-0.391347
-0.061685
-0.268862
-0.0820106
-0.28308
-0.214047
-0.343598
-0.315806
0.0564559
-0.238686
-0.399226
0.0381569
-0.831896
