-0.114888
-0.0634687
-0.0173123
-1.0363
NA
-0.222971
-0.426916
-0.114829
-0.182409
-0.428667
-0.370853
NA
-0.56772
-0.0386664
-0.39561
0.0714046
-0.148637
0.0501088
-0.138447
-0.301298
NA
-0.166628
-0.0332311
-0.32505
NA
-0.666059
-0.106621
-0.574539
0.0459455
0.000298346
-0.095099
0.0733057
0.18242
-0.0391833
-0.629113
-0.139782
-0.0383666
-0.19848
-0.141498
-0.228782
-0.275132
-0.513707
NA
-0.693483
-0.816356
-0.00560887
-0.243414
-0.208365
-0.386447
-0.269203
-0.274444
-0.0501748
-0.697486
-0.334686
NA
NA
-0.505868
-0.0103044
NA
0.0727781
-0.290004
0.00320755
0.212588
-0.334211
-0.439755
NA
-0.34306
-0.152397
-0.131786
-0.800854
-0.434349
-0.419037
NA
-0.333371
-0.0905156
-0.122921
NA
-0.171597
-0.665812
-0.281235
-0.499967
-0.822695
-0.368092
-0.592076
-0.182932
-0.913386
-0.33496
0.0702715
-0.441606
0.0720753
0.184588
0.0157114
0.0939456
-0.307964
-0.350924
0.0158276
-0.0730472
-0.433883
0.0495046
NA
0.0101568
-1.06906
0.0231209
-0.398659
-0.163002
0.0284138
-0.885583
0.0133545
-0.100181
0.0801896
-0.441079
-0.106624
-0.170142
0.0412223
-0.569337
0.06522
-0.371704
-0.641178
-0.451388
-1.05464
-0.482394
-0.311004
NA
-0.370167
-0.281307
NA
-0.403236
-0.386053
-0.162651
-0.343282
-0.319201
-0.372739
-0.879645
NA
-0.452799
0.00948863
NA
-0.306789
-0.447319
-0.868679
-0.495375
-0.158823
NA
-0.419356
NA
-0.165056
-0.73416
-1.15628
-0.163693
NA
-0.374684
NA
-0.22482
0.0537169
-0.567866
-0.216922
-0.496773
-0.405481
-0.365052
-0.232844
-0.793505
-0.436723
-0.112636
-0.104226
-0.571873
-0.406626
NA
-1.09716
-0.623079
-0.21863
-0.0561452
-0.807805
0.00686553
-0.152931
-0.22364
-2.95917
NA
-0.419336
0.0227072
-0.447929
0.0677171
-0.0671655
NA
NA
-0.598199
-0.0202096
-0.00982722
-0.941798
-0.560768
-0.334087
-0.378673
-0.200731
-0.528948
0.0276865
-0.61404
-0.631084
-0.503255
-0.000377701
-0.475362
-0.518866
NA
NA
NA
-0.351963
NA
-0.386045
-0.230503
-0.0630285
-0.068209
-0.102226
-1.07878
-0.106379
0.0252486
NA
-0.117001
NA
-0.332111
-0.370742
-0.192352
1.61762
0.0160701
-0.117201
-0.348472
-0.51465
-0.489342
-0.325728
-0.332741
-0.124609
-0.0138588
-0.121489
-0.606184
-0.292478
-0.464304
-0.265142
-0.338573
-0.0404148
0.428818
-0.36995
-0.18634
-0.765395
NA
-0.261445
-0.875124
-0.374762
NA
-0.329126
-0.246912
NA
-0.638336
-0.637487
-0.403569
-0.316458
-0.648364
0.0622399
-0.110101
NA
-0.140581
-0.480949
0.0595892
0.0241463
NA
-0.672722
-0.783
-0.1117
-0.879729
0.0606009
-0.225247
-0.370359
-0.392645
-0.17131
-0.149618
-0.659793
-0.444856
-0.330211
-0.454146
NA
-0.278466
-0.0494798
0.0663067
NA
0.0421155
NA
NA
-0.449996
-0.40071
NA
-0.2223
-0.263288
-0.249704
NA
-0.350663
-0.440476
0.013019
-0.125136
NA
NA
-0.652581
-0.744669
NA
NA
-1.15066
-0.439087
-0.570705
-0.395179
-0.213418
-0.605503
NA
-0.327588
-0.550094
-0.549508
-0.0468416
-0.443971
-0.328666
0.0248483
-0.537156
NA
-0.143865
-0.543373
-0.249961
-0.105414
-0.0583481
0.0422197
-0.061747
-0.0303082
-0.409863
-0.185901
0.0474565
-0.136785
0.0784408
NA
-0.287999
-0.219986
-0.318392
0.189509
0.0723623
-0.550093
0.0700315
-0.291457
NA
-0.518912
-0.0777592
-0.282021
-0.16158
-0.481479
0.0504597
NA
NA
-0.382132
-0.420003
-0.506084
0.0232809
-0.176046
-0.346325
-0.20821
-0.0461389
NA
-0.3221
0.0207553
0.0483417
0.0561139
-0.0924992
-0.674678
-0.402945
-0.325242
