-0.0695977
-0.313343
0.0197008
-0.255786
-0.221481
NA
NA
-0.0204511
0.0624842
0.00716909
0.0388596
0.0180838
-0.0722576
-0.0314837
-0.314574
NA
-0.364131
-0.469948
NA
-0.484372
-0.274069
-0.186065
NA
-0.260871
NA
-0.421105
-0.251419
-0.813017
-0.333881
-0.533745
-0.168958
-0.548947
-0.468722
NA
-2.00584
-0.0770986
0.0571236
-0.144138
-0.313902
-0.761114
-0.159319
-0.115864
-0.255066
0.324624
-0.163693
-0.0510868
-0.3571
NA
-0.33308
-0.0692627
-0.447516
-0.112636
-0.3358
NA
-0.343613
NA
-0.600906
NA
-0.558271
-3.67349
0.0537169
0.0159881
0.0145377
-0.33647
-0.909225
-0.647743
NA
NA
-0.553412
NA
-0.402832
-0.53879
NA
NA
-0.53398
-0.0690621
-0.409626
-0.167281
0.0156093
0.00223055
-0.320462
-0.235906
-2.97796
0.00872511
-0.575197
NA
-0.288663
-0.0175584
-0.315536
0.0922342
-0.676434
-0.228895
-0.475784
NA
-0.330526
-0.405802
NA
-0.347763
-0.514571
-0.525898
-1.01891
-0.352258
-0.28079
-0.189022
0.143991
-0.271118
-0.337004
-0.693483
-0.53166
-0.847247
-0.084011
0.0569655
0.0103413
-0.527071
-1.32006
-0.379926
-0.317735
-0.223715
-0.150764
-0.146681
-0.0665412
-0.597271
-0.398897
0.0248249
0.0948608
-0.0599362
-0.234411
NA
-0.710011
-0.446488
0.0564415
-0.614082
-0.0716408
-0.333299
-0.426594
NA
-0.285396
-0.096287
-0.089141
-0.315898
0.252911
NA
-0.822695
-0.085424
-0.387667
-0.508463
-0.167846
-0.456292
-0.223433
-0.556
-0.0907693
-0.668247
-0.368463
NA
-0.0447071
-0.202251
NA
-0.879729
-0.312742
NA
-0.2223
-0.449996
-0.386788
-0.476398
NA
-0.29303
NA
0.149147
-0.0744024
-0.389429
-0.562032
NA
-0.658783
-0.0443872
0.0577
-0.58963
0.0257954
-0.119762
-0.515415
NA
-0.028555
-0.395179
-0.391022
-0.216408
-0.119228
-0.826311
-0.533512
-0.417148
0.0798665
-0.272421
-0.22075
0.0516428
-0.101987
NA
-0.452993
-0.362603
-0.282021
-0.242968
0.0474565
NA
-0.141238
0.0155224
NA
-0.268364
NA
-0.331598
0.164466
-0.159627
-0.694708
-0.373255
-0.570135
-0.253473
-0.547087
0.170006
-0.296503
-0.502883
0.022791
-0.222174
-0.150473
-0.116671
NA
0.643901
0.0677171
-0.0898705
-0.726145
NA
-0.115429
-0.214497
-0.450779
-0.648275
0.024027
-0.436795
-0.496497
NA
NA
-0.342533
-0.0147008
-0.171731
0.0799537
0.0093087
-3.5
-0.273891
-0.0545728
NA
-0.842692
-0.060273
-0.73956
0.0861701
-0.062199
-0.51465
-0.445952
0.0643133
-0.236444
-0.447234
-0.413732
-0.18634
-0.116616
-0.355342
-0.0309538
0.0853843
NA
0.0800848
-0.0320277
-0.57804
-0.209037
-0.16099
-0.52512
NA
-0.312483
-0.378057
NA
NA
-0.460385
-0.140175
NA
-0.0735669
-0.24497
NA
NA
-0.354245
-0.122128
-0.184153
-0.153938
-0.269521
-0.430148
0.0622562
0.0158276
0.015644
-0.16839
-0.351812
NA
-0.0234495
-0.6336
0.0821033
-0.0729999
-0.0336794
-0.0825356
-0.560808
NA
0.00345849
0.0907239
-0.468276
NA
0.0702715
-0.0981825
-0.136544
-0.00216827
-0.262941
-0.233294
-0.346248
-0.634698
-0.0910705
-0.774372
-0.590465
-0.368909
-0.0667635
-0.371704
NA
NA
0.113122
-0.325907
-0.270471
0.0878821
-0.367353
NA
-0.255682
-0.0777209
-0.101214
0.0586226
-0.541072
-0.199188
-0.507889
0.0727356
-0.450491
-0.570234
-0.0192808
-0.0500044
0.0266132
-0.929131
-0.384587
0.00948863
-0.20696
NA
-0.368021
8.7131
-0.666183
-0.471821
-0.152809
-0.0480437
-0.213409
-1.01894
-1.08575
-0.142701
-0.386541
-0.656522
-0.0985667
-0.365335
-0.900337
0.0153785
-0.0752189
-0.491398
-0.244754
-0.193592
NA
-0.59202
-0.293658
-0.26582
-0.194256
NA
-0.595762
NA
-0.491191
-0.153654
-0.560357
-0.188883
-0.519743
-0.468546
-0.693348
NA
-0.574396
-0.344994
0.145011
-0.249821
-0.0488337
NA
0.0580025
-0.309038
-0.412775
-0.320287
-0.829555
-0.0500833
-0.147167
NA
-0.352585
0.0926792
-0.49021
NA
0.00261391
-0.243414
-0.101713
-0.187091
-0.040024
-0.150403
-0.797112
0.0158282
-0.0672258
-0.166621
-0.0820106
-0.214047
0.0251914
-0.203044
-0.653231
-0.51622
0.0158723
NA
-0.343187
-0.121153
0.0889724
-0.382206
-0.40723
-0.0943261
-0.290426
-0.644622
-0.0414788
-0.424292
0.0432286
NA
0.0611054
-0.506655
-0.605532
-0.587625
-0.53929
NA
-0.582091
-0.477574
-0.409105
-0.257045
-0.411749
-0.0343789
-0.417682
-0.118444
-0.129152
-0.0631108
-0.16194
NA
0.091479
-0.421298
-0.452776
-0.250045
-0.439087
-0.543151
-0.595063
-0.491495
0.0498872
-0.243971
-0.626849
0.0248483
-0.638314
0.0552073
-0.529954
0.0391404
-0.855217
-0.864313
-0.199145
-0.494047
NA
NA
-0.00562228
-0.539101
-0.3221
-0.45519
0.0604756
0.0150225
-0.765151
0.0566462
-0.673413
-0.521482
0.0783668
-0.202517
-0.0384319
-0.155674
-0.372843
-0.771964
-0.19532
-0.000567228
0.243302
-0.722868
-0.105752
-0.551828
-0.00301407
NA
-0.981846
0.089795
0.0269879
-0.172342
-1.49
-0.131954
-0.204586
0.0269
0.0650637
0.00720121
-0.040131
-0.626696
-0.313845
-0.10501
NA
0.837778
-0.239133
NA
-0.429739
-0.57087
NA
NA
-0.391311
-0.115483
-0.204359
-0.498506
-0.858589
-1.4
-0.870028
-0.627291
0.00945906
-0.619957
NA
-0.52389
NA
-0.592275
0.0361824
NA
-0.73129
0.0246454
-0.12084
-0.870094
-0.0182035
0.00478685
0.0613876
NA
-0.33348
-0.141968
-0.340851
0.0771998
0.00791999
-0.198549
-0.259078
-0.178142
-0.453323
-0.531165
-0.37091
-0.988327
NA
-0.936894
-0.475097
-0.378927
-0.291239
-0.0207582
-0.044131
-0.0212134
NA
-0.12668
NA
-0.199734
-0.441606
-0.28919
-0.392042
-0.263936
-0.100181
-0.413012
-0.699544
-0.497782
0.100063
-0.214212
0.0356297
-0.553805
-0.201171
NA
-0.624336
NA
-0.387414
-0.2046
-0.0224033
-0.305486
-0.144035
0.0153765
-0.563804
0.034021
0.0151589
-0.461766
-0.581295
-0.318117
NA
-0.664304
-0.132401
NA
-0.436006
-0.566121
-0.701771
NA
-0.24003
NA
-0.460035
0.0402197
0.025804
-0.498807
-0.512596
0.00738439
-0.332372
0.0741581
-0.519405
-0.0846354
0.0110195
-0.365052
NA
-0.538949
-0.132454
-0.15609
0.0454
0.15542
NA
-0.424259
-0.511163
-0.0548334
NA
-0.193357
-0.0921121
-0.201391
0.0872258
-0.3126
-0.334149
-0.182409
-0.0660705
-0.351149
-0.0337113
-0.288969
0.0158522
0.0267302
-0.514201
0.0335569
-0.32505
-0.0845533
-0.250589
NA
NA
-0.360126
-0.311939
-0.230769
-0.241122
-0.0626828
-0.0787643
0.0643581
-0.150111
-0.042783
-0.266206
0.0297745
0.147903
-0.513707
-0.66976
-0.630008
-0.177594
0.163974
-0.0488714
-0.301933
-0.155835
-0.431282
-0.688428
NA
NA
-0.145006
-0.0501748
-0.581686
-0.371391
-0.543771
0.202037
-0.0563154
-0.622029
-0.0508031
-0.338421
-0.349146
-0.238686
NA
NA
-0.290004
0.0529251
-0.13105
-0.284862
-0.130917
-0.486511
-0.244162
-0.0494361
NA
-0.405128
-0.411732
NA
-0.263444
-0.51148
-0.279653
-0.207781
0.0773303
-0.488623
-0.596157
NA
-0.051081
NA
-0.306742
NA
-0.0485876
-0.432891
-0.182932
-0.158237
-0.126657
-0.718444
-0.462631
NA
-0.180366
-0.444856
0.00257741
NA
NA
0.0546446
-0.557517
-0.130286
-0.278648
0.0865114
0.01
NA
-0.474061
0.0643077
-0.52359
-0.407912
-0.330144
NA
-0.131756
-0.205877
-0.00614019
-0.168846
-0.228954
-0.749818
NA
-0.44369
-0.488048
-0.346616
NA
NA
0.0833527
-0.315088
NA
0.119882
NA
-0.0452515
NA
-0.652581
-0.156646
-0.744669
-0.0329
-0.456061
-0.0171287
-0.143865
NA
-0.216424
-0.516574
-0.254642
-0.116981
NA
-0.221486
0.0297403
NA
-0.431449
0.0257031
0.0450705
0.0422197
0.0915447
-0.298447
-0.431994
0.0928412
-0.723828
-0.238501
-0.452093
NA
-0.865583
NA
-0.136238
-0.290748
-0.512257
-0.308537
-0.145098
-0.00720586
-0.340838
-0.0784526
NA
-0.405162
0.0638252
-0.197643
0.0159055
-0.40692
0.0122331
-0.552027
-0.373864
0.0508088
-0.278727
-0.0724695
NA
-0.155099
-0.296626
-0.557829
-0.386045
NA
-0.498701
-0.121494
-0.410831
-0.436199
-0.635055
-0.433953
NA
-0.61781
-0.335669
-0.00441355
-0.28006
0.0506094
-0.632399
-0.0277519
NA
-0.167787
-0.3144
-0.451558
-0.525941
-0.307727
-0.25473
-0.393065
-0.265142
-0.324452
-0.123003
0.428818
-0.34627
-0.373422
NA
-0.222493
-0.294716
-0.252018
0.099054
-0.176853
-0.0883334
0.0640331
-0.627049
-0.505566
-0.266876
0.0563429
-0.875124
-0.498984
0.121575
-0.154066
NA
-0.893188
-0.46296
0.0423463
-0.710234
0.169971
0.0157114
-0.204316
0.0720753
-0.187163
0.184588
NA
-0.199316
NA
0.0159354
-0.635848
NA
-0.483519
NA
-0.364917
-0.249113
-0.398659
-0.111741
-0.236362
NA
NA
-0.101357
-0.481132
NA
-0.402771
-0.199402
-0.156279
0.0590723
-0.186317
NA
-0.393484
-0.375272
-0.191085
0.064888
-0.65231
-0.399691
-0.0923452
-0.306789
NA
0.0482208
NA
-0.210129
-0.647256
-0.446711
-0.398438
-0.358785
-0.290123
-0.212416
-0.324562
-0.430521
-0.226808
-0.119235
-0.493479
-0.28781
-0.228758
-0.439268
NA
-0.45156
-0.913182
-0.229759
-0.0298571
0.0570929
-0.360962
0.025857
NA
-0.320602
-0.169576
-0.462187
NA
-0.146627
NA
-0.109467
-0.161094
-0.0382829
NA
-0.680306
0.0119441
-0.412476
-0.709346
-0.365442
-0.441101
0.248163
-0.00513249
-0.108344
NA
-0.20963
-0.363934
-0.56761
-0.598392
-0.257462
-0.63704
-0.72754
NA
-0.448231
0.0428296
NA
0.000298346
NA
-0.0943957
-0.517398
-0.106621
-0.55776
NA
NA
-0.254356
-0.47128
-0.359682
-0.673383
-0.57757
-0.39561
-0.25225
0.016192
-0.579046
0.0945466
-0.0517862
-0.206726
-0.283788
-0.459906
-0.588182
NA
-0.155726
-0.334211
-0.00354335
-0.415478
-0.315806
-0.269619
-0.0199344
NA
NA
-0.395962
-0.398089
-0.229035
0.206644
NA
-0.560694
-0.328439
0.0158673
0.0222995
-0.0693575
-0.277401
-0.679844
0.198846
-0.37978
-0.00284536
-0.592076
-0.63452
-0.193432
0.0832982
-0.56876
-0.325053
-0.634811
-0.128682
NA
-0.484221
-0.666083
-0.330169
NA
-0.598948
-0.386315
NA
0.090233
0.0186456
-0.14201
NA
NA
-2.16787
-0.0594594
NA
0.0550907
-0.343145
NA
NA
-0.072236
-0.267606
-0.0340222
-0.294805
-0.12415
-0.575981
-0.43896
-0.304894
-0.298023
-0.322012
-0.638889
-0.187892
-0.0122372
-0.189174
-0.332171
-0.284073
NA
-0.371896
-0.151703
-0.225412
0.054169
-0.139202
-0.292038
-0.220938
-0.914483
-0.665613
-1.15066
0.0174662
-0.193503
-0.220171
-0.583065
-0.300532
NA
-0.383406
-0.330873
-0.636199
NA
-0.197366
-0.620835
-0.217837
NA
0.0723623
-0.550093
NA
-0.665071
NA
-0.660187
-0.378754
-0.410773
NA
-0.379818
-0.409863
-0.105414
-0.473855
-0.000730068
-0.20821
0.0867273
NA
NA
-0.372215
-0.408781
0.0319132
-0.169704
0.0255831
NA
0.0158894
-0.0538742
0.0111628
-0.7621
-0.238443
NA
-0.584374
-0.740635
-0.411218
-0.598182
0.0342344
0.0108996
-0.652529
-0.890504
-0.0671655
-0.447929
-0.403538
-0.72716
0.0219322
-0.171279
-0.892048
-0.0207373
-0.256593
-0.274212
-0.324623
NA
0.0567093
-0.3971
-0.274932
-0.201939
0.064974
1.61762
-1.22854
-0.192352
-0.289533
NA
-0.694129
-0.294362
NA
NA
-0.137658
-0.124609
NA
-0.355868
0.0672633
0.000278164
-0.0845137
-0.121623
-0.431277
NA
-0.401843
-0.728173
NA
-0.275131
0.0204834
0.00991075
-0.0234236
-0.616901
-0.245578
-0.283348
0.0114238
-0.493661
-0.429611
-0.310999
-0.218383
NA
-0.650754
NA
0.00213753
NA
NA
-0.635288
-0.199015
-0.221003
NA
-0.425163
-0.256233
NA
-0.30706
-0.368812
NA
0.236997
-0.367172
-0.154368
-0.310836
NA
-0.428471
NA
-0.324571
-0.322519
-0.189414
-0.291361
-0.165989
