-0.538899
-0.024881
-0.656522
-0.209462
-0.215607
NA
-0.123842
-0.0182297
-0.489707
0.0261947
-1.03269
0.00686553
-0.271574
-0.0655831
-0.286595
-0.479459
NA
-0.406626
-0.614183
-0.240682
NA
-0.437949
-0.493479
-0.119235
NA
-0.299632
-0.28781
-0.2865
-0.210129
NA
-0.122312
-0.637642
0.02516
-0.656527
-0.0510674
-0.697024
-0.630341
-0.282202
-0.015896
-0.139561
-0.076341
0.0727356
-0.450491
-0.570234
-0.517177
-0.0125524
0.0930944
0.047561
-0.359401
0.0160569
-0.284183
0.0266132
NA
0.0107688
-0.22724
-0.202742
0.000673628
NA
NA
-0.0478853
-0.246463
-0.922648
-0.199188
-0.452822
NA
-0.101214
-0.191085
0.0586226
-1.1204
-0.172321
-0.169272
-0.101357
0.0488833
-0.0969766
-0.208369
-0.269973
-0.711564
-0.310968
-0.457919
-0.481132
-0.172452
NA
-0.451388
NA
NA
-0.00216827
NA
-0.260954
-0.648271
-0.278946
-0.190915
0.0495046
-0.377872
-0.0910705
0.0159354
NA
0.0243426
-0.350548
-0.627096
0.0687089
-0.0729999
0.230559
-0.0825356
-0.0454798
0.0158276
-0.492177
-0.293193
0.015644
0.0240151
-0.351812
-0.238608
0.0702715
0.00222096
0.00345849
NA
NA
NA
0.0720753
-0.204316
-0.222637
NA
0.0832982
-0.193432
-0.0430004
-0.592076
-0.402964
-0.128682
0.0696031
0.0889724
-0.161126
-0.302284
-0.221938
-0.325053
-0.30078
-0.176457
-0.653231
-0.0783385
-0.123526
NA
-0.129921
-0.112509
-0.32153
-0.0772042
-0.0663105
-0.376247
-0.683422
-0.67873
-0.25001
0.0158723
-0.295443
-0.434349
0.0396487
0.0158282
-0.415478
NA
0.0151374
NA
-0.166621
-0.841895
-0.00334154
0.065512
NA
-0.776701
-0.320717
-0.192949
NA
-0.194998
-0.397711
-0.167823
NA
-0.187091
-0.459906
-0.784535
NA
-0.16833
NA
-0.274444
0.0155866
0.00261391
NA
0.0383232
0.0498616
-0.244765
-0.863053
-0.377128
0.426125
-0.188815
NA
-0.269686
-0.319713
-0.320287
NA
-0.740219
-0.39561
-0.373103
-0.309038
0.016192
-0.654557
-0.262349
-0.705517
-0.84827
-0.0224147
-0.129115
0.0581576
-0.0458985
-0.106621
NA
-0.229067
-0.217607
0.0152285
NA
-0.166628
-0.325296
-0.432856
NA
0.0837098
NA
-0.215812
-0.000220182
0.0726231
0.0250234
-0.134174
-0.651536
-0.0342529
-0.163549
-0.482069
-0.889481
-0.667714
-0.286237
0.652864
0.0158894
-0.18558
0.00273378
-0.0924992
-0.127407
NA
-0.202517
-0.275074
-0.196664
NA
-0.329945
0.0483417
0.0779717
-5.74353
NA
0.0161104
-0.375301
-0.955724
-0.129706
-0.166364
-0.550093
-0.461348
-0.0726633
-0.241806
-0.240043
-0.427803
-0.123399
-0.49857
-0.798604
0.0677362
-0.130794
-0.101754
-0.258283
-0.56433
-0.529954
-0.217837
-0.36963
0.0253932
-0.185911
-0.213602
-0.292038
-0.250045
-0.605503
NA
0.0498872
0.0211579
0.0851816
-0.836854
0.095373
-0.298023
-0.323594
-0.322012
-0.338332
-0.638889
NA
NA
-0.371896
-0.151703
-0.0244693
0.054169
-0.16194
-0.154797
-0.189174
-0.142154
-0.343145
-0.178857
-0.017876
-0.0594594
NA
-0.30649
-0.605532
-0.15405
0.0148235
-0.257045
-0.486624
-0.575981
0.0333464
-0.453415
-0.163389
-0.250784
NA
0.0714526
-0.00160535
NA
-0.370359
-0.585955
NA
NA
NA
-0.249733
-0.314584
-0.221597
0.0762799
-0.124202
0.0159376
0.090233
-1.00082
-0.310836
-0.428471
-0.988327
-0.729948
-0.230037
-0.537832
-0.393793
0.011116
-0.634959
NA
-0.541667
NA
NA
-0.252441
0.053268
-0.607184
0.00211072
-0.309251
-0.166454
-0.635288
-0.453323
NA
-0.235083
-1.07959
NA
-0.223404
NA
-0.201873
0.103196
0.054101
-0.0242751
-0.363599
0.247419
NA
-0.0234236
-0.374817
0.0204834
NA
-0.403288
-0.253508
-0.477191
0.0114238
0.0645952
-0.279661
-0.274399
-0.218383
-0.458244
NA
-0.185198
-0.541862
-0.198549
0.093342
-0.319387
-0.355868
NA
NA
-0.604379
0.043178
-0.05256
NA
-0.314109
0.0479887
-0.222528
0.0682807
NA
0.00921779
0.0361824
0.00246149
-0.0230345
NA
-0.385464
NA
0.064974
-0.0380916
-0.229477
-0.115483
-0.381186
-0.57557
-0.392563
-0.189389
-0.258403
-0.619957
-0.627291
-0.106379
-0.021388
NA
NA
0.0688111
-0.463836
NA
-0.239133
NA
-0.201939
NA
-0.103651
NA
-0.713741
0.0381714
-0.61404
-1.28538
0.0269879
-0.528948
0.0276865
-0.119064
-0.422814
NA
NA
-0.040131
-0.158669
-0.334087
0.0200669
-0.320767
-0.573071
0.0342344
0.0365875
0.00945715
-0.21838
-1.04576
NA
-0.169319
-0.00487441
0.0219322
NA
-0.244838
NA
-0.528412
-0.327255
NA
-0.0309169
-0.179494
-0.215257
-0.396476
-0.499119
-0.285303
-0.0690621
0.0247254
-0.325657
-0.424259
-0.214728
0.0110195
-0.662178
0.0741581
-0.267356
-0.343613
-0.436723
-0.261601
-0.558271
NA
0.0159881
-0.308307
NA
-0.496773
-0.486128
-0.0180315
0.0153609
-0.24003
-0.320275
-0.258062
-0.0666614
-0.531226
-0.129599
-0.160576
-0.293957
-0.573122
-0.00901601
0.0164
-0.0770986
NA
-0.0880422
-0.0621093
-0.548947
-0.0966269
0.0158693
-0.159319
NA
NA
-0.0497203
-0.0309666
-0.0177369
-0.58803
-0.384651
NA
-0.69106
0.0159008
0.0167069
NA
-0.399299
-0.613412
-0.753562
-0.461766
0.0151589
0.018243
-0.674723
-0.106258
-0.405915
-0.72481
-0.106259
NA
-0.274069
NA
0.31176
-0.106624
-0.100181
-0.413012
0.716338
-0.228294
NA
-0.372735
-0.389432
-0.527394
-0.984788
0.100063
NA
-0.775154
-0.341301
-0.302293
0.0244245
-0.0695977
-0.044131
-0.359684
-0.294121
-0.283642
-0.437344
-0.515623
-0.375314
-0.25806
-0.368092
-0.315898
0.0474519
NA
-0.822695
NA
-0.620144
-0.52465
NA
-0.363255
-0.718444
NA
-0.472015
-0.22113
-0.335648
-0.537925
-0.462631
-0.194607
-0.167846
-0.546728
NA
-0.707819
-0.413663
-0.663107
-0.543324
-0.0323757
-0.553701
NA
-0.458835
-0.00638182
-0.0599362
-0.0473808
-0.300563
-0.33638
NA
-0.273713
NA
-0.666205
NA
-0.446488
NA
NA
0.0611444
-0.349146
NA
-0.0665412
-0.80122
-0.432916
-0.67218
-0.541497
-0.800755
-0.507015
-0.196121
NA
0.0529251
NA
-0.053959
-0.13105
NA
-0.270126
-0.778979
-0.0501748
-0.211771
-0.155835
0.00480869
-0.378202
NA
-0.616515
-0.555575
NA
-0.510405
0.014128
-0.460299
-0.560491
NA
-0.813793
NA
-0.630008
-0.299421
0.0059975
0.147903
-0.538423
-0.161616
0.0832476
-0.212715
-0.2065
-0.0589154
-0.356843
0.0643581
-0.352258
NA
-0.378961
0.0764683
NA
0.0153883
NA
-0.574539
-0.365555
-0.271118
0.0297745
-0.0853644
NA
0.0510742
-0.228895
-0.162507
-0.539848
-0.32505
NA
-0.330526
-0.403807
-0.347763
-0.626141
-0.195813
-0.269036
0.0907169
0.0202828
-0.182872
-0.409626
-0.335474
-0.291638
-0.447385
0.0660722
-0.182409
-0.395312
NA
-0.320462
-2.97796
0.170006
-0.441877
NA
-0.136238
-0.266826
-0.0925359
-0.431025
NA
NA
-0.252703
-0.262391
-0.120308
NA
-0.0772928
-0.100746
-0.933536
-0.0560507
0.0265491
-0.431994
-0.946616
0.0928412
-0.268364
-0.356099
-0.590984
NA
-0.607242
-0.218728
NA
-0.420003
NA
0.164466
-0.26871
NA
NA
-0.188786
-0.431449
-0.168046
NA
-0.120495
-0.293748
-0.812568
-0.435306
-0.384311
-0.516574
-0.216424
-0.201904
-0.162863
-0.0223516
-0.249961
0.155328
-0.241564
-0.525936
NA
-0.0412403
-0.399512
-0.00446507
0.0516428
-0.524724
-0.342136
-0.318205
-0.20491
-0.365194
-0.766156
-0.456061
0.0567566
NA
NA
-0.744669
-0.00614019
NA
0.0257954
-0.351539
-0.439247
-0.468393
0.0860888
-0.658783
0.0686578
NA
-0.487958
0.273714
0.0759875
0.10418
0.15641
-0.235924
-0.547528
-0.350613
-0.346616
-0.0374102
NA
-0.515415
-0.0499766
-0.531812
0.0559119
0.0678805
-0.29303
NA
NA
NA
-0.227306
NA
0.0642958
0.0757681
-0.371712
-0.879729
-0.187301
-0.312742
-0.20323
NA
NA
0.0478256
-0.0735669
-0.200928
0.0360419
0.231216
-0.411701
0.0158971
NA
-0.153938
NA
-0.648364
-0.269521
-0.122514
-0.547437
-0.112289
NA
-0.0261902
NA
-0.463759
-0.488886
-0.390371
-0.29863
-0.353795
-0.416287
0.0149214
-0.157101
-0.353559
-0.403569
-0.501587
-0.162746
-0.248254
-0.875124
-0.10489
NA
-0.326511
0.0701378
-0.451968
-0.266876
-0.219551
-0.171193
NA
0.00922409
NA
-0.307727
0.0279288
-0.252018
NA
NA
-0.478704
-0.349832
-0.0659482
-0.0053443
-0.51465
-0.28006
-0.0277519
-0.0519387
-0.396931
-0.236444
NA
0.0825238
-0.260192
-0.672807
-0.262242
-0.314804
0.075445
0.0414803
-0.0472075
0.0643133
-0.273891
-0.28522
-0.350104
-0.403556
NA
-0.357581
NA
-0.261661
NA
0.0840929
-0.428761
NA
-0.00441355
-0.356378
-0.368429
NA
0.010585
-0.624153
-0.407361
NA
NA
0.0252875
-0.247776
-0.599259
0.0537495
-0.158624
0.256515
NA
NA
0.0463719
-0.368944
-0.311564
-0.416775
-0.557802
-0.296626
NA
-0.522859
-0.132826
-0.358923
NA
0.0159055
-0.40692
0.0238395
-0.0784526
-0.222174
0.0638252
-0.109711
-0.611349
NA
NA
-0.373864
-0.111887
-0.303221
0.240309
0.0677171
