-0.174578
-0.0645652
-0.262237
NA
-0.00466255
0.343066
-0.152105
NA
0.0246014
-0.434497
-0.0648472
-0.340456
-0.463567
-0.574396
-0.16749
-0.426746
-0.468546
0.0493763
-0.000617397
-0.51833
0.145011
0.0398193
-0.263123
-0.0471522
-0.447644
NA
NA
NA
NA
-0.0858592
-0.264916
-0.342504
-0.491191
-0.0698253
0.0393059
-0.185903
0.057037
-0.0498172
-0.235682
-0.371715
-0.0824961
0.0282878
-0.045503
-0.703729
-0.456035
-0.375437
-0.733359
-0.290509
-0.071532
-0.445917
-0.149982
0.0157463
-0.183381
0.0889724
-0.0943261
-0.346797
-0.212333
-0.334765
-0.0110294
NA
-0.63945
-0.129813
-0.345991
NA
-0.653231
NA
0.0162709
-0.44591
-0.276821
-0.0241207
-0.00334154
-0.132153
-0.219752
-0.425032
-0.425142
-1.57756
-0.784636
-0.0820106
NA
-0.214047
-0.397711
-0.521628
-0.276519
-0.0106016
NA
0.0436996
-0.187091
-0.410386
NA
-0.163247
-0.163152
NA
-0.346097
NA
0.00261391
NA
0.0154971
-0.055861
0.077083
-0.451756
-0.416898
NA
-0.535197
NA
-0.86422
0.0533613
-0.78587
0.0706704
NA
-0.156247
0.0483328
NA
-0.251883
-0.146926
-0.325907
0.0239585
-0.260954
NA
-0.372209
0.0242689
0.0502317
-0.0877073
-0.0916881
-0.192314
-0.0910705
-0.233294
0.313568
NA
-0.251596
NA
0.0320424
0.0622562
NA
-0.651107
0.00222096
-0.572188
-0.560808
-0.366443
NA
NA
NA
-0.584838
-0.626023
NA
-0.656522
-0.00769964
0.063758
-1.08575
0.0391536
-0.459721
-0.138729
-0.39313
-0.274822
0.0536618
-0.189407
0.0158922
-0.863286
-0.40227
-0.105187
-0.152809
NA
NA
-0.0615903
NA
NA
NA
NA
-0.197666
NA
-0.41276
-0.258987
NA
-5.03678
-0.349587
NA
NA
-0.0192808
-0.149257
-0.697024
-0.428392
-0.015133
-0.0130773
-0.450491
-0.465623
-0.250066
NA
-0.775395
-0.284183
NA
-0.189395
-0.293877
-0.319018
-0.457802
NA
-0.145401
-0.0444085
0.0875206
-0.0275179
-0.627291
-0.391223
-0.106379
-0.217775
NA
-0.259252
-0.369624
-0.021388
0.0715306
-0.369452
NA
-0.283639
-0.383713
NA
-0.5607
-0.17168
-0.38018
NA
NA
-0.272552
-0.614184
-0.120329
-0.462518
-0.040131
NA
-0.386578
NA
-0.291857
-0.573071
-0.0724377
-0.455791
-0.851419
NA
NA
-0.00982722
NA
-0.101341
-0.372843
-0.465012
-0.44181
NA
NA
0.5141
-0.189877
-0.0569695
-0.119176
-0.00325416
0.136799
NA
-0.988327
-0.0954245
-0.230037
-0.206422
NA
0.0418625
NA
-0.779423
-0.378927
-0.806912
-0.297682
-0.252441
-0.449653
-0.453323
-0.235083
-0.122519
-0.0495629
-0.163981
NA
-0.508651
-0.363599
0.037428
0.0440602
-0.292671
NA
-0.0193799
-0.340851
-0.42091
-0.253508
-0.0379374
-0.279661
-0.0886172
0.05453
-0.0225231
-0.406623
-0.427506
NA
-0.157822
-0.500712
0.0251979
-0.339471
0.00791999
NA
-0.160284
NA
-0.592275
-0.206153
-0.195884
-0.649638
-0.73129
NA
0.0911506
-0.693957
NA
-0.298485
-0.245244
NA
-0.421298
-0.398729
-0.452776
-0.101726
-0.258162
-0.284586
-0.393502
-0.456941
-0.491307
-0.301878
-0.264136
-0.220578
NA
-0.00799301
-0.499648
-0.527004
-0.0343789
-1.01153
-0.254494
-0.470507
0.049325
0.0336402
-0.637114
NA
-0.605532
0.095347
-0.164522
-0.0552417
-0.244651
0.0140985
NA
NA
-0.424292
-0.068116
-0.0892382
-3.57961
NA
-0.0909231
-0.36804
-0.158566
-0.155674
-0.144799
0.0244718
-0.149539
-1.25289
-0.164392
-0.0129047
-0.0741971
-0.487727
0.0604756
-0.414341
-0.158753
-0.93662
-0.0294073
-0.382132
0.0665901
-0.318392
NA
0.025932
-0.265616
-0.515253
-0.486649
-1.06447
-0.38421
-0.455917
0.0263634
-0.294546
-0.00562228
-0.777273
NA
-0.303571
-0.542577
-0.394185
-0.562612
-0.147419
-0.417718
-0.096652
NA
-0.443865
-0.185911
-0.575633
0.0059975
0.0151578
0.0523479
-0.480269
-0.35748
0.0905457
0.0103413
-1.32006
-0.166252
0.0893873
NA
-0.468869
-0.363617
-0.212715
-0.0415866
NA
0.0855141
NA
-0.584272
NA
NA
-0.473345
-0.209334
0.0498451
0.0922342
NA
-0.676434
-0.626392
0.0400996
-0.228717
-0.514571
0.092437
-0.389494
NA
-0.00419279
0.0156093
-0.714306
0.0138237
0.0503508
-0.603126
-0.165723
-0.288663
-0.0175584
-0.898137
-2.97796
-0.61551
-0.242677
-0.765758
-0.52465
NA
-0.0716408
-0.55333
NA
-0.556
-5.7602
-0.387667
NA
-0.597259
-1.01268
0.0596338
-0.403903
-0.300563
NA
-0.614082
-0.33638
-0.255333
-0.169708
-0.689719
NA
-0.201468
-0.67218
-0.129641
-0.800755
NA
-0.279169
-0.670084
-0.692827
NA
-0.196121
0.0610724
0.0182045
-0.244439
NA
-0.511659
-0.0391421
-0.319533
-0.510405
-0.0316115
NA
-0.731721
NA
-0.822312
-0.296057
-0.251419
0.393648
-0.0177369
NA
-0.0905128
-0.399299
0.0724548
0.430135
-0.31993
-0.472421
-0.103612
0.0223934
-0.132707
0.018243
-0.654925
NA
NA
-0.159163
-0.484372
NA
0.0616164
NA
-0.649116
-0.142326
-0.588033
-0.162867
-0.739738
NA
-0.584123
0.00716909
0.0714134
-0.287278
-0.456023
0.511495
0.0684591
0.0624842
NA
NA
-0.746699
-0.174895
-0.120105
0.0194877
-0.0646272
-0.485333
-0.0253214
-0.426074
-0.375314
-0.221481
NA
-0.178076
-0.528412
NA
-0.339048
-0.170727
0.0366686
-0.674379
-0.20064
-0.0173043
0.054163
-0.499936
0.0764015
NA
-0.303691
-0.509543
-0.24271
0.0101632
-0.402832
-0.169377
0.151345
-0.0311547
-0.0380368
NA
-0.447166
-0.343613
-0.396523
NA
-0.329154
-0.34279
0.0159881
0.0161667
0.0768552
NA
-3.67349
-0.483312
-0.496773
-0.0344053
-0.486128
-0.0180315
-0.343512
-0.725943
-0.0260467
-0.392847
-0.180914
NA
NA
NA
-0.357698
NA
-0.33308
-0.129599
-0.3571
0.0610935
-0.603142
-0.185882
0.0164
NA
-0.357536
-0.544521
-0.144138
-0.436365
-0.243452
0.0571236
-0.312758
-0.400314
-0.217203
0.0527561
NA
-4.49526
NA
-0.294832
NA
-0.309205
0.0349579
-0.939253
-0.46514
-0.210667
-0.509519
-0.148554
0.0465034
NA
-0.0248268
-0.34904
-0.214497
NA
-1.16821
-0.187448
-0.0746542
-0.447531
NA
-0.237717
-0.470922
-0.63577
-0.222174
-0.38077
-0.567695
-0.601665
-0.726145
-0.0336624
NA
NA
0.0490031
-0.798672
0.0302415
-0.506973
-0.80827
NA
-0.310993
-0.269521
-0.347448
-0.731285
-0.353795
-0.0786152
-0.57804
-0.0273973
-0.373511
-0.638336
NA
NA
NA
-0.569872
-0.394419
NA
-0.324572
-0.620582
0.30034
-0.464304
-0.478704
-0.216304
NA
-0.369244
-0.608322
-0.601997
-0.389316
-0.630933
0.0643898
-0.5987
-0.0138588
-0.15759
NA
-0.323841
-0.146382
-0.242143
-0.166863
NA
0.077041
-0.445952
NA
-0.0836927
-0.665563
-0.515518
-0.331141
-0.31348
-0.391022
-0.903944
-0.0141816
-0.043298
NA
-0.20491
-0.216408
-0.225045
-0.873018
-0.994082
-0.530066
0.0262314
-0.267444
-0.68779
NA
NA
-0.333525
-0.487958
-0.111983
-0.289942
-0.0105248
-0.179173
-0.591028
-0.629928
-0.25296
-0.386788
-0.830488
-0.44794
-0.454146
-0.412416
0.0290385
NA
-0.418645
-0.062532
-0.593284
-0.0447071
NA
-2.63827
-0.55556
-0.45361
NA
0.0250231
-0.224001
-0.733539
-0.879729
0.0186751
-0.502719
-0.278375
NA
-0.26743
0.0580292
-0.485427
0.0700254
-0.0248005
0.770168
-0.492123
NA
0.0629133
-0.346325
-0.398859
0.0533689
NA
-0.0916585
-0.876863
-0.615055
-0.432958
0.019768
-0.0561996
0.164466
0.0484871
-0.90924
-0.142078
-0.350624
NA
-0.65878
-0.248601
-0.135402
-0.188786
-0.391848
NA
NA
-0.307217
NA
-0.460401
-0.279323
-0.417122
-0.599535
NA
-0.162863
-0.00191868
-0.272484
2.99365
0.0516428
-0.29106
NA
NA
-0.064095
-0.236363
0.0382807
NA
-0.215114
0.0428296
-0.174461
-0.0026075
-0.174438
NA
0.0596228
NA
0.0155173
-0.601879
-0.144736
0.000298346
0.00572687
-0.264206
-0.229067
-0.148393
-0.199706
-0.631834
-0.366638
NA
-0.0138888
-0.322046
0.0151859
-0.254878
0.0726231
-0.460915
-0.135761
-0.698572
0.0761925
-0.153304
NA
-0.093661
NA
-0.134174
-0.302576
-0.505392
-0.109214
0.023766
-0.363934
-0.482069
0.0223246
-0.0824537
-0.00513249
-0.352306
-0.472626
-0.314707
NA
-0.101853
-0.49436
-0.429375
0.0294764
-0.484102
-0.221938
-0.30078
-0.322951
-0.334396
-0.283063
-0.228665
-0.229302
-0.229035
-0.0393092
-0.129921
0.0158673
-2.97
NA
-1.11338
-0.293328
-0.0720037
-0.34306
-0.646253
-0.297692
-0.415478
-0.430322
NA
-0.26419
NA
0.060691
-0.227694
-0.111677
-0.655983
-0.148158
-0.0623441
-0.624142
0.0176909
-2.12781
0.0749026
-0.261277
-0.399396
-0.333778
-0.23628
-0.670457
-0.232139
-0.238281
-0.24283
NA
-0.336765
-0.069804
-0.172321
-0.142974
-0.502737
-0.0723146
-0.386453
-0.216301
NA
0.0293932
-0.00751317
-0.236362
-0.111741
-0.511155
NA
-0.3013
NA
-0.496477
-0.396678
-0.0244693
0.0406817
NA
-0.353833
-0.263439
-0.374782
NA
-0.11785
NA
-0.206712
-0.353652
-0.0716655
0.0447194
NA
-0.186618
-1.14489
0.184588
-0.204316
-0.455938
-0.538899
-0.024881
NA
-0.317022
-0.0298571
NA
-0.0687217
NA
NA
-0.0382829
NA
-0.631022
-0.271574
-0.462187
-0.19401
-0.322533
NA
NA
-0.0160915
-0.430521
-0.226808
-0.202808
-0.718996
-0.0213387
-0.285568
-0.212416
-0.420228
NA
-0.493479
0.017412
-0.278971
-0.599388
-0.38407
-0.534767
-0.0408027
-0.148346
0.0109472
-0.210129
NA
-0.478415
-0.410672
-0.390898
-0.258685
NA
NA
-0.269463
NA
-0.9961
-0.186604
-0.234123
-0.630341
-0.104907
NA
NA
-0.540568
-0.897812
-0.283569
-0.27468
-0.353367
-0.398164
NA
-0.159997
NA
-0.0404931
NA
-0.306136
-0.497724
-0.297592
-1.22854
NA
-0.381186
NA
-0.0436454
NA
-0.605276
NA
-0.050272
-0.215641
-0.226613
-0.184101
0.187551
-0.76001
-0.0671473
-0.655633
-0.201939
-0.742836
0.0513487
NA
0.292305
NA
-0.166862
NA
-0.128058
-0.158669
-0.334087
0.0342344
-0.579368
0.0108996
-0.46727
-0.101857
-0.603411
-0.246795
-0.0209023
-0.00674476
-0.433771
-0.460929
-0.419336
-0.0870244
-0.204205
-0.610318
-0.232006
-0.0696734
NA
-0.189414
-0.299172
0.053268
NA
NA
-0.607974
0.0125727
NA
0.0186885
-0.423474
-0.217696
-0.221003
-0.616641
NA
NA
-0.242599
NA
-0.245578
-0.290577
0.0540633
-0.881243
-0.202382
-0.11755
NA
NA
-0.353218
-0.114515
NA
NA
0.112666
-0.355868
-0.699589
-0.632265
-0.551729
-0.855541
-0.199306
-0.275131
-0.151669
-0.611465
-0.0974957
-0.292038
0.079448
-0.00817855
-0.0881683
NA
NA
0.0980599
-0.836854
0.0174662
-0.214107
-0.131352
NA
-0.593579
-0.208575
-0.224462
NA
0.0319206
-0.464787
-0.638889
-0.137738
-0.371896
-0.0254201
0.0158988
-0.285002
-0.215711
-0.151703
-0.0518215
-0.216413
-0.178857
-0.346782
-0.316885
NA
-0.138469
0.0646595
-0.718952
-0.0594594
-0.182446
0.0162459
-0.0153407
-0.150977
0.0714526
NA
-0.249733
NA
-0.223118
-0.0974597
-0.43099
-0.0230306
0.420856
-0.372872
NA
0.00285802
NA
-0.161755
0.0154663
-0.541417
-0.561563
0.018562
-0.597449
-0.862428
-0.247994
0.0483417
-0.675064
NA
NA
-0.0329
NA
NA
-0.471585
-0.297243
-0.375301
0.00165119
-0.283567
NA
-0.123399
0.00371461
-0.305934
-0.240043
-0.571962
NA
-0.428708
-0.378754
-0.0303082
0.0372989
-0.333132
NA
-0.727538
-0.991613
-0.167417
-0.165296
-0.21418
-0.187075
-0.374553
-0.0547547
-0.317122
-0.461555
-0.570123
NA
NA
-0.613174
-0.229462
0.0581363
0.147903
-0.102309
NA
-0.2065
-0.449959
-0.503189
-0.282513
0.0493295
-1.04864
-0.1754
-0.600575
0.0741375
NA
0.0826932
-0.162507
0.0157267
0.103993
0.0158327
-0.388281
-0.311939
-0.392514
-0.241909
0.0202828
-0.188336
0.0254507
0.0578504
-0.464975
-0.225616
-1.16552
NA
-0.367287
-0.335474
-0.58874
0.0267302
-0.170204
0.0660722
-0.514201
-0.3126
-0.334149
-0.152355
-0.548333
0.0482724
NA
-0.0148931
-0.23209
-0.678251
-0.22113
-0.59269
-0.183286
0.0265746
-0.20217
-0.128269
-0.1807
-0.408194
-0.947779
NA
-0.645612
-0.420255
NA
-0.51148
-0.0266547
NA
-0.335314
-0.0692576
-0.340536
-0.596124
-0.149473
NA
-0.80122
-0.338421
-0.439755
-0.541497
-0.399226
-0.499772
-0.400185
-0.682269
-0.486511
-0.13105
-0.053959
-0.470124
-0.367668
-0.688428
-0.0528563
-0.309553
-0.027763
NA
-0.145006
0.00480869
0.0704471
-0.664613
-1.02955
-0.238628
NA
-0.435084
-0.52756
-0.355866
0.0751043
-0.00393442
-0.165887
-0.188743
-0.581295
-0.334774
-0.285459
-0.115381
NA
-0.235287
0.034021
-0.553805
-0.00591661
NA
-0.00723155
-0.368164
-0.20647
-0.405915
-0.38072
-0.0110178
-0.223768
-0.878328
-0.411336
-0.568891
-0.23251
0.036965
-0.60748
-0.112347
-0.102921
-0.290058
-0.233176
-0.0377282
-0.186419
-0.133714
NA
-0.228294
-0.0507853
-0.170142
-0.106078
0.100063
-0.0454458
NA
0.0458661
-0.583916
NA
-0.153635
0.0520781
-0.392149
NA
-0.044131
-0.293735
NA
-0.455655
-0.177495
-0.0480803
NA
-0.199734
-0.452412
-0.638949
-0.476162
-0.28394
0.0170751
-0.241295
NA
0.0454
-0.00871307
NA
-0.117173
NA
-0.464894
NA
-0.334147
-0.0807244
-0.158479
NA
0.0110195
0.00242148
0.0560434
0.0154274
-0.308307
-0.610384
-0.0610214
-0.538949
-0.609596
-0.210066
-0.383361
-0.437283
0.0392085
-0.315847
-0.65385
NA
NA
NA
NA
0.0692431
-0.366
-0.198196
0.025804
-0.504709
-0.374624
-0.141536
-0.170058
-0.892499
-0.268365
0.0485736
-0.0277258
-0.907809
-0.0575095
-0.156498
0.0718685
-0.432558
-0.498311
-0.172235
-0.100396
NA
-1.03149
-0.635055
NA
-0.373007
-0.335669
-0.397278
-1.07878
0.12688
0.00821246
NA
-0.0385648
NA
-0.758133
-0.58324
-0.216524
NA
-0.222348
NA
NA
-0.15076
NA
-0.158624
0.0826958
-0.427413
-0.593814
-0.171876
-0.378923
NA
-0.0458626
NA
NA
-0.260062
0.0645708
-0.377121
-0.172328
-0.742399
-0.181485
-0.197643
NA
0.0238395
-0.128685
NA
-0.359723
-0.180564
-0.41314
0.0516806
-0.0695364
-0.306936
-0.202338
-0.202228
-0.16886
-0.373864
NA
NA
-0.505995
-0.513282
-0.301161
-0.3754
-0.995261
0.0537301
NA
-0.0261902
-0.281792
-0.246912
NA
-0.0962646
-0.373049
-0.0257983
-0.182799
-0.321445
-0.423947
-0.260739
0.0862289
-0.637964
0.099054
-0.283192
NA
-0.0532471
-0.0883334
-0.443652
-0.171824
-0.245087
-0.448729
-0.321973
-0.00800671
-0.546791
0.0374315
NA
NA
-0.389821
NA
NA
-0.480689
-0.365194
-0.490002
-0.132321
NA
NA
-0.0326897
0.0602571
NA
0.128363
0.0343923
0.0658131
0.10418
-0.141637
-0.0680466
-0.44369
-0.280662
-0.149316
-0.354034
-0.630997
-0.361333
0.0421155
-0.294516
-0.155552
0.0750952
-0.0123158
NA
-0.255698
-0.916917
-0.128168
NA
-0.689184
NA
NA
-0.66329
0.0546446
-0.148265
-0.659793
-0.194325
0.00257741
-0.23987
0.0642958
-0.215375
-0.57699
0.0606009
-0.333916
-0.130286
-0.129513
-0.0332501
-0.0726777
-0.812585
-1.52069
NA
-0.136499
-0.259578
NA
-0.186351
NA
-0.144682
NA
NA
-0.309446
-0.0638659
-0.723828
NA
-0.494709
-0.537531
NA
-0.431449
NA
0.0114422
NA
-0.263209
-0.355019
-0.116222
0.048561
0.0355312
-0.0148268
-0.750445
NA
-0.189831
-0.0627886
-0.441251
NA
-0.588509
0.035918
-0.861229
NA
-0.863053
-0.698802
-0.229042
-0.343111
0.0125438
0.0518339
NA
0.74
-0.340296
0.0556351
-0.384604
-0.230943
-0.566931
NA
-0.693348
-0.229428
0.0243253
0.0445781
-0.215942
NA
-0.558228
-0.519743
-0.252996
-0.691198
0.0961164
0.0288779
0.0267186
-0.140361
NA
-0.427595
-0.0651589
-0.0831583
-0.59202
NA
NA
-0.204394
-0.212141
-0.564505
-0.389908
-0.0929851
-0.515263
-0.160316
NA
-0.152444
-0.734413
-0.0911029
-0.129427
-0.121153
-0.0056251
-0.391415
0.0798935
-0.161126
-0.254944
0.0252814
NA
-0.519899
NA
-0.381961
0.0245776
NA
-0.236174
-0.163444
-0.272659
-0.67873
-0.122396
-0.14604
0.0158282
-0.166621
-0.797665
-0.12719
-0.582153
-0.29117
-0.632433
-0.239844
-0.334933
-0.313703
-0.0146557
-0.533264
-0.119168
0.00403056
0.0572377
-0.784535
-0.719415
-0.59032
NA
NA
-0.622431
-0.264863
-0.255682
NA
-0.12237
-0.203328
NA
-0.692978
-0.0478853
-0.200333
-0.392636
-0.495947
-0.199188
0.0358712
0.0535856
-0.119422
-0.646183
-0.403019
0.00956005
-0.334575
-0.0304759
0.070945
-0.292759
0.0731142
NA
-0.131562
0.0495046
0.0268916
-0.285913
-0.0832787
0.0678212
-0.136312
-0.0234495
0.01603
-0.293193
-0.319172
0.015644
-0.724564
-0.351812
NA
NA
0.0269
-0.229233
-0.0121477
-0.179914
0.0245659
-0.350338
-0.0752189
-0.900337
0.053508
0.0714449
-0.7839
-0.729396
-4.57043
-0.439147
-0.410439
-0.843075
-0.201852
NA
NA
-0.216922
-0.074981
-0.112721
-0.303548
-0.2865
NA
-0.161402
NA
-0.0377599
-0.849564
-0.10922
NA
-0.352079
0.0160438
-0.109993
-0.267301
-0.165761
-0.0860846
-0.353458
0.0711471
-0.155272
-0.163112
0.047561
0.0160569
-0.636405
-0.654662
-0.195289
-0.385464
-0.6123
-0.575666
-0.250919
-0.363321
-0.320663
-0.337594
0.010732
4.78006
-1.28
-0.40433
-0.10501
-0.626696
-0.111388
-1.07824
-0.18621
-0.398818
NA
-0.503255
NA
NA
-0.131954
-0.554945
NA
-0.204586
-0.436578
-0.280719
NA
-0.442425
NA
-0.659145
-0.0785272
-0.590946
-0.799278
-0.187294
0.0650637
-0.722868
NA
0.0753923
-0.598199
-0.19532
-0.541733
-0.170591
0.00319826
-0.0571123
-0.285131
NA
-0.0334033
-0.00818614
-0.551828
-0.128135
-0.149181
-0.738924
-0.147404
-0.345469
-0.152514
-0.607837
NA
-0.36495
-0.362826
-0.305446
0.0086997
NA
0.011116
-0.651476
NA
NA
-0.491132
-0.178142
-0.316458
-0.0523261
-0.340458
-0.759658
-0.327931
-0.0764098
-0.0178157
-0.42191
-1.00542
-0.503679
0.103196
-0.844679
-0.338573
-0.0182035
-0.406855
-0.458244
-0.206227
-0.811479
-0.183302
NA
NA
-0.528394
-0.0866318
-0.235806
-0.400881
-0.291976
-0.0858466
-0.282871
0.0154843
NA
-0.379975
0.0670237
-0.384067
-0.250045
-0.726619
-0.229891
-1.37322
-0.0336962
-0.581558
NA
0.0624678
-0.624327
-0.417682
-0.0507118
-0.571391
-0.106924
-0.336255
NA
-0.125136
-0.0739631
NA
-0.211739
0.0752179
-0.810521
0.0196684
-0.131836
-0.582091
0.0636637
-0.138536
-0.184293
-0.452701
-0.154599
NA
NA
-0.170133
0.0268664
-1.08973
-0.468513
NA
-0.69332
0.0663067
-0.477574
-0.206603
-0.706373
-0.0414788
-0.491956
NA
-0.2585
0.0611054
0.0156781
NA
NA
NA
-0.0672492
-0.91182
NA
-0.23325
-0.869594
-0.377891
0.0581493
-0.44666
-0.145296
-0.302081
-0.0384319
-0.0594095
-0.529422
-0.729741
-0.390918
-0.195119
0.0238485
-0.296376
0.711429
-0.329945
-0.103834
0.0161104
-0.289476
-0.502044
-0.549913
-0.619364
-0.29807
-0.351167
-0.864313
-0.150833
-0.253572
-0.768909
NA
-0.429448
-0.356636
-0.282747
-0.297033
-0.529954
-0.469712
NA
-0.0219205
-0.679512
NA
NA
-0.289317
NA
0.0146742
NA
-0.317359
-0.892222
-0.528354
-0.10052
0.0152209
-0.132565
NA
-0.0120671
-0.455399
-0.213104
-0.410053
-0.337004
0.0474993
-0.271118
-0.436206
0.143991
0.0510742
0.0171308
-0.315536
-0.198288
-0.228895
0.0671285
-0.461483
-0.817126
-0.643069
NA
0.0576207
-0.322588
-0.475784
-0.110725
0.0468191
-0.224556
-0.167281
-0.0702629
-0.438801
0.00223055
-0.163507
-0.451623
NA
0.0583727
-0.0162407
-0.940547
-0.320462
-0.466666
-0.184995
-0.0307161
-0.382055
-0.368092
-0.089141
NA
-0.508463
NA
-0.085424
-0.443986
-0.688812
-0.230227
-0.163376
-0.288287
-0.0974313
-0.246724
NA
-0.198557
-0.574591
NA
-0.446488
0.00973243
-0.709905
NA
-0.263798
0.0807023
-0.0662504
0.00651588
-0.243467
NA
-0.523471
NA
-0.792554
-0.506625
0.0338447
-0.176238
-0.616515
-0.579886
-0.343788
-0.239954
NA
-0.125272
-0.971533
0.0546412
0.0391887
-0.140916
-0.707325
-0.260871
-0.16131
0.0856748
-0.00454936
NA
-0.176109
-0.674723
NA
0.167544
NA
-0.562641
-0.295409
NA
0.0253948
-0.884532
-0.216425
-0.27312
-0.274069
-0.37775
NA
0.0757458
-0.548787
0.0388596
-0.642147
-0.364131
-0.739848
NA
0.0101568
-0.0296709
-0.47956
0.06576
-0.198891
NA
-0.341301
-0.275707
-0.0930136
-0.0114159
-0.821774
0.00848531
0.0624273
NA
NA
-0.144037
-0.0498292
-0.33647
-0.647743
-0.416099
-0.0690621
-0.258008
-0.387205
-0.221519
-0.191613
-0.759777
-0.406447
-0.201781
0.0497731
-1.18527
-0.261601
-0.433482
0.0145377
NA
-0.558271
-0.931816
NA
0.0153609
0.0378091
-0.228456
-0.0666614
-0.163693
-0.220971
-0.255066
0.0473504
-0.874232
-0.160868
-0.172419
-0.398358
-0.0692627
-0.0510868
-0.780527
NA
NA
NA
-0.617552
-0.521106
NA
-0.0880422
NA
-0.188932
NA
-0.233463
-0.322735
-0.098671
-0.0564101
-0.196291
0.167744
-0.148184
NA
-0.393336
-0.393131
-0.241174
0.0791654
-0.530358
-0.842692
-0.716363
-0.712721
NA
-0.432952
-0.263549
NA
NA
-0.455855
-0.142902
0.0507334
-0.430742
0.0657119
-0.628348
NA
-0.402292
-0.259141
-0.450779
NA
-0.365188
NA
-0.539663
-0.604405
0.02179
-0.0568676
-0.00518605
-0.194208
-0.255136
NA
-0.140581
0.0478256
-0.195566
0.0360419
-0.480995
NA
0.0265809
-0.409991
-0.136711
0.0449627
-0.12283
-0.156385
-0.516429
-0.122128
-0.643077
-0.135753
-0.491416
-0.16099
-0.300963
-0.473604
0.00953671
-0.466938
-0.00992311
NA
-0.10489
-0.432421
NA
-0.451968
-0.309972
NA
-0.0309538
-0.706486
NA
-0.0441184
-0.320719
-0.109792
-0.654027
-0.0279764
-0.292478
-0.0053443
-0.51465
-0.177526
-0.447234
-0.314804
0.0643133
-0.145901
-0.131578
-0.176169
0.0414803
-0.142317
-0.0627024
-0.418821
-0.064133
NA
NA
0.0778586
-0.318205
-0.487298
-0.3701
-0.0426586
-0.27449
0.060679
-0.128625
-0.439247
-0.0510179
NA
-0.0443872
-0.34476
0.0541531
NA
0.0559119
-0.331542
0.0161638
0.0249466
NA
-0.187533
0.0812581
-0.238735
-0.622299
NA
NA
-0.213247
-0.0127804
-0.50517
-0.0233328
NA
-0.0722528
-0.394145
-0.42184
-0.281827
-1.01176
-0.817375
-0.143432
-0.595653
NA
-0.15713
NA
-0.343672
0.0610172
-0.0925359
-0.0429725
-0.0295005
-0.331874
0.00719989
-0.0884348
-0.120308
-0.320645
-0.100746
-0.369037
-0.0290319
-0.675796
-0.544448
0.0155224
NA
-0.356099
-0.387224
NA
-0.716343
NA
-1.05472
-0.415729
0.0545978
-0.711888
NA
NA
-0.345192
-0.0304521
-0.286918
NA
-0.295205
-0.215589
-0.363166
-0.543373
NA
0.0253649
-0.328666
-0.669085
-0.333774
-0.101987
NA
-0.250688
0.426125
0.0741875
0.0784099
-0.5715
-0.0681231
-0.373103
-0.146396
0.016192
-0.252897
-0.357107
-0.415411
-0.450095
-0.0569466
-0.0943957
-0.500284
-0.584737
-0.250113
-0.59645
-0.870009
-0.56761
NA
-0.394606
-0.577251
NA
NA
-0.257462
-0.0832107
-0.278166
NA
-0.709346
NA
-0.930435
-0.512541
-0.0342529
-0.488663
NA
-0.727756
-0.00935124
-0.659055
-0.667714
-0.417619
-0.193432
-0.0911321
0.0832982
-0.56876
-0.342837
-0.412129
-0.311381
-0.281993
-0.424326
-0.180193
-0.666083
-0.602351
NA
-0.54707
NA
0.0138019
-0.854481
-0.166248
NA
-0.432277
0.206644
-0.0132121
-0.458554
-0.342157
-0.0663105
-0.277401
-0.272453
-0.389139
0.0545903
-0.0470533
NA
-0.356814
-0.0526822
-0.0600503
0.0486267
-0.421717
-0.917924
-0.320378
-0.479792
-0.142938
-0.253328
-0.539336
-0.133626
NA
-0.235196
0.0154147
-0.384832
-0.375272
-0.20716
NA
NA
-0.322061
-0.682657
0.0682744
-0.437081
-0.555645
-0.627318
-0.0126872
-0.465672
-0.922648
-0.685212
-0.373121
-0.0838406
-0.43127
-0.322324
-0.195076
-0.156279
-0.172531
-0.527752
-0.0643996
-0.313559
-0.946522
-0.648078
0.0284138
NA
-0.377872
-0.635848
-0.466773
-0.172377
-0.180412
NA
0.0495855
0.0056258
-0.0704826
-0.290052
-0.54339
-0.46296
-0.0454798
-0.350924
-0.0787863
-0.179757
-0.533863
NA
-0.0150495
-0.198956
-0.187929
-0.258688
-0.725614
NA
-0.332707
NA
0.0169639
-0.497055
-0.320602
-0.0287251
NA
-0.283916
0.0154756
-0.752103
-0.630289
-0.622756
-0.624268
-0.055441
-0.520515
-0.0128153
-1.04018
-0.621488
-0.216964
-0.146627
NA
-0.324562
-0.157453
-0.362593
-0.846716
-0.252898
-0.339028
-0.479459
-0.614183
NA
-0.0135201
NA
-0.564175
-0.28781
-0.228758
-0.429422
-0.16481
-0.167896
-0.266501
-0.0358148
-0.363254
-0.556741
-0.43797
0.02516
-0.152217
-0.216016
-0.801956
-0.189427
-0.932255
NA
NA
-0.566131
-0.0566126
-0.578108
NA
-0.220419
0.014284
-0.184728
-0.71152
-0.189389
-0.106649
-0.132929
-0.168421
0.0741668
-0.297817
-0.456374
NA
NA
-0.218497
-0.24092
-0.263321
-0.295145
-0.302845
-0.119271
NA
-0.411336
-0.103651
-0.557011
-0.45935
NA
-0.273568
-0.126935
0.0158522
-0.425315
-0.71805
-0.642509
-0.320767
-0.68578
NA
-0.303164
-0.411218
-0.120714
0.0110749
-0.0892112
NA
-0.137542
-0.385384
NA
-0.176901
-0.670229
-0.0128695
-0.120243
-0.433577
-0.716009
NA
NA
0.146431
-0.244262
-0.367172
-0.694437
-0.44436
-0.156479
-0.498597
-0.291361
-0.150834
NA
-0.354427
0.0572606
-0.381077
-0.635288
0.400235
NA
NA
-0.205313
NA
0.0253554
NA
NA
-0.0145038
-0.474628
-0.525229
-0.497831
NA
NA
-0.283348
-0.160711
-0.00703581
-0.168043
-0.894785
-0.271257
0.130932
NA
NA
-0.433713
-0.037956
-0.193266
-0.573431
-0.0845137
0.000278164
NA
NA
-0.232131
0.0769679
0.043178
NA
-0.521338
-0.222528
-0.728173
0.576608
-0.121623
-0.357233
-0.443951
-0.436491
-0.665613
-0.0616134
NA
-0.546968
0.00563167
-0.297598
-0.502661
-0.343469
NA
-0.269584
NA
0.0583288
-0.447424
-0.298023
0.054169
-0.58301
-0.554004
-0.284073
NA
NA
0.0151455
-0.486624
-0.294805
-0.072236
0.0662952
-0.556952
-0.598948
NA
-0.267901
-0.435229
-0.394811
-0.330169
-0.37203
-0.271186
NA
-0.247594
NA
NA
-0.182872
0.0158894
-0.0538742
NA
NA
0.0319132
-0.0470942
0.172333
-0.693666
-0.0144312
-0.216743
-0.527837
NA
-0.348527
0.0867273
-0.510093
0.0918481
-0.304892
-0.202888
-0.315752
-0.0713466
NA
-0.550093
NA
0.0723623
-0.585402
-0.206752
NA
NA
-0.17581
-0.473855
-0.0301061
NA
-0.171136
-0.49857
-0.0872729
NA
-0.373411
-0.323595
-0.512774
-0.120824
-0.136962
-0.580151
NA
0.0803113
0.0380016
-0.449292
-0.447952
-0.530975
NA
-0.430645
-0.325584
-0.160433
-0.442921
0.0273047
0.0680337
-0.0314671
0.015779
-0.119603
-0.0860279
0.0832476
NA
-0.377078
-0.580097
-0.416637
0.0675567
-0.147841
-0.258946
0.108284
-0.172697
-0.0787643
0.0024389
-0.0626828
-0.638688
-0.445913
-0.0914475
0.0687087
-0.611609
-0.260723
0.0735728
-0.178081
-0.424469
-0.042783
NA
-0.250589
-0.594776
NA
-0.711387
NA
-0.553791
NA
-0.00547734
-0.0445758
-0.403807
NA
-0.475906
NA
0.0347368
NA
0.0158522
-0.259077
-0.138412
-0.0386969
-0.257914
-0.714146
-0.736496
-0.0829254
-0.22477
-0.126657
-0.383526
0.0474519
-0.239826
-0.446762
NA
-0.335648
-0.400694
-0.134388
-0.0311414
-0.802323
-0.0889221
NA
-0.465147
-0.0152555
-0.12701
NA
-0.285496
-0.326192
NA
-0.0473808
0.0165746
-0.0507964
-0.00131144
-0.255515
NA
-0.261103
-0.16654
NA
-0.426338
-0.238686
0.00320755
-0.159633
-0.405128
-0.455944
NA
NA
-0.587396
-0.198967
NA
0.0283457
0.0561393
NA
-0.00560887
0.202037
-0.663587
-0.23306
-0.0994087
-0.248186
NA
-0.0248316
NA
0.391669
-0.324282
-0.444199
-0.249184
-0.758273
0.048175
-1.24188
0.0153765
-0.0367606
NA
-0.495665
NA
-0.653193
-0.133334
NA
-0.509223
-1.1197
-0.2046
0.0412223
-0.00531275
NA
-0.527895
0.0690514
-0.413012
NA
-0.122833
-0.701609
-0.85754
-0.497782
NA
0.0519003
-0.606703
NA
-0.0712473
0.0899418
-0.679591
-0.392042
NA
-0.510713
-0.0309169
-0.439723
-0.613806
0.0251249
-0.457676
NA
-0.839583
NA
0.0247254
-0.807805
-0.511163
-0.24439
0.0219153
-0.509561
NA
-0.0515377
-1.21717
-0.359563
-0.570768
-0.32878
-0.245209
-0.0760808
0.0347077
-0.175599
-0.496349
NA
-0.0420806
-0.116542
-0.441121
-0.797463
-0.512816
NA
NA
NA
0.0457553
-0.232492
-0.498807
-0.188005
-0.53502
NA
-0.425614
-0.457821
-0.543027
NA
-0.326645
-0.368731
-0.190805
-0.623928
NA
-0.191858
NA
-1.04571
NA
0.0371159
NA
0.0321344
-0.428761
NA
-1.01102
-0.517993
-0.160471
-0.280884
-0.00441355
0.0391463
-0.213308
NA
-0.00248466
-0.523287
-0.579967
0.0601039
-0.346433
0.0555829
-0.386342
0.256515
0.162495
0.0125068
-0.378722
-0.419366
-0.631084
-0.824617
-0.767964
-0.359155
0.0463719
-0.425778
-0.0149147
-0.148086
-0.203913
NA
NA
0.0638252
-0.472182
NA
-0.352684
NA
NA
NA
0.0508088
-0.436063
NA
-0.281737
NA
-0.0262011
-0.562282
-0.498984
NA
-0.517091
-0.547437
-0.012761
0.0577135
-0.729081
-0.390371
-0.231428
-0.482333
-0.599353
-1.08041
-0.461491
-0.501587
NA
-0.540713
-0.155274
-0.297779
-0.64612
-0.393065
0.428818
-0.423742
-0.959653
-0.307727
0.0127485
-0.173386
-0.407052
0.00709447
-0.0973819
-0.152388
-0.750205
0.0448904
-0.100537
0.00609699
-0.279982
-0.555741
0.0261244
0.12227
NA
-0.0647256
-0.586603
0.0157972
0.0172814
-0.463549
-0.23781
-0.0438425
-0.105517
-0.672807
-0.396449
NA
-0.354532
-0.402737
-0.165669
-0.355184
-0.384277
-0.34816
-0.310897
-0.744669
-0.302989
-0.00614019
NA
-0.0811037
-0.468393
-0.135544
NA
-0.138382
-0.159603
-0.085968
NA
NA
-0.125728
-0.0374102
-0.346616
0.04639
-0.382885
NA
NA
-0.0711385
0.01
-0.336
0.0746055
NA
-0.516263
NA
-0.300634
NA
0.0222513
0.0319048
NA
-0.443952
-0.0254623
-0.331291
-0.336723
-0.194797
-0.308537
0.00344841
NA
-0.368763
-0.238501
-0.531419
-0.500311
-0.946616
-0.42654
NA
0.0357361
NA
-0.0919567
-0.221655
NA
NA
0.0450705
0.0784408
NA
-0.114498
-0.38227
0.061062
-0.54036
-0.161407
0.0915447
-0.281044
-0.183353
-0.311592
-0.598084
-0.475292
-0.699441
-1.04942
-0.0840768
-0.448378
-0.241564
-0.0412403
-0.140709
0.0159174
-0.473315
-0.273305
0.0508916
-0.516169
-0.0163209
-0.225067
NA
0.0112816
-0.309038
-0.141498
-0.927967
-0.330519
-0.329974
-0.508087
-0.266365
0.0511624
0.109437
NA
NA
-0.344994
-0.269114
-0.275392
NA
-0.564218
-0.0109983
-0.0435221
-0.362088
-0.548372
NA
-0.101641
-0.177732
-0.209362
-0.215812
-0.0382556
-0.634443
-0.540964
NA
-0.103028
0.075549
-0.466795
-0.428667
-0.506064
NA
0.0217307
-0.31587
-0.163549
-0.555132
-0.113078
-0.141149
-0.201185
-0.311677
-0.632083
-0.261437
-0.637585
-0.0063571
-0.439148
-0.264037
-0.591713
-0.222151
-0.563795
-0.309714
-0.281853
-0.742667
-0.431288
NA
-0.224199
NA
0.120885
-0.0463068
-0.0177528
-0.16356
-0.683422
-0.387276
0.0158723
-0.460546
-0.23958
-0.361971
-0.413002
-0.040024
-0.250469
-0.236527
-0.150403
-0.831896
-0.0498069
-0.548777
-0.505868
-0.631398
0.0100695
-0.299592
0.0251914
-0.194998
0.0155309
-0.0500833
NA
NA
0.000918779
-0.243539
-0.202007
-0.0299743
-0.274444
0.00795904
-0.49021
0.0383232
NA
NA
-0.580598
NA
-0.228826
0.0878821
-0.0654948
-0.367353
0.0253077
-0.44827
-0.259625
-0.640147
NA
-0.937704
-0.594137
-0.327628
NA
-0.228291
NA
-0.251808
-0.270471
-0.310968
-0.422012
-0.725057
NA
0.0801896
-0.00216827
-0.514273
-0.676794
-0.491947
-0.442442
-0.885583
-0.0362205
-0.0935926
0.00251896
-0.10775
NA
-0.0703314
-0.324583
0.0158276
NA
-0.16839
-0.733096
-0.634205
-0.222637
-0.031269
-0.386541
-0.365335
-0.0985667
-0.215607
-0.0992765
0.0191769
-0.435016
NA
0.0889545
-0.241724
-0.386819
-0.578347
-0.201665
-0.383882
-0.633764
-0.410258
0.0576635
NA
-0.0403098
-0.065184
-0.268193
-0.204668
-0.40341
-0.0309334
-0.28005
NA
8.7131
NA
-0.601019
-0.193864
-0.0489706
-0.158823
-0.194774
-0.3994
-0.145271
0.0349545
-0.52569
-0.384753
-0.384587
-0.429077
-0.314875
0.0142494
-0.437506
-0.471141
-0.0500044
-0.549378
-0.766582
0.0266132
-0.356112
-0.417381
-0.288634
-0.432854
-0.619957
-0.635689
-0.2442
0.0614549
NA
-0.528055
-0.243511
0.837778
-0.313845
NA
-0.265
-0.341209
-0.15932
-0.138843
NA
-0.57087
0.0705648
-0.301548
-0.160046
NA
NA
-0.547839
-0.530523
0.0136991
-0.713636
0.0841916
0.0159088
-0.722981
0.243302
-0.226604
NA
-0.125553
NA
0.0713102
-0.00301407
-0.710303
-0.17854
-0.444836
-0.175615
NA
-0.221093
-0.290899
0.0694611
NA
NA
NA
-0.166454
0.0479338
-0.476905
-0.229734
0.0706671
-0.232016
NA
-0.743831
-0.714753
-1.26073
-0.643172
0.017488
-0.133675
-0.141968
NA
0.0156536
-0.152265
-0.870094
0.0613876
-0.125689
0.00592132
NA
-0.398249
-0.462576
-0.1055
0.0771998
-0.128218
-0.00123513
-0.151888
-0.203748
NA
-0.314109
-0.302419
0.0864262
0.0361824
-0.0598034
-0.523438
-0.543151
-0.557732
-0.286501
NA
-0.480035
-0.730008
0.0498872
-0.344334
0.0917956
NA
NA
-0.129864
-0.412382
NA
-0.628019
-0.221617
NA
NA
-0.118644
-0.129152
-0.558705
-0.993355
-0.172708
-0.229745
-0.313499
-0.492776
-0.10611
-0.142154
NA
-0.264005
-0.15405
NA
-0.589051
-0.367491
NA
-0.0888307
NA
-0.354268
0.115072
-0.0960451
-0.237768
NA
-0.368821
NA
-0.0706351
-0.232313
-0.203899
-0.520784
-0.136439
NA
-0.532354
-0.669278
-0.118014
-0.127407
-0.157072
-0.202517
-0.0667604
NA
-0.140937
0.0566462
0.512498
-0.242194
-0.528915
-0.125804
-0.49864
-0.369805
NA
NA
0.101107
NA
NA
-0.218879
-0.581308
-0.823025
NA
-0.130794
-0.327137
-0.00856613
-0.612494
-0.125254
-0.101754
-0.600666
-0.391915
-0.44138
NA
-0.0407259
0.0253932
-0.420652
-0.36963
-0.242097
-0.638314
-0.146087
0.0552073
0.0156182
-0.110322
NA
-0.53166
-0.084011
-0.605297
-0.399923
NA
-0.186778
-0.0946447
0.0663746
0.0153883
-0.317462
NA
-0.00850943
0.122792
-0.241443
-0.546606
NA
-0.345191
-0.0532692
-0.143556
-0.0987879
-0.738732
-0.134676
-0.734907
NA
-0.518823
NA
-0.267154
-0.507832
0.0279613
-0.650271
-0.409626
-0.759808
-0.311038
-0.132051
-0.447385
-0.105587
-0.325255
-0.497001
-0.25125
-0.235906
-0.207546
-0.257373
0.00872511
0.0238383
-0.401211
-0.295047
-0.542129
-0.822695
-0.435972
-0.333299
0.05516
NA
-0.531372
NA
-0.341485
-0.802723
0.0213311
-0.469647
-0.553701
-0.223433
-0.410021
-0.456292
-0.454558
-0.258801
NA
NA
-0.00638182
-0.105619
-0.41229
-0.415929
-0.529978
0.0611444
-0.146681
0.0247287
-0.152545
-0.0711197
NA
-0.380804
-0.0376259
-0.298028
-0.507015
-0.419536
NA
-0.455567
0.000237143
NA
-0.814282
-0.300797
NA
0.372687
-0.282481
-0.0916416
-0.813017
-0.757805
-0.605598
-0.183508
0.0497578
-0.00656312
-0.421105
NA
0.0167069
-0.281955
-0.272781
-0.0556788
-0.57242
NA
NA
-0.127133
-0.500841
-0.389534
-0.95013
-0.814292
-0.186065
NA
-0.287181
-0.208794
-0.455073
-0.605056
-0.37643
NA
-0.0459654
NA
-0.435533
-0.148464
-0.435328
0.0742768
-1.09716
-0.731979
NA
-0.327947
-0.0575931
-0.766175
-0.351624
0.063295
NA
-0.144141
-0.21728
0.0286525
NA
NA
-0.284565
-0.157251
-0.423488
-0.244496
-0.213453
-0.364925
0.0737485
-0.300215
-0.320275
-0.168635
0.0744972
NA
-0.586001
NA
-0.451184
0.0918206
-0.567391
NA
NA
-0.650902
0.0729563
-0.210745
-2.00584
0.0211827
NA
NA
NA
-0.0770986
-0.548947
-0.22799
NA
-0.413137
-0.178434
NA
-0.761114
NA
-0.25571
-0.273891
0.0105328
-0.535531
-0.391269
NA
NA
-0.195174
-0.709916
-0.323557
-0.872742
0.0530381
-0.263528
-0.351963
-0.280635
0.049
0.0252875
NA
-0.418549
-0.513618
-0.319566
-0.231166
-0.87465
-0.467308
-0.416775
-0.353219
-0.152457
-0.0313592
NA
-0.0625274
-0.485278
NA
NA
NA
NA
-0.642429
-0.628776
-0.0735669
-0.265308
NA
-0.193531
-0.165195
-0.153938
-0.373968
-0.184153
NA
-0.648364
NA
-0.221825
0.0606371
-0.354245
-0.460857
-0.0154517
0.0209412
-0.0320277
-0.325911
-0.23083
-0.497567
-0.312575
NA
-0.826553
-0.196812
-0.378057
NA
NA
-0.52512
-0.0429392
-0.211946
-0.413732
NA
-0.289678
NA
NA
-0.573208
-0.0659482
-0.719713
NA
-0.147949
-0.340456
-0.353514
-0.785797
0.0462051
-0.565298
-0.442481
NA
-1.29938
NA
NA
NA
-0.279851
NA
-0.308722
-0.333065
-0.213418
-0.028555
-0.432689
-0.155895
0.00414767
-0.514275
-0.318798
-0.515415
0.383606
0.0757516
-0.29303
NA
-0.247204
-0.118648
-0.277473
-0.278466
0.0441752
-0.707588
-0.518586
0.0290878
NA
-0.254318
-0.456443
-0.386254
0.0744158
NA
-1.03937
-0.560785
-0.616897
-0.658243
-0.343286
-0.296503
NA
-0.441877
NA
-0.171705
-0.278603
-0.348961
-0.436985
0.00330462
NA
NA
0.0696565
-0.0772928
-0.425236
-0.683537
0.0561139
-0.266862
NA
0.0713059
-0.694708
-0.345765
NA
-0.561994
-0.243573
-0.613263
-0.101513
-0.543438
-0.334854
-0.248897
-0.258517
NA
-0.198314
-0.146321
-0.320524
0.155328
-0.401908
-0.197593
0.0474994
-0.635724
NA
-0.0984214
-0.584763
-0.728379
-0.188815
-0.55776
-0.225584
-0.244656
-0.0274798
-0.309526
-0.319368
-0.39561
0.0438296
NA
-0.0981315
NA
-0.206449
-0.560302
-0.705517
-0.255697
0.0503751
NA
0.0836748
0.0122783
-0.0728354
NA
NA
-0.247192
-0.488579
NA
0.010131
NA
0.0119441
-0.680306
NA
-1.01605
-0.127042
-0.286237
-0.889481
NA
-0.830729
-0.865489
0.198846
-0.679844
-0.00284536
0.0142854
-0.110329
-0.325053
-0.10318
NA
-0.0783385
-0.560694
-0.333371
-0.322975
NA
-0.112509
0.057737
0.0508449
-0.39005
0.0396487
-0.15808
-0.428453
0.00532826
-0.450568
-0.662036
NA
-0.54258
-0.320717
NA
NA
-0.0199344
-0.942877
NA
-0.0517862
-0.061685
-0.694702
-0.518961
0.0448409
-0.411347
-0.204596
-0.0134436
-0.322963
0.0702783
-0.319201
0.0114028
-0.0710314
-0.355994
-0.316602
NA
-0.157806
-1.18396
-0.0795888
NA
-0.0491561
-0.925569
NA
0.0734391
-0.265447
0.0681551
-0.506558
-0.481132
-0.28985
-0.311549
-2.71089
-0.402771
-0.370155
0.0160742
0.0707998
-0.209892
-0.364917
0.0108721
-0.398659
0.0550039
0.0159354
-0.483519
-0.278304
NA
-0.185213
NA
-0.350548
NA
-0.629134
NA
-0.223381
-0.0917048
-0.102675
0.0323617
-0.375412
0.0371203
-0.395937
NA
-0.246006
-0.745451
0.0720753
-0.315713
-0.276287
NA
0.025857
-0.499493
-0.123842
0.0248102
-0.360962
-0.482494
0.0261947
-0.413328
0.0131395
-0.243015
0.0451645
NA
NA
-0.288077
-0.45156
NA
-0.0380499
-0.698097
-0.119235
NA
NA
-0.191256
NA
-0.235986
-0.276442
0.0154797
0.111808
-0.0923452
-0.369194
NA
-0.638597
-0.0685878
NA
-0.143054
NA
-0.0428468
NA
NA
NA
NA
-0.106231
-0.496019
-0.622724
0.0522646
-0.158514
0.0741805
-0.393742
-0.788128
-0.42535
-0.0859662
-0.0211868
-0.463836
NA
NA
-0.534892
-0.377106
-0.679357
-0.303194
-0.071636
-0.0835483
-0.141427
NA
-0.892048
-0.935769
NA
-0.656914
0.0276865
-0.400321
-0.254028
-0.119064
-0.0673393
-0.274212
-0.576793
-0.21826
-0.139232
-0.324275
-0.0285
NA
-0.649002
-0.0232561
NA
-0.598182
-0.124199
-0.509473
-0.72716
-0.62941
-0.0671655
-0.116419
NA
-0.804079
-0.856789
NA
-0.154368
-0.13721
-0.26146
0.0161789
0.0228029
-0.368812
-0.348745
-0.0651301
-0.30706
NA
0.236997
NA
-0.500062
-0.0204104
0.0521046
NA
-0.271009
-0.252694
0.0855565
NA
NA
-0.520574
-0.217935
-0.373369
-0.133272
0.0219667
NA
-0.564857
-0.579081
-0.223404
-0.0821637
0.0186566
-0.578783
NA
-0.611113
-0.680106
-0.27685
0.0440801
-0.457982
NA
NA
-0.218383
-0.247471
-0.429611
-0.696994
-0.211162
-0.185198
-0.556908
-0.228409
-0.0354096
-0.530144
-0.569599
-0.496682
-0.25828
NA
-0.121489
NA
NA
-0.0230345
0.00921779
-0.488093
-0.0975712
0.0209976
NA
-0.410822
-1.15066
-0.437273
-0.0253433
NA
-1.70757
-0.659527
-0.61014
NA
-0.225412
-0.0394583
-0.089519
-0.283844
-0.278738
-0.0162515
-0.180072
0.0632688
-0.233164
-0.457967
0.0716856
0.0550907
-0.802453
-0.407917
-0.105945
0.0148235
-0.151426
-0.240207
-0.575981
NA
0.0355369
-0.821194
-0.483131
NA
-0.335325
-0.221597
-0.29169
-0.117658
-0.23235
-0.29765
0.0244795
-0.375399
-0.0948634
-0.442082
-0.640955
-0.7621
NA
0.0116013
-0.66933
-1.02237
-0.156351
-0.559698
-0.683754
NA
0.0207553
0.0195854
-0.524203
-0.371186
-0.208253
-0.184909
NA
0.189509
NA
-0.0555638
NA
-0.139091
NA
NA
NA
-0.0583481
-0.147594
-0.410773
-0.0621021
-0.402516
-0.241455
NA
-0.0731486
-0.12305
-0.524405
0.0204473
-0.630008
-0.888503
NA
-0.132765
-0.555859
-0.407121
0.0252552
-0.00406275
-0.0488714
NA
-0.449569
-0.439534
-0.365899
-0.519495
0.0806861
0.0643581
-0.378961
0.0767542
-0.467867
-0.0614452
-0.627055
-0.516257
-0.111662
-0.607565
-0.266206
NA
0.0297745
-0.623634
-0.388835
-0.351029
-0.499913
-0.379211
0.064493
-1.2185
NA
-0.259305
-0.230769
-0.240751
-0.334289
-0.584778
NA
-0.280527
0.0907169
-0.227528
-0.182872
-0.0620161
0.0992763
NA
-1.04596
-1.19989
-0.333301
-0.182409
NA
-0.395312
-0.463542
-0.383039
-0.0621147
-0.0485876
-0.0227113
-0.207374
-0.182932
-3.72262
-0.150722
-0.313236
-0.180366
-0.250104
0.0256958
NA
-0.367124
-0.0137289
NA
-0.207781
-0.486354
NA
-0.147505
-0.051081
-0.217889
-0.318243
-0.120488
NA
-0.197172
-0.349146
NA
-0.432916
-0.177241
-0.0031538
-0.252576
NA
-0.36422
-0.163048
-0.0961333
-0.284862
-0.747874
0.641072
-0.35018
-0.428563
-0.581686
-0.211771
-0.155835
-0.456451
-0.165387
NA
-0.532618
NA
-0.554424
NA
NA
0.023823
NA
-0.0224033
0.0159008
-0.192504
0.150168
-0.563804
0.0569672
-0.510075
-0.420986
0.0575027
0.081547
NA
-0.0637322
-0.47792
-0.536056
0.0869009
NA
-0.109583
-0.297338
0.0540539
NA
-0.106624
-0.100181
-0.0205532
NA
-0.326027
-0.806217
-0.192139
-0.463344
-0.407545
0.0272039
-0.434019
NA
-0.56789
-0.15428
NA
-0.314398
-0.471107
-0.152813
NA
-0.28919
NA
-0.195591
-0.499119
-0.532441
-0.245357
NA
-0.460836
-0.582947
-0.802676
NA
-0.234932
-0.564723
-0.220559
0.008648
-0.185525
0.00389225
-0.0273932
NA
-0.345646
-0.384607
-0.24003
0.0819233
0.0402197
0.00627062
NA
0.0246499
-0.169816
-0.490233
NA
-0.532863
-0.512596
NA
-0.375647
-0.293957
-0.567198
0.0596279
0.0142546
0.027657
-0.741796
-0.132401
-0.438358
-0.217083
-0.190206
-0.0935948
-0.0532
-0.202788
-0.777372
NA
NA
NA
0.0871626
-0.3646
-0.188791
0.088798
-0.305003
NA
-0.458207
NA
-0.0276957
-0.900568
NA
-0.285868
-0.34404
-0.205342
-0.36472
-0.238059
NA
0.0132286
-0.436199
-0.28543
-0.121494
-0.723296
-0.130574
-0.121822
NA
NA
NA
-0.277544
-0.296626
-0.730056
NA
0.0156512
NA
0.0654416
-0.40692
-0.528752
-0.278727
NA
-0.552027
-0.531345
-0.111887
-0.491175
0.240309
-0.184994
-0.46056
-0.0130993
-0.631042
-0.00369063
-0.595191
0.0439567
0.0264633
NA
-0.105082
0.0539728
-0.893188
-0.214436
NA
-0.282783
-0.488886
-0.536512
-0.295274
-0.221485
0.0173739
-0.52162
-0.326511
0.0837012
-0.306328
-0.322112
0.083914
0.0184385
-0.765788
NA
-0.071734
-0.171785
-0.358053
-0.447871
-0.0484771
-0.276195
NA
-0.391042
-0.363191
-0.349832
-0.198027
-0.718846
0.0506094
-0.396931
-0.348585
-0.812293
-0.3144
-0.893123
-0.00847921
-0.631981
-0.541252
-0.0625732
-0.688699
0.0097957
NA
0.0833527
NA
NA
-0.456061
0.0561447
NA
-0.0275195
-0.337665
0.0238152
-0.219558
-0.120462
-0.388566
-0.284597
NA
0.15641
-0.246525
-0.253453
-0.39028
NA
0.0693523
-0.765875
-0.474061
NA
-0.680415
-0.595847
-0.52359
-0.15757
-0.330144
-0.225247
-0.473757
-0.653341
-0.40614
NA
NA
NA
-0.589616
-0.433069
-0.405076
-0.0995037
-0.208573
-0.180723
0.080701
0.0220555
-0.266329
-0.252703
-0.145098
-0.218709
-0.550586
-0.0949601
0.0580787
NA
-0.452093
-0.700542
-0.587193
-0.431994
NA
-0.505067
-0.0724911
0.0481853
-0.662674
-0.436693
-0.677559
0.0872871
-0.165302
-0.0532033
-0.375592
-0.199726
-0.316127
-0.497453
0.06046
-0.102104
0.0864784
0.00486989
-0.0385068
0.0510429
-0.216424
-0.116981
-0.0171287
-0.557761
NA
-0.249961
NA
-0.199116
-0.2037
0.0580025
-0.1918
-0.00733985
-0.0452777
NA
-0.0488337
-0.240167
-0.28262
-0.320287
0.0615229
0.0789598
-0.494216
-0.244522
NA
-0.226489
0.0733057
NA
-0.588309
-0.47467
-0.552857
NA
0.0554631
-0.434203
-0.766039
-0.137666
-0.0363856
-0.468453
-0.318739
-0.2128
0.0101129
-0.0606225
-0.193624
NA
-0.544789
-0.422568
-0.153654
0.162835
NA
-0.293658
0.0198642
-0.579367
-0.37083
-0.541118
-0.631933
-0.800864
0.050917
0.0696615
-0.878077
NA
NA
-0.137938
NA
0.0696031
NA
-0.0892729
-0.290426
-0.382206
-0.302284
0.0212847
-0.176457
-0.281067
-0.0240702
-0.421198
-0.51622
NA
-0.157908
-0.332984
NA
0.217085
-0.686009
NA
NA
-0.377809
-3.97603
-0.140161
-0.288177
-0.0233853
-0.166691
NA
-0.0518089
-0.383104
0.212588
-0.0956841
-0.260785
0.0154004
-0.251626
-0.192949
NA
-0.280041
-0.202877
-0.352585
-0.0246889
0.0010219
0.00533859
0.0157983
-0.33761
-0.130014
-0.361836
-0.101713
-0.0974531
-0.348958
-0.533634
-0.651428
-0.418093
-0.204133
-0.32711
NA
-0.0778488
-0.386053
-0.246463
-0.0777209
0.0586226
-0.0667635
NA
-0.771489
-0.60797
NA
0.0488833
0.0390548
-0.162919
-0.208369
-0.769993
-0.199594
-0.059443
-0.379738
NA
NA
-0.52568
-0.371704
-0.142638
-0.427935
NA
0.0502675
-0.278946
-0.268989
-0.479062
NA
-0.3761
0.0542479
0.0702715
-0.240262
-0.369439
NA
-0.740587
NA
-0.117015
NA
NA
0.0153785
-0.601705
0.0576443
NA
0.00686553
-0.680961
-0.4026
-0.0779379
-0.500835
-0.700797
-0.542195
NA
NA
-0.891631
-0.103582
0.104797
-0.773892
-0.086101
NA
-0.00697825
0.04053
-0.492018
-0.480157
0.0534067
-0.201086
0.0727356
-0.570234
0.830516
-0.0125524
0.00948863
-0.105895
0.0107688
-0.271975
-0.529278
-0.345275
-0.870028
NA
-0.0821644
0.058117
0.236874
-0.115483
-0.150956
NA
-0.858589
-0.40775
0.00945906
-0.656734
-0.601328
-0.0793824
-0.193974
0.1055
0.0689075
-0.183833
-0.239133
0.0645706
0.00531998
0.0672673
-0.604294
NA
-0.410109
-0.181323
0.0435298
-0.273989
0.151179
-0.981846
-0.397006
NA
NA
0.0200669
-0.361241
-0.0919302
-0.150696
-0.000567228
-0.613155
-0.217831
-0.230483
NA
-0.105752
NA
NA
NA
NA
-0.00487441
-0.216084
-0.188176
NA
-0.201042
-0.194718
-0.405676
NA
NA
0.0608906
-0.17017
-0.229732
-0.317213
-0.664833
NA
-1.23992
-0.256702
0.00211072
-0.246259
-0.563837
-1.07959
NA
-0.412069
-0.127022
-0.258498
-0.688738
-0.342421
-0.191357
-0.531165
-0.276708
0.0405925
-0.33348
-0.546431
-0.481579
-0.374817
0.100326
-0.233793
0.00478685
-0.619389
0.00435619
-0.361827
-0.0483868
-0.659547
-0.470996
-0.173501
-0.166808
-0.402071
0.0391065
0.0233288
-0.52389
-0.425
0.0682807
0.0479887
-0.538862
-0.117201
-0.613763
0.00621851
-0.178173
NA
NA
-0.150997
0.0612286
-0.463624
-0.517384
-0.323288
-0.143295
0.0211579
-0.595063
-0.606054
-0.272853
NA
-0.720271
-0.358819
0.0678299
-0.733109
0.023831
-0.515943
-0.500482
-0.847981
-0.574749
-0.006746
-0.258328
-0.0631108
-0.28917
-0.0244693
-0.118444
0.220446
NA
-0.109412
-1.0869
-0.587625
-0.53929
-0.0570401
-0.219019
-0.178475
-0.35114
-0.409105
-0.35362
-0.0282145
-0.709517
-0.0450557
-0.254778
0.00314249
-0.543874
-0.128276
-0.335259
-0.644622
-0.506655
-0.319683
-0.295359
-0.777035
-0.156679
0.0783668
1.80415e-05
-0.163277
-0.170558
NA
NA
NA
NA
-0.486535
NA
NA
-0.520066
NA
-5.74353
-0.0581143
0.0504597
-0.147477
-0.955724
-0.274701
-0.188337
-0.508578
-0.461348
-0.677837
-0.855217
-0.395403
-0.485608
-0.00379755
NA
-0.33775
0.0164109
-0.727923
-0.258283
-0.608551
-0.292003
-0.36336
0.00678351
-0.335487
-0.647386
NA
-0.0356681
-0.617561
-0.252709
-0.527071
-0.200057
NA
-0.119151
0.0569655
0.0968369
-0.149611
-0.413783
0.0764683
NA
-0.189022
-1.01891
-0.116107
0.0422553
-0.579481
-0.398164
-0.545312
-0.409992
-0.574539
-0.159622
-0.365555
-0.842703
0.0473824
-0.0295578
NA
NA
-0.405802
0.0208666
-0.330526
-0.0923139
-0.0363146
-0.0481415
-0.130907
-0.347763
-0.195813
-0.197787
-0.22905
-0.00182158
0.0153427
-0.124965
-0.336039
0.0122026
0.0442942
NA
NA
-0.426594
-0.0849207
-0.264331
-0.326176
NA
-0.0907693
NA
-0.546728
-0.167846
-0.227364
0.0649147
-0.234411
NA
0.0714592
-0.162077
-0.492596
-0.0599362
-0.0707426
NA
-0.496103
-0.413519
0.0912963
-0.618341
NA
NA
-0.407562
NA
-0.56641
-0.0400207
-0.191802
NA
0.0512929
-0.195367
-0.379926
-0.200813
-0.460671
NA
NA
-0.223715
-0.9884
0.0636151
-0.0754624
-0.269175
-0.0309666
-0.601599
-0.243663
-0.302854
-0.262986
-0.188935
-0.753562
-0.613412
-0.228152
-0.298558
-0.155273
-0.220034
-0.612374
-0.333881
0.041663
-0.14165
0.04477
NA
NA
-0.469948
-0.377775
-0.330835
-0.445677
NA
-0.0871339
-0.0108315
-0.372735
0.0638329
NA
-0.528327
0.014622
-0.117205
0.0180838
0.0135298
-0.679714
0.0398947
0.0939456
-0.75524
-0.282831
0.0373135
-0.038694
-0.082608
-0.548106
-0.261565
-0.307964
-0.307764
-0.273621
-0.112112
-0.606499
-0.131848
NA
0.0224952
NA
-0.504929
-0.345692
-0.45203
-0.596249
-0.0439426
-0.00590361
-0.0986983
-0.325089
-0.53879
-0.486527
-0.600906
-0.214728
-0.00638535
NA
4.89211
-0.336362
-0.2941
0.022201
-0.51455
NA
-0.74717
-0.752371
-0.167209
-0.0195857
-0.115864
-0.452923
-0.874464
-0.563576
-0.0407135
-0.398584
-0.442406
0.052617
-0.403486
-0.00901601
-0.573122
NA
-0.531252
-0.237149
NA
-0.502749
-0.625099
-0.277505
-0.568212
-0.370535
-0.799379
-0.695009
-0.313902
NA
-0.465147
-0.357581
0.115464
0.0160701
-0.703692
NA
NA
-0.0919898
-0.385646
NA
-0.469151
-0.109539
-0.0145279
-0.393529
-0.11058
-0.0147008
0.0995244
0.00825641
-0.126691
-0.119798
-0.858057
-0.599259
-0.265197
0.0799537
-0.530711
-0.902658
-0.162664
-0.648275
-0.329917
NA
0.0838248
-0.17021
-0.454505
0.172813
-0.522859
-0.358923
-0.0933558
-0.150473
NA
0.0550381
-0.332737
-0.278286
NA
-0.599435
-0.528357
-0.0202096
0.0884868
-0.144203
-0.447931
NA
-0.150934
-0.412141
NA
0.0677171
-0.0898705
0.643901
-0.20323
NA
-0.69271
NA
-0.31922
NA
-0.524924
-0.36633
NA
NA
NA
-0.140175
-0.208751
-0.632376
-0.302259
-0.110101
-0.464666
NA
-0.234585
-0.238781
-0.628702
-0.369824
-0.147369
-0.44238
-0.434613
0.0208556
-0.324364
-0.637487
NA
0.0498266
-0.29594
-0.474463
NA
NA
-0.134593
-0.0896203
-0.251035
-0.213188
-0.65592
-0.219551
0.0255706
NA
NA
-0.404061
-0.133212
NA
-0.649427
NA
NA
NA
-0.17582
NA
-0.246948
-0.658169
0.0717176
-0.112432
-0.295143
-0.338688
-0.260406
0.0252286
-0.23993
-1.24563
NA
-0.236444
-0.145697
-0.349305
-0.128502
NA
-0.315059
-0.0703771
-0.524724
-0.395179
-0.200463
-0.3987
NA
0.0959368
-0.463811
0.0205596
-0.119228
-0.224675
-0.34693
-0.0962426
NA
0.0257954
-0.658783
-0.500013
-0.388011
-0.45784
-0.391282
NA
-0.119762
-0.476398
-0.311602
-0.0618977
-0.486376
0.0313917
-0.272623
-0.279448
0.0678805
-0.389429
-0.651692
-0.709202
-0.837265
0.0253413
0.149147
-0.212761
0.0755998
-0.276553
-0.612033
-0.264098
NA
-0.202251
NA
-0.436846
-0.368463
-0.563843
NA
-0.27551
-0.293216
0.0473985
0.0466715
-0.312742
-0.104444
-0.253611
0.170006
-0.0615
-0.62636
NA
-0.180749
-0.574128
-0.225309
-0.547087
-0.261955
0.0274625
0.058247
-0.223404
-0.262391
NA
-0.00950973
-0.0560507
-0.210175
-0.268364
-0.622488
-0.159627
-0.258339
0.0172371
-0.887803
-0.388945
NA
NA
NA
-0.168046
-0.328979
-0.340383
-0.518912
0.0134271
-0.294961
NA
-0.788349
-0.202815
NA
-0.138669
NA
-0.46039
-0.414955
-0.0811553
-0.417148
-0.378355
-0.00534085
NA
-0.704379
-0.362603
-0.452993
-0.027673
-0.386461
0.0456154
NA
-0.579046
-0.139782
-0.338593
0.0205652
-0.63481
-0.430592
-0.869134
-0.426171
NA
NA
-0.206139
-0.448231
-0.0880513
-0.188522
-0.461129
-0.115289
-0.106621
-0.039575
-0.233305
-0.517714
-0.465877
NA
-0.212068
0.0593557
0.0752458
-0.651228
-0.00285248
-0.72754
-0.196288
-0.138281
-0.31036
0.0263949
-0.441101
-0.283065
NA
-0.412476
NA
0.295646
-0.412678
NA
-0.557823
NA
-0.0566767
-0.562253
-0.37978
-0.63452
-0.070425
NA
NA
-0.838023
-0.0630694
-0.32623
0.0561351
0.0577335
-0.0709178
-0.00757806
-0.452798
-0.0956721
-0.152695
-0.0693575
0.0222995
-0.267848
0.0872866
-0.00354335
-0.591634
NA
NA
-0.278393
-0.395962
-0.157291
0.0152972
-0.702835
-0.236997
NA
NA
-0.0316841
NA
-0.0976123
-0.283788
-0.0206233
NA
-0.438906
NA
NA
-0.257816
NA
-0.262
NA
-0.22724
NA
-0.127649
-0.685118
NA
-2.21
-0.0729525
-0.259441
NA
-0.452822
NA
-0.191085
-0.22298
-0.32149
-0.101357
-0.475491
-0.550504
-0.462015
-0.475132
-0.199402
0.0556027
-0.0732636
-0.089342
-0.269594
-0.420123
-0.0921838
NA
NA
-0.0274866
-0.48951
-0.377207
-0.278619
-0.0452617
0.0243426
-0.266005
0.230559
-0.115662
-0.590012
-0.933965
NA
0.2626
-0.0506167
NA
0.0157114
NA
-0.0827991
-0.682548
-0.41221
-0.0809734
-0.643379
-0.494619
NA
-0.109467
-0.00407076
-0.508539
-0.32408
-0.14641
0.692995
-0.0273908
0.0625124
-0.016089
NA
-0.240682
NA
0.0433969
-0.439268
-0.485076
-0.416495
-0.546875
-0.425618
0.158677
-0.299632
-0.489967
-0.401262
-0.54955
NA
-0.0588009
-0.599169
NA
-0.290123
-0.511688
-0.370286
-0.2711
-0.218083
-0.259748
-0.172291
-0.348979
0.064888
-0.358365
0.0930944
NA
0.0150785
-0.615369
-0.332111
-0.694129
-0.302268
-0.444087
-0.720278
-0.254387
-0.635447
-0.0260399
1.61762
0.064974
-0.0389167
-0.343651
-0.102226
-0.136728
-0.28556
-0.457766
-0.211614
NA
-0.9111
0.0250851
0.0160754
0.0635837
NA
-0.713741
-1.05247
-0.243124
NA
-0.215721
-0.394344
0.0403764
-0.230949
-0.212683
-0.420383
-0.122768
-0.0957855
NA
-0.463736
-0.890504
-0.0172674
-0.257868
-0.740635
-0.21838
NA
-0.40687
-0.169319
-0.331525
NA
-0.1871
NA
-0.971472
-0.447929
-0.522262
NA
-0.428471
NA
-0.433418
-0.480843
-0.579602
-0.165989
NA
-0.0651139
0.0636552
-0.650754
0.0150765
-0.0695175
NA
0.00213753
-0.304516
-0.235096
-0.425163
-0.0242751
-0.199015
-0.195188
-0.616901
-0.0234236
-0.33181
-0.0404148
0.0204834
-0.500002
0.00991075
-0.493661
-0.269927
-0.415973
0.0114238
-0.410559
-0.388706
-0.654295
0.0594595
-0.0921937
-0.109523
0.0672633
-0.603202
-0.55607
-0.416375
-0.483529
-0.17958
NA
NA
-0.00785929
NA
-0.766609
-0.104472
-0.226006
-0.437677
-0.163931
-0.448201
-0.187892
-0.627122
-0.0122372
-0.423252
-0.303468
-0.569538
-0.556459
NA
-0.731841
-0.189174
-0.0193145
-0.854746
-0.343145
-0.309613
-0.0472341
0.0250813
-0.0045191
-0.43896
-0.064867
NA
-0.0340222
-0.163389
-0.186414
-0.00160535
-0.772541
-0.851083
NA
NA
NA
-0.221927
-0.409361
NA
-0.856091
0.0186456
-0.14201
-0.575875
0.090233
0.00209134
-0.127458
-0.18558
0.0373917
0.0706924
-0.492119
-0.0981132
0.0154598
-0.0996351
-0.877751
-0.00343352
-0.40102
-0.327219
-0.570767
-0.482625
-0.496619
-0.230554
-0.437505
-0.168391
0.0616306
-0.74813
-0.372215
-0.159153
-0.660187
-0.0791912
-0.665071
-0.737932
-0.671334
-0.175613
-0.435791
-0.327523
-0.105414
-0.175353
NA
-0.271633
-0.798604
-0.409863
0.0289644
0.0324681
0.0541326
-0.620835
-0.539351
-0.217837
NA
-0.636199
-0.734461
-0.791324
-0.573266
-0.55731
-0.833198
-0.557982
-0.406147
-0.274478
0.163974
-0.519382
-0.933383
-0.102724
-0.0589154
-0.150111
NA
NA
-0.0779127
-0.281357
-0.538562
-0.426887
-0.566155
-0.715028
-0.303243
-0.0390056
-0.274814
-0.0903755
0.0512799
-0.453059
NA
NA
-0.49483
-1.00195
-0.0845533
-0.32505
-0.14836
-0.339019
NA
-0.241122
-0.323351
-0.360126
0.0152682
-0.656109
-0.201391
-0.0921121
-0.604718
-0.182472
-0.447486
NA
0.065794
NA
-0.802712
-0.342234
-0.0356147
-0.718444
-0.0989887
NA
-0.374667
-0.429511
NA
NA
-0.194607
-0.464704
-0.358257
-0.602938
-0.662862
NA
-0.198122
-0.263444
-0.62853
NA
-0.610432
-0.142085
-0.419982
-0.493664
-0.319122
-0.568043
-0.147122
0.0239806
NA
-0.432392
-0.108344
0.165256
-0.544069
-0.966615
-0.860529
NA
0.000836461
-0.0449189
-0.0494361
0.0443185
-0.0939691
NA
-0.211342
NA
-0.664755
-6.64679
-0.378202
-0.494137
-0.0563154
-0.515202
-0.212271
-0.654235
0.0656918
NA
-0.528195
-0.000282773
-0.69106
NA
NA
-0.519329
-0.461766
0.0151589
-0.499142
NA
-0.419378
NA
-0.544354
-0.0189331
0.0528253
-1.08839
NA
-0.403611
-0.524794
-0.0685456
0.0742026
-0.560598
-0.109341
-0.507312
0.0345526
-0.389432
-0.984788
-0.386104
NA
-0.699544
NA
0.013054
0.123732
-0.717304
NA
0.013725
0.0586817
-0.0816227
-0.810929
0.015527
-0.243512
-0.263841
0.0256188
-0.241326
-0.0181151
-0.496395
-0.364453
-0.123263
-0.32822
-0.341511
-0.347098
NA
0.0803692
-0.193357
-0.273226
-0.424259
-0.40664
-0.0621416
0.0786807
-0.266735
-0.369289
-0.213162
NA
0.0741581
NA
0.00890586
-0.711401
-0.240496
-0.623899
-0.277202
NA
-0.166992
-0.323435
-0.699875
-0.567782
-0.131791
-0.475865
NA
-0.710244
-0.0554596
-0.230147
-0.168361
-0.0819866
-0.438323
NA
NA
-0.221768
-0.183833
-0.0764422
-0.41319
-0.232898
-0.495375
-0.204469
-0.215458
-0.292419
0.176948
0.0158693
NA
-0.566121
0.0215196
-0.77273
-0.174418
NA
NA
0.0840929
-0.166366
-0.28952
-0.852452
-0.401009
-0.276296
-0.373141
-0.61781
-0.4116
-0.362297
-0.164765
-0.115214
0.010585
NA
0.0216566
0.0218365
-0.20631
-0.124707
NA
0.0118689
0.0218973
0.0537495
-0.247776
-0.0990949
-0.475025
-0.769335
-0.134475
-0.566833
-1.1633
-0.514561
NA
0.0243365
-0.13234
0.0360797
-0.442695
-0.00701189
NA
-0.492033
-0.49735
-0.132826
-0.570736
-0.669965
NA
-0.0784526
-0.30105
-0.209232
-0.405162
-0.109711
-0.541134
-0.459158
-0.341283
0.4225
0.181165
NA
NA
-0.360157
-0.411701
-0.679228
-0.146164
-0.57694
0.0435796
-0.712791
-0.484371
-0.670725
-0.292238
NA
-0.0958336
0.0149214
NA
0.0817216
0.0620539
-0.113091
-0.403569
0.0563429
-0.875124
NA
-0.127923
-0.086435
-0.432701
-0.627049
-0.0673239
-0.266876
-0.0634019
-0.41176
-0.12548
-0.265142
0.0159789
NA
-0.252018
0.0279288
-0.759739
-0.202405
-0.481807
-0.321699
-0.230023
-0.719215
-0.28006
-0.0277519
-0.0315024
-0.756635
-0.513947
-0.328878
-0.0309722
-0.133838
-0.622648
-0.262242
0.119882
-0.525903
-0.342136
-0.131025
0.0222871
-0.578753
0.0193106
-0.72217
0.051038
-0.0329
-0.221995
-0.652581
NA
NA
-0.168448
0.0642152
-0.59881
-0.769427
-0.36716
-0.0122297
0.0874543
0.0322838
0.031899
-0.350663
NA
-0.350613
-0.0441339
-0.531812
-0.257365
NA
-0.0728962
NA
NA
-0.620144
-0.330211
0.066073
-0.407912
NA
-0.0854848
-0.100175
NA
0.0469799
0.0162772
0.0289288
-0.846455
NA
0.0268137
0.0743537
-0.0890778
0.0245038
NA
-0.754955
-0.278648
-0.1117
NA
NA
-0.183553
0.104101
-0.3425
-0.121777
-0.325242
-0.290748
-0.136238
NA
-0.00720586
NA
0.0447197
0.0039491
-0.639914
-0.0508358
-0.140789
0.0645271
-0.273018
-0.613097
NA
0.0257176
-0.309401
-0.420003
NA
NA
NA
NA
0.0369718
-0.226395
-0.120495
-0.812568
-0.250187
-0.516574
-0.298795
NA
-0.118868
NA
-0.568101
-0.597777
-0.27969
0.0682474
-0.297534
-0.327588
0.0227952
-0.0496617
-0.221486
-0.0343702
