-0.883055
-0.0401509
-0.580269
-0.452798
0.206644
NA
-0.0599362
-0.218062
-0.105619
NA
-0.277401
-0.176811
-0.574591
NA
-0.434349
0.0158723
-0.113052
NA
0.0640305
0.0961003
-0.622941
-0.679844
-0.0989887
-0.426594
-0.697687
-0.424326
0.0889724
-0.346704
NA
-0.0323757
0.0577335
-0.227364
NA
-0.269868
-0.475661
-0.319533
0.0547522
-0.0517862
-0.155835
-0.751293
-0.285533
-0.451501
-0.101713
-0.410386
-0.0974531
-0.622029
0.0249862
0.0694202
-0.274444
-0.731721
-0.349146
0.0158282
-0.269619
-0.541497
-0.155726
NA
-0.609354
0.0948608
0.0352779
0.0248249
-0.297879
-0.48901
-0.284862
-0.390548
0.0152209
-0.129108
0.18242
-0.327818
NA
NA
-0.188883
-0.172697
-0.525898
-0.142477
-0.0626828
NA
-0.519743
0.0554631
-0.337004
-0.43391
-0.545312
0.000298346
0.0474993
-0.266206
-0.39433
-0.273305
0.0059975
-0.415923
-0.55776
-0.188815
-0.309851
0.147903
-0.240167
-0.301933
NA
-0.244522
-0.186778
-0.439534
-0.441101
-0.59202
0.248163
-0.212141
-0.464975
-0.491398
-0.480169
-0.58874
-0.412476
-1.0363
-0.338063
-0.0351248
-0.179603
-0.235906
-0.0660705
-0.286237
-0.182409
-0.00513249
-0.382551
0.0213769
-0.181941
NA
-0.166628
NA
NA
-0.32505
-0.323748
-0.72754
-0.56772
NA
-0.323351
-0.535655
-0.488142
-0.243015
-0.105405
-0.365052
NA
NA
-0.406626
NA
0.0741581
0.0611918
-0.212416
-0.284565
-0.347434
-0.307957
0.0159881
-0.132454
NA
-0.105187
NA
0.158677
-0.279124
-0.28781
NA
-0.142817
NA
-0.365335
-0.215607
-0.370951
-2.95917
NA
-0.623079
-0.117173
-0.146627
-0.462187
NA
-0.402832
NA
-0.499579
-0.158823
-0.478879
-0.437577
-0.172291
-0.0770986
-0.0621093
-0.521106
-0.507889
0.0727356
-0.313902
0.00948863
-0.824884
-0.642134
-0.381047
-0.210066
NA
0.0706766
-0.168635
-0.210129
-0.363254
-0.556741
NA
-0.221916
-0.315978
-0.398584
NA
-0.246293
0.025804
-0.385444
-0.289264
-0.353357
-0.295409
-0.562641
-0.0576227
-0.327628
-0.457919
-0.310968
-0.270471
-0.2046
-0.274069
-0.539731
-0.151713
-0.0921838
-0.255682
-0.203328
-0.367353
-0.414891
-0.879645
-0.502238
-0.223831
NA
-0.0777209
0.0586226
-0.0712473
NA
-0.12668
-0.392743
0.015644
-0.783754
-0.0695977
-0.58191
NA
-0.377784
0.00345849
-0.468276
-0.54394
NA
0.0801896
-0.0768015
0.0388596
-0.806217
0.0159354
-0.155597
-0.497782
0.0149214
-0.416287
-0.57804
-0.381077
-0.16099
-0.289237
-0.371289
NA
-0.235083
-0.596134
NA
-0.423474
-0.116781
0.0563429
-0.00992311
-0.221003
0.0715598
-0.295523
0.0213125
-0.0673239
-0.374762
-0.394419
-0.266876
-0.505995
NA
-0.238045
-0.0751307
NA
0.0241463
-0.153938
-0.560436
-0.12283
NA
NA
-0.24497
-0.460857
-0.390371
NA
-0.332741
NA
-0.151888
-0.147949
-0.0858466
0.0783326
-0.632399
0.0682807
0.0279609
-0.278616
-0.260192
-0.538862
0.0154843
NA
-0.672807
-0.357233
-0.446687
0.0670237
-0.12548
-0.42091
-0.290577
-0.0309538
NA
-0.525941
0.0250241
NA
-0.0883334
0.0800848
-0.339471
0.0261244
-0.517182
-0.15089
NA
NA
-0.342533
-0.162013
-0.562611
0.0389677
NA
NA
0.0537495
-0.238059
-0.380947
-0.303571
-0.138843
-0.57087
-0.0564101
-0.196291
-0.0537986
0.0160701
-0.192352
-0.858589
-0.23582
-0.656767
-0.00441355
-0.454444
0.0342344
-0.223089
-0.000567228
NA
-0.105752
-0.40692
-0.0411957
-0.0784526
-0.380414
-0.00982722
-1.04576
-0.598182
-0.84432
-0.365777
0.0629961
-0.137031
-0.443893
-0.134646
-0.738606
0.292305
-0.648275
-0.296048
NA
-0.0546322
-0.15675
-0.040131
-0.509584
-0.296626
NA
NA
-0.0713961
-0.537734
-0.196664
-0.194687
-0.452093
-0.0693424
NA
-5.74353
0.0928412
NA
-0.127916
-0.408781
NA
NA
-0.274701
0.164466
-0.90924
NA
-0.0919567
-0.23325
NA
0.0158894
-0.136238
NA
0.0649694
-0.0263748
-0.547087
-0.486647
NA
-0.480499
-0.246926
-0.216424
-0.397138
-0.323595
0.0324681
-0.320524
0.0623702
-0.529954
-0.539351
0.0114828
-0.416961
-0.21418
-0.537156
0.0552073
-0.333774
0.0516428
NA
-0.287999
NA
NA
-0.0777592
-0.141238
-0.199726
-0.150833
-0.316127
NA
NA
-0.384311
0.00809647
-0.230536
-0.697988
NA
-0.468393
-0.658783
NA
-0.504777
-0.371896
NA
-0.225412
-0.280662
-0.40165
-0.346616
-0.119762
-0.395179
-0.292038
-0.391022
-0.795572
-0.104472
0.0222871
-0.216408
0.0498872
-0.0632565
-0.157575
-0.284586
NA
-0.43247
NA
-0.442925
-0.362731
-0.0447071
NA
-0.352989
NA
-0.271186
-0.392645
0.0470583
0.0611054
-0.109133
-0.733539
-0.109674
-0.130286
-1.00082
-0.257365
-0.245716
-0.637114
-0.407917
-0.102863
NA
-0.389318
-0.407912
NA
-0.595847
-0.245441
-0.453415
-0.118648
0.0983106
-0.477574
0.0920161
