NA
0.0204473
-0.118529
NA
-0.529954
-0.638314
-0.636199
-0.162917
-0.197593
0.0428032
-0.00913214
-0.52299
-0.171136
NA
-0.389696
0.0864784
-0.178044
NA
NA
NA
-0.230288
0.0723623
-0.327921
-0.243196
-0.274701
-0.537734
-0.100746
NA
-0.346325
0.0561139
-0.746019
0.0903439
NA
-0.256286
-0.183748
-0.31604
NA
NA
0.0158894
0.0869365
NA
0.0135776
-0.547087
-0.136238
-0.672722
-2.16787
-0.130286
-0.616897
NA
-0.104444
NA
-0.0447071
NA
-0.491956
-0.712528
NA
-0.659793
NA
-0.685758
-0.0494798
NA
NA
-0.250784
NA
-0.453415
-0.593573
-0.343145
-0.0499766
NA
-0.68055
-0.605532
-0.0594594
-0.121417
-0.0244693
-0.487958
-0.284597
-0.769427
-0.334821
-0.146056
-0.439247
NA
-0.720271
NA
-0.085968
-0.440476
-0.137738
-0.185868
NA
NA
-0.135544
-0.744669
-0.228897
-0.043298
NA
NA
0.0833527
-0.260192
NA
NA
0.0239854
-0.268887
NA
-0.46361
-0.632399
-0.124609
0.0718354
NA
NA
-0.462576
-0.429611
-0.252018
-0.279661
0.30034
-0.589102
-0.103999
-0.0404148
-0.290577
-0.374817
-0.222994
-0.540964
-0.262062
-0.0257983
-0.474463
-0.328397
-0.525229
-0.875124
-0.241887
-0.491416
-0.16099
-0.318193
0.104675
-0.57804
-0.501587
-0.122519
NA
-0.650754
-0.337823
-0.195163
-0.960361
NA
-0.0172447
NA
0.0360419
-0.427349
0.0219322
-0.323614
-0.611349
-0.403538
NA
NA
0.0159055
-0.000567228
-0.365777
0.0753923
-0.040131
-0.386441
-0.395397
0.00720121
-0.962786
-0.0746542
-0.0713961
-0.195215
-0.0207373
-0.314203
-0.665333
0.0276865
-1.08351
-0.723296
-0.0130249
-0.455855
NA
-0.430742
-0.436199
0.0799537
-0.50203
-0.162013
NA
-0.177919
-0.123343
-0.189389
-0.167111
-0.433953
-0.870028
-0.45052
-0.0409544
NA
1.61762
NA
0.00948863
-0.0446294
-0.306789
-0.892499
-0.216016
NA
-0.494069
NA
-0.638597
-0.521106
-0.0621093
-0.0770396
-0.197412
-0.395016
NA
NA
-0.242591
-0.752371
0.0106269
-0.299131
-0.702977
-0.170134
-0.32878
-0.693512
NA
-0.405481
-0.343024
-0.212416
-0.406626
-0.614183
-0.0752189
NA
0.0153785
NA
NA
-0.320602
-0.656522
NA
0.102678
0.025857
-0.471832
NA
-0.33647
NA
-0.58191
-0.178842
NA
-0.307372
-0.341344
0.0939456
-0.6336
-0.350924
-0.398659
0.100063
NA
0.0388596
-0.100181
-0.0304759
-0.0427664
-0.310968
-0.464314
0.0869009
-0.286384
0.0540539
-0.274069
-0.101357
-0.295409
NA
-0.00605736
-0.216301
-1.11381
-0.0478853
-0.543913
NA
-0.169272
-0.333881
-0.343282
-0.299577
-0.310638
-0.443466
-0.421105
-0.09997
NA
-0.406045
NA
-0.0974531
-0.455922
-0.0316115
-0.959475
-0.816356
NA
-0.475252
-0.274444
-0.49021
NA
-0.897148
-0.455567
-0.0501748
-0.801357
-0.163812
-0.276519
-0.167478
-0.664755
-0.155835
NA
-0.0956841
-0.397711
-0.13105
-0.792554
-0.558693
-0.297692
-0.349146
-0.321273
-0.313175
-0.419982
-0.434349
NA
-0.188844
-0.484221
NA
NA
-0.346797
-0.413663
-0.346704
-0.462631
-0.194607
-0.563795
-0.822695
NA
-0.199665
-3.97947
0.0660722
-0.514201
-0.0066709
NA
0.0158522
-1.0363
-0.338063
-0.466666
-0.304514
-0.3126
-0.182409
-0.507832
0.0263949
-0.244754
NA
-0.405802
-0.643069
NA
-1.167
-0.230176
-0.387885
-0.543975
NA
NA
0.0400996
-0.334576
-0.693333
-0.0708447
-0.32505
-0.194256
NA
0.0554631
-0.43391
-0.526328
-0.486697
0.143991
-0.427741
-0.607565
0.0643581
-0.253815
-0.160518
-0.579481
0.0836748
0.0945466
-0.274478
-0.193193
0.0556351
0.0569655
0.016192
NA
-0.57757
-0.177594
NA
