-0.150972
-0.394513
-0.375654
-0.117402
-0.267901
-0.44667
0.0548498
-0.37203
-0.271186
-0.475596
-0.663173
NA
-0.486624
-0.407547
-0.316688
0.0662952
NA
NA
-0.327193
NA
-0.750924
-0.484331
0.00563167
-0.603397
-0.594744
-0.297598
-0.914483
-0.436491
NA
-0.431739
-0.0616134
-0.394616
-0.242877
-0.323595
-0.0613704
-0.149333
-0.512774
-0.120824
-0.0627414
-0.171136
NA
0.0723623
NA
-0.585402
-0.206752
-0.16158
NA
NA
-0.305301
0.0486623
-0.720042
-0.0393246
NA
0.0918481
-0.304892
-0.315752
-0.174152
-0.328846
NA
-0.500151
-0.19402
-0.0470942
-0.584374
0.172333
0.0158894
-0.0538742
-0.470109
0.0255831
0.0759975
-0.385384
-0.257836
NA
-0.518072
-0.275821
-0.609217
NA
0.0395959
-0.411218
NA
NA
-0.425315
-0.71805
-0.642509
-0.854425
0.00322357
-0.176455
-0.0713961
NA
-0.447074
-0.274932
NA
NA
-0.387063
-0.295145
-0.224672
-0.377356
0.0741668
NA
-0.422549
-0.57557
-0.184728
-0.357233
-0.501422
-0.193266
0.000278164
-0.232131
NA
NA
0.043178
-0.674264
-0.23314
-0.443011
-0.309765
-0.00703581
-0.180321
0.130932
NA
-1.09726
NA
-0.604426
-0.19908
NA
-0.298439
NA
NA
-0.0187409
NA
-0.0359163
NA
NA
0.146431
-0.388783
-0.694437
-0.0731017
0.0238487
-0.179757
-0.024245
-0.568631
-0.187929
-0.123935
NA
-1.03823
-0.252098
0.0504075
NA
-0.0479673
-0.290052
NA
-0.0454798
-0.350924
0.0747441
NA
-0.377872
-0.180412
-0.00299107
-0.199316
-0.0440355
-0.313559
-0.747235
-0.983097
-0.00159225
-0.43127
-0.57705
0.000651696
-0.627318
NA
-0.685586
-0.0126872
0.0807139
-0.383185
-0.486887
NA
-0.406045
0.114021
NA
-0.482503
-0.0759364
-0.46414
NA
-0.216016
-0.555736
-0.152217
0.0159977
-0.637642
-0.984131
-0.387336
-0.398438
-0.140788
-0.22482
-0.363254
-0.480959
0.0253698
-0.436719
0.0761212
-0.324562
-0.187995
-0.388463
-0.479459
-0.614183
NA
-0.232945
NA
-0.332707
-0.320602
NA
-0.525948
0.0154756
-0.179327
-0.611143
-0.624268
-0.00935124
-0.659055
-0.60457
NA
-0.108344
-0.203026
0.0907507
-0.709346
-0.139495
-0.111223
0.099716
-0.0342529
0.0252883
NA
-0.257462
NA
-0.0832107
-0.209422
-0.0782772
-0.0905313
-0.217607
NA
-0.325296
-0.0943957
-0.190715
NA
-0.584737
-0.59645
-0.289416
-0.486697
-0.262349
0.0855386
-0.639052
NA
-0.253815
-0.450095
-0.415411
-0.5715
-0.0681231
-0.0674423
-0.323901
-0.146396
0.0116054
NA
-0.181873
-0.46682
-0.490973
-0.608109
NA
-0.47128
-0.159688
-0.406047
NA
-0.246879
NA
-0.206726
-0.716169
0.0778334
-0.253328
NA
-0.421717
-0.27245
-0.095438
-0.917924
-0.564079
-0.588182
-0.255032
-0.277401
0.000661784
NA
-0.202098
NA
NA
-0.432277
-0.136978
NA
0.0160166
-0.0697475
-0.29946
-0.263508
-0.20246
NA
NA
-0.193432
-0.56876
-0.619389
-0.499967
NA
0.089626
-0.591031
-0.783
-0.0254623
-0.670832
-0.171712
-0.345345
NA
NA
NA
0.04639
-0.0711385
0.0817506
-0.129014
-0.00614019
-0.427081
-0.27221
-0.228954
-1.15085
-0.168846
NA
-0.0811037
NA
-0.085968
-0.128398
-0.757262
-0.700825
NA
-0.339675
0.037494
-0.55428
-0.172537
-0.384277
-0.140709
-0.297973
-0.623837
-0.0283816
-0.281044
-0.0840768
-0.32258
NA
-0.699441
-0.72728
0.0623702
-0.21023
NA
NA
-0.702496
-0.137103
0.0422197
-1.22067
NA
0.0700315
NA
-0.565172
-0.496692
-0.461601
NA
-0.235727
0.0357361
-0.129784
-0.590684
0.0449863
-0.194797
0.0746099
-0.336723
0.0525427
NA
-0.512257
NA
0.0791779
-0.203497
-0.0198478
-0.771331
0.0508088
0.0362496
-0.454932
-0.237398
NA
-0.482924
0.0463719
NA
NA
NA
-0.425778
-0.0982261
-0.140214
NA
0.0555829
-0.144178
-0.213308
-0.00248466
-0.215595
-0.445774
NA
-0.523287
0.0449551
NA
-0.280884
NA
-0.45052
-0.169564
-0.00540768
NA
-0.23781
-0.451558
NA
-0.152181
-0.430548
-0.149526
-0.12991
-0.204457
0.12227
-0.586603
-0.632399
-0.463549
-0.103749
-0.279982
-0.393065
-0.244664
0.428818
-0.307727
-0.765395
NA
-0.684054
NA
0.0767612
-0.565638
NA
-0.47926
-0.547437
-0.560436
-0.012761
-0.460548
NA
-0.0262011
-0.23166
-0.461394
-0.498984
-0.0712473
NA
-0.152397
-0.0730472
NA
-0.155466
0.0051753
-0.040102
-0.419226
NA
NA
-0.525163
-0.413012
-0.122833
-0.558031
NA
0.0564352
NA
-0.294288
-0.633002
-0.653193
-0.0647664
-1.1197
-0.177482
-0.294237
NA
-0.168763
-0.510374
-0.539356
-0.414891
NA
-0.20027
-0.274709
NA
-0.0977261
NA
-0.623928
NA
NA
NA
-0.425614
-0.326645
-0.368731
-0.797463
NA
0.0457553
-0.296399
NA
NA
-0.268747
-0.0378777
-0.441121
-0.559274
-0.474125
NA
-0.339989
NA
-0.17845
-1.21717
NA
-0.407833
NA
-0.15609
-0.215691
-0.0386969
0.0779258
NA
-0.736496
0.0527363
-0.475906
-0.403807
-0.250589
NA
0.0687087
-0.0363502
-0.716175
-0.260723
NA
-0.042783
0.0675567
-0.147841
-0.0778805
-0.232534
NA
-0.489161
-0.0314671
0.0175212
0.015779
-0.231013
NA
0.0832476
-0.0025754
-0.660555
-0.177594
-0.160433
-0.448577
-0.559147
-0.424514
-0.442921
0.202037
-0.0508031
-0.447544
-0.161035
NA
-0.277228
-0.369459
-0.697486
NA
-0.405128
-0.238686
-0.426338
-0.112807
-0.0507964
NA
NA
-0.141765
-0.550511
NA
-0.209452
-0.353266
-0.691095
-0.156286
-0.158147
-0.203894
-0.135086
NA
-0.359938
0.0611054
-0.328434
0.0559677
-0.482653
-0.0138039
-0.728689
-0.0414788
NA
0.0663067
0.0783585
-0.582091
-0.909639
-0.211739
-0.131836
-0.342231
-0.22588
-0.00989582
-0.125136
-0.197302
-1.00154
-0.0336962
-0.250045
-0.384067
0.0851713
-0.297033
NA
-0.356636
-0.56433
-0.626849
NA
-0.583899
-0.150833
-0.111953
-0.768909
NA
NA
-0.0753165
-0.47446
-0.323705
-0.0726633
-0.864313
0.0161104
NA
-0.29679
-0.335516
0.711429
-0.463085
-0.255581
-0.433601
NA
-0.213708
-0.0779618
-0.529422
-0.0204661
-0.544671
-0.391198
-0.90461
-0.377891
NA
-0.44666
-0.430245
-0.0485626
NA
NA
-0.484416
-0.616388
-0.338393
0.0100541
-0.317376
-0.361784
-0.19532
NA
-0.560768
-0.713903
0.0659153
-0.554945
-0.436578
-0.80084
NA
NA
-0.563887
-0.516025
NA
NA
-0.429739
-1.79391
-0.10501
-0.394539
-1.07824
NA
-0.250919
-0.363321
NA
-0.320663
-0.337594
-0.321547
0.0225853
-0.149982
-0.136779
-0.385464
-0.523048
-0.669637
-1.4
-0.498506
0.0680261
0.0154843
-0.517605
-0.379975
NA
-0.59194
-0.466287
-0.291976
-0.473093
NA
-0.490507
-0.333667
-0.458244
-1.13727
NA
NA
-0.649788
-0.702132
NA
0.0249097
-0.340458
-0.0793885
NA
-0.568093
-0.475097
NA
-0.152514
NA
-0.322985
NA
NA
0.0521412
0.0678212
-0.0234495
-0.625243
0.015644
NA
NA
0.0969569
0.0731142
NA
0.0469937
-0.122687
-0.0478853
0.000165298
-0.199188
-0.236912
-0.203328
-0.184623
0.047561
-0.408864
-0.386597
-0.18044
-0.353458
NA
-0.715017
-0.246688
0.0450391
-0.0472867
-0.20696
-0.160907
-0.216922
NA
-0.870499
-0.0566699
-0.202398
-0.2865
-0.191155
-4.57043
-1.04872
-0.843075
-0.116929
-0.900337
-0.143825
-0.7839
-0.17144
0.0611289
-0.554977
-0.0634687
-0.0314514
-0.114829
0.0213769
NA
NA
-0.0831583
-0.647571
0.0514197
-0.343672
-0.389908
-0.193592
-0.278807
-0.127723
-0.273896
NA
0.00906241
NA
-0.43391
-0.691198
-0.682196
NA
NA
-0.693348
-0.953828
-0.331317
-0.558228
0.74
-0.384604
0.0427547
-0.861229
-0.244765
-0.698802
-0.343111
0.0125438
-0.747294
0.0518339
NA
NA
NA
-0.412423
-0.533264
0.0243633
NA
NA
-0.119168
-0.261905
-0.12719
NA
-0.582153
-0.403113
-0.571254
NA
NA
-0.321273
-0.63095
-0.508823
NA
-0.33911
-0.0279784
0.069174
-0.187468
-0.688556
-0.308612
-0.279858
-0.161126
0.0798935
0.0719063
NA
-0.366177
-0.349357
-0.0911029
-0.145188
-0.182505
-0.143432
NA
-0.149618
-0.586312
-0.432055
-0.238735
-0.240195
-0.491751
-0.562032
NA
-0.540771
0.0675952
NA
0.0249466
-0.38257
-0.449996
0.0799181
-0.202752
0.0686578
0.273714
-0.359545
0.0763196
-0.235924
NA
-0.526342
NA
NA
NA
0.0815132
NA
-0.0484091
-0.669085
-0.255174
-0.254482
-0.294278
NA
-0.121042
-0.0304521
-0.360374
0.0780251
-0.290298
-0.273673
-0.404959
-0.282021
-0.492804
0.00970516
NA
-0.0290319
-0.3073
NA
-0.42554
-0.0884348
-0.168049
-0.444752
-0.465286
-0.122239
-0.510029
NA
NA
0.0868
0.0525193
-0.272973
-0.00836698
-0.365777
-0.539663
-0.209411
-0.667
NA
-0.479884
NA
-0.142902
NA
-0.430742
-0.15089
-0.432952
-0.340333
0.0327843
NA
-0.433173
-0.483611
NA
-0.0564101
-0.559984
-0.601038
-0.0537986
NA
0.0385043
-0.567652
-0.638074
0.075445
-0.258149
-0.184796
0.0941049
NA
-0.678961
-0.0370018
-0.0649378
-0.0309538
-0.0441184
-0.62209
-0.712979
-0.222305
-0.472762
-0.135753
-0.12283
-0.668883
-0.195566
NA
-0.364293
NA
-0.329657
-0.653699
-0.515623
-0.33496
-0.148531
NA
-0.32485
-0.547125
-0.392743
-0.0259866
-0.539038
-0.275299
-0.364131
NA
-0.0296709
0.06576
NA
0.0388596
NA
-0.0427664
-0.216425
-0.451433
-0.27312
-0.320667
-0.734031
-0.0742573
-0.093383
-0.700494
0.0768671
0.0688889
0.0305317
-0.478325
NA
-0.315629
0.0194722
-0.55113
-0.433889
NA
NA
NA
0.00567993
-0.0510868
-1.15628
NA
0.0378091
-0.306542
NA
-0.427656
-0.403158
0.0145377
NA
-0.931816
-0.137898
-0.201781
-0.668565
0.0497731
-0.129017
-0.162906
-0.387205
-0.638594
0.0148623
-0.215257
-0.107575
-0.458665
-0.0162407
-0.940547
-0.466666
-0.269036
-0.0702629
-0.163507
NA
-0.322588
NA
-0.247134
-0.198288
-0.539848
NA
0.0474993
-0.271118
0.0152209
-0.132565
-0.455399
0.238647
-0.357423
0.329432
NA
-0.255883
0.29639
NA
-0.109088
-0.23607
-0.693483
NA
-0.129409
NA
-0.85199
-0.478161
-0.211308
NA
NA
-0.282734
-0.317735
-0.616515
-0.343788
0.0807023
-0.0662504
0.0948608
0.0365018
-0.398897
NA
NA
-0.574591
-0.507545
-0.679981
NA
0.0179882
-0.446488
-0.688812
0.0239153
-0.230227
-0.337372
-0.163376
-0.673749
NA
-0.508463
-0.476262
0.077415
NA
-0.437065
NA
-0.592092
-0.311714
-0.157976
-1.06611
NA
-0.747446
-0.304894
-0.150977
-0.445334
-0.138469
0.00809877
-0.879988
-0.371896
NA
-0.111166
0.0657259
NA
-0.151618
-0.507326
-0.233848
-0.292038
-0.238075
0.0980599
-0.209196
-0.344823
-0.454628
-0.333132
-0.727538
-0.751997
-0.305934
-0.52299
-0.890552
-0.336165
-0.428708
-0.354711
-0.442569
-0.219986
-0.342891
-0.0329
0.102708
-0.471585
-0.375301
0.00165119
NA
-0.0275841
-0.628187
-0.479412
-0.307816
0.0408521
-0.561563
-0.582322
0.00285802
-0.200995
NA
0.0282759
0.0154663
-0.169704
-0.403538
-0.134646
0.0342344
NA
NA
-0.42113
-0.158669
NA
-0.132162
-0.221548
-0.398096
NA
NA
0.0503367
-0.655633
-0.993552
-0.201939
0.0580791
0.0513487
-0.465446
NA
-0.645646
-0.215641
NA
-0.547567
-0.127021
NA
-0.265073
NA
0.30304
-0.050272
NA
-0.651678
NA
-0.342756
0.055292
-0.289533
-0.381186
-0.151669
0.0375926
-0.611465
-0.699589
-0.886984
-0.551729
-0.137658
0.0149357
-0.342165
-0.202578
-0.71445
-0.253696
-0.423474
-0.323883
-0.659827
-0.221003
NA
NA
-0.845003
NA
-0.573012
-0.639904
NA
-0.634959
-0.528422
0.053268
-0.467922
NA
-0.186618
-0.409404
-0.345832
-0.618325
NA
-0.199283
-0.230612
-0.253458
-0.291673
-0.45976
-0.204824
-0.539731
0.0835918
-0.578341
-0.216301
0.00662027
-0.277564
-4.5537
NA
-0.678211
-0.23628
-0.907436
-0.238281
-0.344524
-0.263812
0.0482208
0.0984559
-0.87407
-0.302604
-0.0562986
NA
NA
-0.206082
0.269641
NA
-0.278971
NA
-0.0160915
-0.484931
-0.285568
0.0531774
-0.0382829
-0.0151494
-0.631022
-0.0430678
-0.242484
-0.295068
-0.0999043
-0.00666787
NA
-0.302576
-0.396362
0.0223246
-0.00513249
-0.162665
-0.20963
-0.352306
-0.268947
-0.346089
-0.647583
NA
-0.0386664
-0.63704
NA
-0.589474
-0.330717
-0.797104
0.569091
NA
-0.417715
0.0852556
NA
-0.344617
-0.146517
-0.00265019
-0.244901
-0.569951
4.10014
-0.674056
-0.223531
-0.214949
-0.510532
-0.284588
-0.399396
-0.386447
-0.333778
-0.0220022
-0.560883
NA
-0.0594351
NA
-0.776701
-0.530435
-0.218062
0.0664272
NA
-0.293328
-0.415966
-0.152397
-0.34306
NA
-0.228665
-0.229302
-0.49436
NA
-0.142337
-0.429375
-0.335682
-0.597866
-0.221938
NA
-0.314707
0.0366123
-0.67122
-0.333916
-0.289105
-0.427828
-0.210835
-0.916917
0.0983106
-0.482014
-0.484087
-0.475023
0.0823946
-0.503104
-0.564536
-0.149316
-0.130193
-0.672133
-1.48
-0.474253
0.0343923
-0.705327
-0.329436
-0.325446
-0.490002
NA
-0.226683
-0.454667
-0.464019
0.0619767
-0.222578
-0.441251
NA
-0.619228
-0.484702
-0.0949219
-0.0148268
-0.263209
-0.368331
-0.0610362
-0.0926777
-0.62734
-0.312962
-0.431449
-0.427851
NA
-0.289053
NA
0.0666171
-0.0638659
-0.612735
NA
-0.0211218
-0.343226
-0.202338
-0.306936
-0.202228
-0.162278
0.0604624
NA
-0.289309
-0.327314
NA
-0.413732
-0.15675
NA
-0.593814
NA
-0.293677
NA
NA
NA
-0.440614
0.0220242
-0.738229
0.0826958
0.148125
-0.184126
NA
-0.77555
NA
NA
-0.311604
-0.397278
0.12688
0.0420737
-0.0385648
-0.431505
-0.58324
0.0202054
NA
0.0724084
-0.100396
-0.52539
NA
-0.40582
NA
NA
-0.325728
-0.546791
0.099054
-0.283192
-0.0883334
-0.0296756
-0.103999
-0.177091
-0.39937
-0.199404
-0.423947
-0.0257983
-0.165065
-0.388313
NA
0.0250481
-0.246912
-0.0151131
-0.312324
-0.249068
-0.289481
-0.10261
-0.233737
-0.505995
-0.597857
-0.301161
NA
-0.0970345
-0.58191
NA
NA
-0.607729
-0.638949
0.0458661
-0.219163
-0.153635
-0.392149
NA
-0.044131
-0.11229
-0.293735
-0.393362
0.100063
-0.0454458
-0.062328
-0.575545
NA
-0.801606
-0.00121176
-0.257415
-0.574026
NA
-0.273232
-0.228294
NA
-0.0507853
-0.106078
-0.223768
-0.878328
0.0215818
-0.60748
-0.112347
NA
-0.0110178
-0.334774
-0.235287
NA
-0.298327
NA
NA
-0.355866
-0.495073
-0.432558
-0.377991
-0.478879
-0.0930523
-0.268365
NA
-0.125445
NA
NA
-0.515754
-0.15565
0.025804
-0.383361
-0.374689
-0.308307
-0.558262
-0.350855
-0.114008
-0.469949
-0.657044
0.0110195
-0.326812
-0.453909
NA
-0.476961
-0.334147
-0.0807244
0.0170751
-0.28394
NA
NA
NA
-0.0789708
-0.627546
-0.334149
-0.426916
0.0254507
-0.188336
0.0249104
0.0578504
NA
-0.464975
-0.58874
-0.282313
-0.365164
0.0826932
0.131372
-0.0033813
-0.521635
-0.87109
-0.111401
-0.600575
-0.328335
NA
0.925272
-0.2065
-0.449959
NA
NA
NA
-0.466926
-0.0551629
-0.400295
-0.367668
-0.291455
-0.543771
0.0512759
NA
NA
-0.194652
NA
-0.400185
-0.272005
NA
-0.053959
-0.508533
0.0234013
-0.382952
-0.541497
-0.330571
NA
-0.143513
NA
-0.0692576
NA
-0.0988878
-0.512493
-0.128269
-0.828597
-0.391185
NA
-0.0148931
-0.23209
-0.678251
-0.367745
-0.428159
-3.57961
NA
-0.63284
NA
0.0234588
-0.352989
-0.312886
-0.164658
0.0655141
0.0336402
-0.637114
-0.254494
-0.248301
0.00266714
-0.00799301
-0.499648
-0.0343789
-0.491307
-0.0774605
-0.685531
-0.485787
-0.514317
-0.348197
-0.443865
-0.187806
NA
-0.131501
NA
-0.0503505
-0.0699772
-0.515253
-0.777273
0.222939
-0.0777592
0.0646444
-0.397632
-0.164392
-0.493823
-0.0129047
-0.0741971
-0.45519
0.0150225
0.0604756
-0.463143
0.0225291
-0.665966
-0.381171
NA
-0.271838
-0.0724377
-0.00982722
-0.419514
-0.386441
-0.509584
-0.899674
NA
-0.0561275
-0.321872
-0.505255
-0.168505
-0.272552
NA
0.0775362
-0.021388
-0.304259
-0.360172
-0.283639
-0.341384
0.00998149
0.0875206
NA
NA
-0.126534
NA
-0.319018
-0.23582
NA
-0.894463
-0.73129
NA
-0.592275
-0.206153
-0.451194
-0.223412
0.00480687
-0.492893
-0.600141
0.05453
0.00791999
-0.157822
-0.42091
NA
-0.289834
-0.147265
-0.363599
0.005157
-0.0193799
-0.388269
NA
-0.235083
NA
NA
-0.297682
-0.30594
-0.391152
-0.123856
-0.24438
-0.988327
-0.0954245
NA
0.063018
-0.0981825
-0.137376
-0.572188
-0.597998
-0.560808
-0.70141
-0.468276
NA
0.060457
-0.5006
-0.083305
NA
NA
-0.0910705
-0.0396968
-0.209111
-0.218574
-0.0228254
-0.325907
-0.172452
-0.155509
-0.13642
0.00144876
NA
NA
-0.0923461
-0.262081
-0.407612
-0.515531
NA
-0.055861
-0.284183
-0.167395
-0.149257
-0.560545
NA
-0.0130773
0.0515778
-0.457924
0.0620559
-0.0625621
-0.276772
-0.262429
-0.438216
-0.303433
-0.191823
-0.629523
-0.323403
-0.213409
-0.347856
-0.41222
-0.863286
-0.236691
-0.211163
NA
-0.224502
-0.217119
NA
-0.0494142
NA
NA
-0.387408
-0.584838
NA
-0.723842
-0.26582
-0.3348
-0.667585
0.0282878
-0.045503
0.10625
-0.282749
NA
-0.329003
-0.304589
0.057037
NA
NA
-0.0458985
0.0248159
0.145011
-0.51833
-0.0942342
-0.447644
-0.574396
-0.0569601
-0.129115
0.0493763
NA
-0.412775
-0.11523
-0.394368
0.0246014
-0.434497
-0.0645652
-0.779141
-0.556779
-0.00466255
NA
-0.346097
0.00261391
-0.380319
-0.276519
-0.0485656
NA
-0.784636
NA
NA
-0.187518
0.0354127
-0.276821
-0.22045
-0.132153
-0.25001
-0.19331
0.0155341
NA
-0.38176
-0.653231
-0.454421
0.0889724
-0.0943261
-0.099575
-0.456035
0.0412631
-0.375437
NA
NA
-0.386305
-0.192103
-0.0447071
-2.63827
0.0250231
-0.212543
-0.148181
NA
NA
-0.179173
-0.241675
-0.479376
-0.0387841
-0.790919
-0.25296
-0.282906
NA
-0.737508
-0.0856254
-0.559005
-0.646347
-0.310001
NA
-0.543516
-0.11177
-0.22196
0.0386584
-0.570705
-0.0141816
-0.043298
NA
-0.450637
NA
0.0516428
-0.078347
-0.0856461
0.0286054
-0.585588
NA
-0.173803
NA
-0.307217
-0.107427
-0.115571
-0.135402
-0.212605
-0.108884
NA
0.0874349
-0.398859
-0.825393
-0.0221881
-0.202532
-0.0916585
-0.298186
-0.0248005
-0.242625
-0.363754
-0.64846
-0.502719
-0.713007
NA
0.0580292
NA
-0.485427
-0.172254
-0.0676978
0.0600323
-0.370695
-0.222174
-0.567695
-0.462675
NA
-0.146454
-0.440706
-0.214497
0.0161896
-0.445694
-0.780956
-0.210667
-0.649135
-0.120649
-0.0546315
-0.81352
-0.320433
-0.485374
-0.939253
NA
NA
-0.060273
-0.195036
-0.245458
-0.508327
-0.340852
-0.485131
-0.238924
-0.400314
-0.323841
-0.242143
-0.260087
-0.369244
-0.0623005
-0.630933
-0.0579715
-0.892391
-0.162237
NA
0.0800848
NA
-0.116345
-0.620582
NA
-0.394419
-0.547306
-0.976902
NA
-0.57804
-0.0282359
NA
-0.401842
-0.0816292
-0.638336
0.0261137
-0.225425
-0.112289
-0.463759
-0.353795
-0.424368
NA
NA
0.0615533
-0.221481
-0.324147
-0.0155467
-0.139812
0.701889
-0.466864
-0.485333
NA
0.0808285
-0.0253214
NA
-0.174895
-0.454155
-0.222757
-0.0722576
0.00562818
0.00716909
-0.190924
0.368182
NA
-0.162867
-0.364604
-0.739738
-0.286384
NA
NA
-0.379754
NA
NA
-0.053411
NA
NA
NA
-0.28354
NA
0.018243
-0.533745
NA
-0.0514707
-0.670442
NA
-0.319215
0.00820716
-0.379828
NA
-0.0905128
-0.544521
NA
-0.203148
-0.250174
-0.312758
NA
-0.185236
-0.494069
-0.273502
NA
NA
-0.725943
-0.180914
-0.357698
-0.240492
0.0159881
0.0768552
NA
-0.0456319
-0.288693
-0.391987
-0.0311547
-0.447516
0.0551641
0.0341869
-0.509543
-0.528412
NA
-0.20064
-0.575197
-0.773482
-0.595191
0.0156093
-0.484657
-0.119557
-0.0702992
-0.305954
0.00677541
-0.300543
NA
NA
-0.486646
NA
-0.54627
-0.347325
0.0400996
-0.516917
-0.326938
-0.0635177
0.0771779
NA
-0.00351399
0.0905457
-0.0848175
NA
-0.0415866
-0.495309
-0.394408
0.0059975
-0.480269
NA
-0.0316115
-0.441069
0.0396046
NA
-0.731721
-0.822312
-0.255391
-0.511659
NA
-0.510405
-0.704229
0.0248249
NA
-0.135199
-0.129641
-0.0941034
-0.614082
0.00735025
NA
-0.102666
-0.375148
-0.403903
-0.300563
-0.16265
-0.433711
-0.0323757
-0.289417
-0.258438
NA
-0.512691
-0.913386
0.0157062
-2.16787
-0.672722
-0.856091
NA
-0.14201
-0.0323434
NA
-0.186414
-0.153297
0.0554922
-0.309613
-1.06838
-0.0834481
-0.191753
-0.455889
-0.270521
NA
NA
NA
-0.569538
-0.741471
-0.13774
-0.327552
-0.389881
-0.174559
-0.449576
-0.588668
-0.104472
-0.942325
-0.144606
-0.217837
-0.162321
-0.330873
NA
0.0553766
-0.327523
-0.503833
-0.257741
NA
-0.798604
NA
-0.456784
-0.236025
-0.000138261
NA
-0.665071
-0.0791912
-0.144788
-0.671334
NA
-0.435791
-0.244789
-0.427092
-0.40102
-0.167067
-0.180888
-0.70619
-0.402877
NA
NA
-0.169319
NA
-0.111141
-0.448163
-0.300365
NA
NA
-0.0414334
-0.11045
-1.00503
-0.422814
NA
-0.0207373
0.0403764
-0.799247
-0.592757
0.0248019
0.0427
-0.18452
-0.713741
-0.457766
NA
NA
-0.0991481
-0.108773
-0.615369
-0.302268
-0.694129
NA
-0.254387
-0.447729
1.61762
-0.0389167
-0.769938
-0.834689
-0.711659
NA
NA
-0.332741
0.0672633
-0.713325
-0.269927
0.0114238
-0.0921937
-0.0234236
-0.616901
-0.839188
NA
-0.33181
-0.311737
NA
-0.279277
-0.199015
-0.0242751
0.0636552
-0.602566
-0.650754
-0.0695175
0.00213753
-0.132271
-0.137932
-0.428471
0.0241463
-0.579108
-0.156668
0.0157114
-0.0827991
-0.682548
-0.143453
-0.189459
-0.115662
NA
-0.494171
NA
-0.377207
-0.513877
0.0520419
-0.307906
-0.199402
NA
-0.520422
-0.0732636
-0.269594
NA
-0.458061
NA
-0.22298
-0.370167
-0.475491
-0.101357
-0.475132
-0.259441
-0.817727
-0.0620039
-0.452822
NA
-0.22724
NA
-0.24041
NA
-0.685118
NA
-2.21
-0.44905
NA
-0.720205
0.0150785
-0.708611
NA
NA
0.064888
-0.359033
-0.599169
-0.290123
-0.511688
-0.370286
NA
-0.489967
0.15513
NA
0.0728049
NA
-0.416548
NA
-0.425618
-0.655553
-0.980525
-0.0813487
-0.784424
-0.757474
-0.0809734
-0.69427
-0.54667
NA
-0.382551
NA
-0.333848
NA
-0.196288
-0.72754
-0.126231
NA
0.0593557
-0.651228
-0.106621
-0.372612
-0.436201
-0.461622
-0.327818
-0.280035
-0.256964
-0.41164
0.0833389
-0.0987576
-0.139782
-0.63481
-0.430592
-0.57757
-0.027673
0.0734475
-0.2008
-0.285264
NA
NA
NA
0.0170105
-0.391347
0.0297137
-0.395962
-0.205372
-0.197549
-0.180904
NA
0.0222995
-0.0693575
-0.343321
-0.0491019
NA
-0.216613
-0.131284
-0.0512643
0.0689585
-0.199791
-0.251502
-0.118711
-0.507649
-0.32623
-0.46996
-0.557823
-0.246566
-0.37978
-0.116876
0.0193019
-0.59933
-1.09863
-0.121777
NA
NA
-0.517715
-0.407912
-0.341958
-0.100175
-0.0441339
NA
-0.261343
0.0865114
-0.350663
-0.451006
-0.399773
-0.0387113
-0.169824
0.0402554
NA
NA
-0.766156
-0.578753
-0.0309884
-0.362114
0.0649161
-0.221995
-0.652581
-0.42621
-0.364931
NA
NA
-0.304427
NA
-0.327588
-0.399512
-0.39099
-0.143865
-0.118868
NA
-0.298447
NA
-0.130138
NA
-0.319938
0.0157736
0.071088
NA
-0.243196
-0.309401
-0.420003
-0.114535
NA
-0.0508358
NA
0.0645271
-6.60825
-0.121106
NA
-0.325242
NA
-0.456233
NA
-0.4679
0.0159055
-0.570736
-0.0784526
-0.428442
-0.49735
-0.132826
-0.514561
-0.422982
-0.222356
-0.409483
-0.949415
0.0243365
0.0425777
-0.702606
-0.352781
-0.434158
-0.769335
-0.418535
-0.164765
0.010585
-0.386045
-0.32894
0.0840929
-0.45767
-0.852452
-0.276296
-0.022239
NA
-0.302741
-0.77273
-0.650933
NA
-0.622648
-0.489342
-0.230023
-0.234225
-0.0688417
-0.926897
-0.632803
-0.481807
NA
-0.321699
-0.666959
0.0420337
-0.455194
-0.265142
NA
-0.146106
NA
-0.269839
-0.371432
NA
-0.546851
-0.339616
-0.0166618
-0.305987
-0.569986
-0.712791
-0.698632
NA
NA
-0.577942
NA
-0.146164
NA
-0.351799
-0.680506
0.123732
-0.476365
-0.12668
-0.35961
-0.91124
-0.984788
-0.142604
-0.836454
-0.263936
-0.303103
-0.464314
-0.475412
-0.0685456
-1.12712
-0.0344389
NA
-0.311004
0.0528253
0.0181481
NA
-0.00541241
0.0841236
-0.461766
0.0151589
-0.0826021
-0.357656
-0.536128
NA
-0.419378
-0.238395
-0.528195
NA
-0.269222
-0.0977297
-0.69106
NA
-0.57691
-0.241196
NA
-0.540477
-0.723096
-0.232898
-0.163036
-0.664304
-0.0621093
-0.215458
-0.214496
NA
-0.277455
-0.372588
NA
-0.204318
NA
-0.140112
-0.0554596
-0.65152
-0.189565
-0.08517
NA
-0.534841
-0.323435
-0.369289
-0.213162
-0.711401
0.00890586
-0.240496
-0.00136715
NA
-0.273226
-0.187306
-0.0416721
-0.00509181
NA
-0.0800576
-0.318712
-0.342234
-0.504876
-0.447486
-0.510788
-0.148637
0.0714046
NA
-0.415176
-0.650411
NA
-0.323351
NA
NA
-1.00195
-0.32505
-0.0845533
-0.0905109
-0.14836
-0.715028
-0.212853
-0.150111
NA
NA
0.206257
-0.406147
-0.00442297
-0.274478
0.163974
-0.0589154
-0.495642
-0.791324
-0.573266
-0.55731
NA
0.0600402
-0.515202
-0.478695
-0.212271
-0.0939691
-0.729188
-0.269537
NA
-6.64679
-0.217935
NA
-0.0494361
0.000836461
-0.141405
-0.350858
NA
-0.500336
NA
-0.145893
-0.419982
-0.478931
-0.279653
NA
-0.374667
-0.194607
-0.741472
0.0479991
-0.350092
0.0972
-0.895308
-0.392076
-0.506655
-0.543874
-0.275161
-0.525231
NA
-0.178475
-0.0899788
-0.16194
-0.326015
-0.0244693
-0.118444
-0.720271
-0.733109
NA
-0.614703
-0.632225
-0.282207
-0.654086
-0.129543
0.091479
-0.322468
NA
-0.647386
-0.0356681
-0.727923
-0.127912
0.0197191
-0.36336
-0.00379755
NA
-0.595795
-0.250437
-0.237035
-0.508578
-0.343516
-0.461348
NA
-0.393026
-0.274701
-0.520066
-0.457693
NA
-0.12707
-0.167491
-0.156679
NA
NA
0.0484224
-0.0936875
-0.00487441
-0.201042
-0.22104
-0.0919302
-0.000567228
-0.230483
-0.105752
-0.125247
-0.695567
-0.0746172
-0.665333
-0.442869
-0.981846
-0.812277
-0.492482
-0.262246
-0.987768
-0.150094
-0.76858
-0.239133
-0.890761
0.00945906
-0.472896
-0.421316
-0.107701
-0.454444
-0.870028
0.0171149
-0.115483
0.236874
-0.751408
-0.266246
0.0682807
0.0566877
0.0436794
NA
-0.433731
-0.405352
-0.849555
-0.619389
0.00435619
-0.837142
-0.659547
0.0309107
NA
-0.374817
-0.598101
-0.258498
-0.0861897
-1.07959
-0.181292
-0.731393
-0.357631
NA
-0.504957
-0.360206
NA
-0.291262
0.0461833
0.0702715
-0.240262
0.0907239
NA
0.0663913
-0.303523
-0.308537
NA
-0.201976
-0.31293
-0.268989
-0.634698
-0.163352
NA
-0.64932
NA
-0.554423
NA
-0.429201
-0.059443
NA
-0.072982
-0.547752
-0.419254
-0.371704
-0.368909
-0.0667635
0.0488833
-0.353026
0.0390548
-0.329302
-0.0503374
-0.208369
NA
-0.774372
-0.386053
-0.485861
-0.169272
0.0586226
-0.120084
-0.322434
-0.249974
-0.0751469
-0.137795
-0.0446294
NA
0.0107688
0.04053
-0.178898
-0.015896
NA
0.0534067
-0.227789
-0.297415
-0.368021
-0.537935
-0.229036
-0.424878
NA
-0.284444
-0.503859
0.104797
-0.869735
-0.321685
-0.450681
-0.700797
0.0754464
-0.377286
-0.601705
0.0157429
-0.0561452
NA
-0.200735
-0.0066709
0.050917
-0.713918
0.20965
0.0198642
-0.480169
-0.417537
NA
-0.480084
-0.48673
NA
-0.385098
-0.0280321
0.0554631
-0.815935
-0.35528
-0.0363856
NA
0.00725933
-0.588309
-0.43551
0.0580025
-0.110188
NA
-0.639671
-0.0029502
-0.303911
NA
-0.829555
0.0926792
-0.212115
-0.0407002
-0.235206
0.0154004
-0.260785
-0.501222
NA
NA
-0.134277
-0.288177
-0.0233853
-0.166691
NA
NA
-0.686009
NA
-0.269361
-0.534754
0.0212847
-0.657619
-0.421198
-0.435599
NA
-0.878077
NA
NA
-0.0779275
0.0816962
-0.284664
NA
-0.122743
-0.482635
-0.312742
-0.202251
NA
-0.356309
-0.940091
-0.303004
-0.651692
0.149147
-0.559537
-0.114506
-0.302398
-0.391282
-0.595537
-0.408613
0.0257954
0.0325361
-0.658783
NA
0.156154
-0.52014
-0.262652
0.0168396
-0.524724
-0.180923
-0.512752
0.0959368
-0.286938
-0.362603
-0.49813
-0.233491
NA
0.00484376
NA
0.0798665
-0.177598
-0.778921
NA
-0.059966
-0.788349
0.0474565
-0.435306
-0.246153
-0.168046
-0.340383
-0.159627
-0.770164
-0.00950973
0.0156851
-0.210175
-0.261955
-0.452446
NA
-0.254805
NA
-0.187093
NA
-0.408376
NA
-0.150473
-0.0202096
-0.496497
-0.45775
-0.667974
NA
-0.555055
-0.251425
-0.252034
-0.858057
-0.856682
-0.265197
-0.529875
-0.11058
-0.47996
-0.0659313
0.00825641
-0.147337
NA
NA
-0.0873149
-0.469151
NA
0.0770395
0.00366659
-0.368429
-0.276367
-0.0601275
0.0160701
0.118702
-0.517014
-0.289822
-1.79697
-0.128502
-0.315059
0.0574989
-0.317299
-0.444816
-0.338688
NA
-0.0770677
NA
-0.65592
-0.18634
0.0634297
-0.29594
-0.201344
0.0693965
-0.371289
-0.507046
0.0498266
-0.632376
NA
-0.517146
NA
-0.24497
-0.140935
-0.16484
-0.0231783
0.0375905
-0.206647
-0.112112
NA
0.0224952
-0.0689178
-0.372197
NA
-0.077026
-0.038694
0.00210726
-0.518783
-0.888941
-0.117205
0.0135298
-0.314574
0.0398947
-0.606234
NA
0.716338
-0.619098
-0.0108315
-0.139256
-0.0933589
NA
-0.416594
-0.409658
-0.155273
-0.411868
-0.612374
-0.220034
0.0937279
-0.333881
-0.129497
-0.197726
0.041663
-0.443466
0.0527929
-0.188935
-0.58803
-0.753562
-0.0966269
0.0562739
-0.862233
-0.34778
0.0360973
-0.568212
-0.456358
NA
-0.183917
-0.39041
-0.233026
-0.398584
-0.0407135
-0.573122
-0.299131
-0.74717
-0.752371
-0.0195857
-0.874464
NA
NA
4.89211
-0.29592
NA
-0.00134631
0.0651025
-0.3358
-0.436723
-0.0997326
-0.434767
-0.386377
-0.520928
-0.374814
NA
NA
-0.45203
-0.0439426
0.0401248
-0.732508
-0.189146
-0.164922
0.0442942
NA
-0.26739
-0.0527633
-0.00182158
-0.791685
-0.405802
NA
-0.0923139
0.0143715
-0.347763
-0.626141
-0.335166
-0.301298
-0.14015
NA
NA
-0.466891
-0.157511
-0.129108
-1.01891
-0.579481
NA
-0.527071
-0.397215
-0.110502
0.0420615
NA
-0.149611
-0.169694
-0.223715
-0.296077
-0.311661
-0.0462234
0.29555
-4.14846
-0.597271
-0.768882
0.0564415
-0.496103
NA
NA
NA
NA
NA
-0.413519
-0.497383
-0.0401509
-0.326329
-0.538668
-0.492596
-0.0599362
-0.264331
-0.546728
-0.413663
-0.387769
-0.0145499
-0.096287
-0.105709
0.0786472
0.0357604
-0.349352
-0.0849207
NA
NA
-0.0461898
NA
-0.392645
-0.240207
-0.267606
-0.171889
-0.244185
NA
NA
-0.089519
-0.169486
-0.180072
-0.575427
-0.659527
NA
-0.352663
-0.227524
-0.14792
0.0851816
-0.410822
-0.466954
-0.488093
NA
-0.0404316
-0.529892
-0.524405
0.0204473
NA
-0.555779
-0.402516
-0.692686
-0.22108
-0.5333
-0.170423
-0.410773
NA
NA
NA
NA
-0.25092
-0.208253
3.56869
-0.592091
NA
-0.66933
-0.683754
-0.156351
0.0195854
-0.0043566
-0.439832
-0.339715
-0.36034
-0.67856
-0.00149973
-0.117658
-0.29765
0.034023
-0.285699
-0.72716
-0.0671655
-0.297151
NA
-0.529776
NA
-0.552994
NA
-0.317747
-0.0673393
NA
-0.268278
NA
NA
0.0276865
-0.400321
-0.577415
-0.3971
-0.210253
-0.0560045
NA
NA
0.0315108
0.0157075
NA
-0.106231
0.0185267
-0.348907
-0.192352
-0.368174
-0.345584
-0.207808
0.0809214
-0.124609
0.0753408
-0.218383
-0.228409
-0.502392
NA
-0.286225
-0.27685
-0.564857
-0.328397
-0.295523
-0.361483
-0.314735
-0.348245
NA
0.0219667
NA
-0.322519
NA
-0.61838
-0.057561
0.0595892
NA
-0.368812
0.236997
0.0489997
-0.0347828
NA
-0.218681
-0.125557
0.0720753
NA
-0.389466
NA
0.00887819
-0.102675
NA
NA
-0.345526
0.0108721
-0.327747
0.0707998
0.0221761
0.0848077
-0.209892
-0.0641638
NA
0.0681551
-0.496702
-0.157405
-2.71089
NA
-0.401489
0.0946071
-0.00605736
-0.068375
-0.683505
-0.0710314
-0.355994
-1.11381
NA
NA
-0.157806
0.0247986
-0.319201
-0.772335
-0.817835
-0.526326
-0.0448294
NA
-0.108274
NA
NA
-0.0216675
-0.0678187
-0.372665
-0.638597
-0.863144
-0.659581
-0.177166
NA
-0.456901
-0.246919
0.0106269
NA
-0.698097
-0.356154
-0.498417
-0.300452
NA
-0.500782
-0.181578
0.0261947
-0.751991
-0.509917
-0.526455
-0.348823
-0.123842
-0.435776
-0.394175
-0.127042
-0.0396959
-0.651594
NA
NA
-0.222971
-0.354782
0.248163
-0.354529
-0.512965
-0.0704935
-0.0745408
NA
-0.535483
NA
-0.274528
0.0907933
-0.312525
-0.318147
NA
-0.201343
NA
0.0808176
-0.251078
-0.0728354
-0.498452
0.0459455
NA
NA
0.0339699
-0.693779
NA
-0.560302
-1.33719
-0.255697
0.0836748
NA
NA
-0.0329
-0.319368
-0.0981315
NA
-0.417627
-0.411347
-0.589566
0.0702783
-0.836646
-0.0517862
-0.694702
-0.518961
-0.0695008
-0.0357241
-0.320717
NA
-0.0199344
-0.48617
-0.450568
NA
-0.155726
0.0369786
0.0508449
-0.278391
-0.0783385
-0.298247
-0.121842
-0.322975
-0.333371
-0.920789
-0.232467
NA
NA
0.198846
-0.269463
-0.00284536
NA
-0.233292
-0.464818
0.0470583
-0.208573
-0.180723
0.0786954
-0.521115
-0.209155
-0.330144
-0.474061
-0.258709
NA
-0.353924
-0.284597
-0.388566
-0.138644
0.0244122
NA
-0.39028
-0.92535
-0.920719
-0.230338
-0.648889
-0.153309
-0.219558
NA
0.137333
0.0500876
-0.62591
-0.156646
0.0725602
0.0654193
-0.0625732
-0.209293
0.0833527
-0.525936
NA
0.00678961
-0.813084
-0.216424
-0.116981
-0.202775
NA
-0.415365
-0.287056
-0.199726
NA
-0.384345
0.0146844
-0.181243
NA
-0.628281
-0.0769631
0.0872871
-0.110907
0.0580787
-0.452093
0.0505077
-0.431994
NA
NA
-0.746019
-0.114416
NA
-0.737465
-0.159946
-0.159704
0.218557
-1.14731
-0.552027
NA
-0.519653
-0.491175
-0.40692
NA
-0.296626
-0.470895
-0.130574
-0.380947
-0.410831
-0.436199
-0.28543
-0.293334
-0.340281
-0.326381
-0.291118
-0.134241
-0.26783
-0.105806
-0.458207
-0.0960408
-0.900568
-0.363933
-0.5765
NA
-0.363934
-0.118266
0.0255768
NA
0.0506094
-0.447871
0.0747071
-0.364899
NA
-0.52162
-0.326511
-0.591625
-0.397069
-0.283532
NA
0.0539728
-0.105082
-0.214436
-0.960361
-0.0970551
0.121984
-0.595191
-0.372351
-0.0983988
0.0809041
-0.28919
-0.0229888
-0.453072
-0.681868
0.23229
-0.471107
-0.314398
-0.36078
NA
-0.106624
-0.43463
-0.192139
-0.463344
-0.105188
-0.407545
-0.109583
-0.171638
0.0385312
-0.420986
-0.192633
-0.370701
-0.192504
NA
-0.353816
-0.327031
-0.577237
-0.543529
-0.34528
-0.0224033
-0.128443
NA
-0.334449
-0.0935948
-0.168382
-0.376853
NA
-0.190206
NA
-0.532863
-0.191694
-0.173961
-0.390419
-0.186072
-0.105312
NA
-0.0915282
0.00627062
0.0620186
-0.169816
0.0618477
-0.087131
-0.0224454
-0.336507
-0.200291
-0.204503
-0.193284
-0.220559
-0.392791
-0.0548334
-0.552118
-0.0931419
-0.582947
-0.851544
0.15542
NA
-0.218711
-0.580812
-0.0351248
-1.19989
0.0486204
-0.182409
-0.395312
-0.164808
NA
-0.463542
NA
0.0907169
-0.365654
NA
-0.349537
-0.472383
NA
0.438501
-0.516708
-0.623634
-0.388835
-0.499913
-0.351029
-0.31075
-0.82423
-0.0826614
0.0297745
-0.266206
0.0643581
NA
NA
-0.0803341
-0.467867
0.0555857
NA
-0.703232
0.0433084
-0.0488714
-0.66395
-0.630008
-0.251196
NA
NA
-0.0653088
NA
-0.0501748
-0.428563
-0.518543
-0.155835
-0.456451
-0.775727
-0.610239
-0.318912
-0.252753
-0.246675
-0.349146
NA
0.0154522
0.0425468
-0.217889
-0.113052
-0.544779
-0.120488
-0.408573
NA
-0.563427
0.0273895
-0.0914936
NA
-0.0137289
NA
-0.207781
-0.552633
-0.368972
-0.12647
-0.00569007
-0.139404
-0.433844
0.0406605
-0.547958
-0.0485876
-0.0621147
-0.432891
-0.207374
-0.221423
-0.503047
0.115072
-0.6333
NA
-0.589051
-0.414261
-0.15405
-0.495436
NA
0.0506233
-0.330081
-0.187556
NA
-0.572147
0.0598616
NA
NA
-0.256688
-0.118644
-0.558622
0.0498872
-0.730008
-0.431727
-0.0611635
-0.111773
-0.412382
-0.751487
NA
-0.0954923
-0.433877
-0.477629
NA
-0.580581
-0.638314
-0.381952
-0.154869
0.0248483
-0.612494
-0.600666
-0.0108183
-0.164378
NA
NA
-0.581308
-0.776132
-0.327137
-0.178918
-0.245584
-0.379279
NA
-0.148595
NA
-0.125804
-0.49864
-0.568636
-0.241079
-0.539305
-0.530457
-0.140937
0.0910262
-0.118014
-0.202517
-0.319044
-0.136439
-0.611475
NA
-0.13265
0.0443742
-0.402945
NA
0.0713102
-0.834077
0.243302
NA
NA
-1.07736
-0.487811
NA
-0.564323
NA
NA
-0.589673
-0.138843
NA
NA
-0.396806
-0.152018
-0.123343
0.0614549
-0.288634
-0.599956
-0.453092
-0.0598034
-0.00428538
NA
-0.420007
NA
-0.376615
-0.250485
0.0771998
NA
-0.284521
-0.295447
-0.0859787
-0.53738
-0.870094
-0.254905
-0.644004
-0.535971
-0.0811483
0.0479338
0.0786839
-0.229734
NA
NA
-0.506955
-0.37091
-0.105067
NA
-0.0440884
-0.319581
NA
NA
NA
0.0927927
-0.50708
-0.732284
0.0672904
-0.324583
-0.0176978
-0.628519
-0.16839
NA
-0.253
-0.0598929
NA
-0.460094
-0.885583
-0.762732
-0.346248
-0.00216827
0.0801896
NA
NA
-0.310968
-0.0357394
NA
-0.680902
-0.289264
-0.562407
-0.594137
-0.256139
-0.44827
0.0922855
NA
-0.300618
-0.0617529
-0.0615866
-0.384753
-0.5109
-0.547717
-0.766582
-0.158823
-0.250515
-0.39842
NA
NA
-0.601019
-0.214566
-0.193864
NA
-0.0489706
-0.148998
-0.0480437
-0.000877865
NA
NA
-0.286595
-0.0856111
-0.472684
-0.11177
-0.383882
-0.482595
-0.926214
-0.633764
0.0288734
-0.299348
-0.359389
NA
-0.31587
0.00678885
-0.555132
-0.382211
-0.113078
-0.51772
-0.286296
-0.884
NA
-0.33882
-0.490828
NA
-0.186169
-0.634443
-0.926019
-0.275392
-0.0708447
-0.101641
-0.330172
-0.344994
NA
-0.870458
-0.356427
NA
-0.560357
0.0511624
0.109437
-0.877904
-0.329974
-0.77242
-0.729804
-0.256051
-0.0223803
-0.397846
NA
0.0107735
NA
NA
-0.45788
-0.274444
-0.49021
NA
-0.239747
0.0744671
-0.407421
-0.0500833
0.0155309
-0.341311
-0.494733
-0.284815
0.000918779
-0.0299743
0.0573234
-0.505868
-0.203044
-0.0159497
-0.299592
0.0251914
NA
NA
-0.23958
-0.272146
NA
-0.359304
-0.040024
-0.150403
NA
-0.831896
-0.62904
-4.8311
0.0153383
NA
-0.441885
-0.19626
-0.491797
NA
-0.40723
-0.309714
-0.281853
-0.742667
0.294117
-0.311677
-0.232092
-3.97947
NA
0.0253803
-0.391179
-0.560785
-0.616897
-0.707588
-0.118652
-0.429443
-0.668247
-0.161611
NA
-0.29303
-0.247204
-0.278466
NA
-0.573932
0.383606
-0.0499766
NA
-0.637339
-0.582715
NA
-0.407742
NA
0.0433318
NA
-0.514275
0.00414767
0.0549014
-0.158686
NA
0.0156337
-0.349199
-0.308722
-0.333065
0.0333802
-0.000226039
-0.131651
NA
-0.686105
-0.146321
-0.392973
-0.380455
-0.07596
-0.569354
-0.197593
-0.219933
-0.208333
-0.101513
NA
-0.280673
-0.373255
-0.0317952
-0.0812888
-0.78281
-0.683537
0.0561139
-0.125547
NA
0.00330462
-0.632539
-0.417339
0.00522223
-0.0772928
NA
0.0156995
NA
0.0257531
-0.558067
-0.510544
-0.0625274
-0.239275
-0.319566
NA
-0.87465
-0.467308
-0.882648
-0.782384
-0.513618
-0.786792
-0.0117599
NA
-0.570019
-0.270549
-0.171731
-0.434179
-0.351963
-0.162013
-0.454145
-0.223522
-0.913104
-0.0687303
-0.322529
-0.273891
-0.0458777
-0.208371
-0.391269
-0.611555
NA
-0.062199
-0.239073
-0.47948
-0.543602
NA
-0.113741
-0.115434
-0.409429
-0.36995
-0.211946
-0.413732
NA
-0.940939
0.0657827
-0.826553
-0.159845
NA
-0.275121
-0.287598
-0.0320277
-0.147183
0.0159292
-0.325911
-0.255535
-0.184153
-0.697457
NA
-0.0735669
NA
-0.48058
NA
-0.455073
-0.313343
-0.00318383
-0.581529
NA
-0.80151
-0.0708053
-0.139041
NA
-0.237041
-0.441575
-0.95013
-0.245126
0.0157473
-0.149552
NA
-0.355782
NA
-0.487536
NA
-0.0630859
-0.813017
0.0127833
NA
0.0672015
NA
-0.335913
0.0298549
-0.167445
NA
-0.573909
-0.0770986
-0.562659
-0.277289
-0.548947
-0.432
-0.650902
NA
-0.395016
0.0741196
-0.479043
-0.36321
-0.168635
0.0706766
-0.683124
-0.263476
NA
-0.434764
NA
-0.144141
-0.0639348
NA
-0.592778
-0.179894
NA
0.0632256
-0.909225
-0.0561492
NA
NA
NA
-0.235906
-0.106036
-0.396944
-0.257373
-0.107051
0.0238383
-0.507832
-0.650271
-0.409626
-0.592073
-0.349386
NA
-0.734907
-0.129935
NA
-0.626376
0.0598153
-0.491316
-0.589442
-0.258296
-0.327822
NA
-0.738732
0.00859715
-0.302906
-1.17982
-0.317462
-0.241443
-0.546606
NA
-0.21431
-0.0946447
0.0663746
-0.605297
-0.0836192
-0.759672
-0.373363
-0.19848
-0.837816
0.0255911
-0.300821
-0.613294
0.014128
0.372687
NA
NA
-0.455567
0.105877
0.000237143
-0.342749
0.0775706
-0.300797
-0.0376259
-0.507015
-0.298028
-0.461895
-0.521538
-0.146681
-0.0665412
0.0278687
-0.152545
-0.545037
-0.283834
-0.105619
-0.427092
-0.41229
-0.444004
-0.291562
-0.415451
NA
NA
-0.531372
-0.239303
-0.707819
-0.0351468
-0.456292
-0.875224
-0.822695
0.05516
0.0061294
-0.0770385
-0.715005
NA
-0.56575
-0.072236
-0.131396
-0.12415
-0.584193
NA
-0.898302
0.054169
-0.554004
NA
NA
-0.298023
0.0336518
-0.343469
-0.193503
-0.180456
-0.0380016
NA
NA
-0.665613
-0.187754
NA
NA
-0.570989
-0.419198
-0.438976
NA
-0.447952
-0.269648
-0.136962
-0.580151
-0.473855
-0.000730068
NA
NA
NA
-0.49857
NA
NA
NA
-0.550093
0.0571529
-0.441496
-0.190828
-0.216743
-0.348527
-0.638523
-0.33456
0.0867273
NA
0.00870846
-0.319868
-0.290292
-0.417778
-0.515094
-0.700755
NA
0.0319132
-0.137542
-0.494258
NA
0.0225359
-0.413312
-0.18932
-0.307676
-0.380414
-0.0892112
-0.386374
NA
NA
-0.126935
-0.27511
NA
0.0694863
NA
NA
NA
-0.50203
-0.119271
-0.273424
-0.103651
-0.769975
-0.297817
NA
-0.679571
-0.596553
-0.166389
-0.24092
-0.579087
-0.189389
-0.106649
-0.168421
-0.489198
-0.480483
0.014284
-0.222528
-0.121623
NA
-0.488673
-0.26773
-0.518832
-0.805977
-0.310999
-0.35731
NA
-0.67588
-0.515081
-0.86001
NA
-0.283348
-0.669114
0.0410502
-0.602795
-0.00886507
-0.525229
0.0229406
NA
NA
0.0771062
NA
-0.310836
NA
-0.433577
-0.225448
-0.367172
-0.244262
-0.156479
-0.44436
-0.419347
-0.533863
0.0817241
-0.145278
NA
-0.374186
-0.54339
-0.46296
-0.0787863
NA
-0.245016
-0.635848
-0.492513
-0.865439
0.0495855
0.0056258
-0.648078
0.0396714
-0.23561
NA
-0.247045
-0.465672
-0.338741
-0.20716
-0.300699
-0.36138
-0.00251924
NA
-0.336722
-0.0325576
-0.801956
-0.256927
-0.556741
-0.325426
NA
-0.0304787
NA
-0.429422
-0.368033
-0.52053
0.0671938
NA
-0.28781
-0.228758
-0.0655831
-0.157453
-0.277787
-0.348664
NA
NA
-0.416716
-0.146627
-0.661313
NA
NA
-0.283916
-0.0224489
0.249717
NA
-0.488663
-0.727756
-0.667714
NA
NA
-0.610153
-0.723885
0.0453162
-0.930435
-0.310796
0.046183
-0.164398
-0.164884
0.0642846
-0.500284
0.0157096
-0.526328
-0.840611
-0.33157
-0.615812
-0.233596
NA
0.0784099
-0.260063
NA
-0.68727
-0.554501
-0.0178271
-0.47696
-0.156485
NA
NA
-0.312845
-0.320378
-0.315806
-0.13798
NA
-0.275919
-0.334211
-0.458554
-0.170561
0.0253603
0.0729566
NA
0.0545903
-0.328719
0.0489091
-0.2051
-0.883055
-0.479399
NA
0.206644
-0.123526
NA
0.0627422
-0.103841
-0.602351
-0.438752
0.0711436
0.0832982
-0.00628957
-0.402964
NA
-0.204336
-0.214668
-0.484528
-0.331291
-0.362731
NA
-0.444856
NA
NA
-0.637286
-0.758292
NA
-0.300634
0.0222513
-0.382885
NA
NA
-0.221508
-0.125728
-0.0374102
-0.346616
-0.302989
-0.205877
-0.468393
-0.135544
NA
-0.34816
-0.464545
-0.410921
NA
-0.354532
-0.418726
-0.241564
-0.0341203
-0.0412403
NA
-0.473315
-0.088289
-0.325391
NA
-0.152597
-0.142315
-0.59153
-0.293748
0.0915447
0.0450705
0.0784408
0.0558145
NA
-0.569445
-0.286327
-0.413736
-0.38227
NA
-0.42654
-0.217776
-0.912425
NA
0.0407742
NA
NA
-0.0919567
NA
NA
0.0511491
0.0928412
-0.227964
-0.288018
-0.308537
-0.895043
NA
-0.571901
-0.390076
NA
-0.354267
-0.68843
-0.326547
-0.436063
-0.376283
NA
0.0638252
-0.472182
-0.359155
-0.368944
NA
-0.182028
-0.682669
-0.631084
-0.767964
NA
-0.550035
0.256515
-0.213851
-0.428761
-0.835319
NA
0.0348901
NA
-0.261615
-0.477191
-0.617979
NA
NA
-0.672807
NA
-0.623169
NA
-0.517929
-0.46361
0.024012
-0.407052
-0.301183
-0.280169
0.0448904
-0.737804
-0.522212
NA
-0.334256
NA
-0.0574095
-0.173386
-0.285183
-0.748448
-0.157101
-0.318304
-0.599353
-0.309473
0.02533
-0.5471
-0.517091
-0.390371
-0.456766
-0.0460015
-0.200805
-0.281737
-0.629231
-0.0705854
-0.510713
-0.25806
-0.754517
-0.425396
-0.075164
-0.0702323
0.0246361
-1.06906
-0.497782
-0.468772
-0.606703
-1.02683
-0.235466
NA
-0.2046
0.0412223
-0.438371
-0.269151
-0.442511
NA
-0.400073
0.0175017
-0.509223
0.391669
-0.758273
-0.120842
-0.162651
-0.471825
0.0153765
-0.206498
-0.366981
-0.0248316
-0.305486
-0.45635
-0.614614
-0.543027
-0.578642
-0.232492
-0.498807
-0.331067
-0.175599
0.046392
-0.460035
-0.31189
-0.245209
NA
-0.0515377
-0.267356
-0.644993
-0.258124
-0.174152
0.0450883
0.0351579
NA
0.0247254
-0.807805
NA
0.0219153
-0.281908
NA
-0.0603776
NA
0.0158522
-0.537819
-0.257914
-0.0660705
-0.0829254
-0.22477
-0.0846741
-0.319429
0.0872258
-0.204423
0.101832
0.0347368
-0.0445758
-0.300251
-0.435457
-0.0853644
-0.50443
-0.445913
-0.261836
0.108284
-0.172697
-0.0787643
-0.0626828
NA
NA
NA
-0.301933
0.0680337
-0.139715
-0.451508
-0.735968
-0.430645
-0.325584
-0.304841
-0.110809
-0.0831268
-0.727605
-0.248186
-0.203354
0.0042515
-0.518683
-0.431282
-0.680243
NA
NA
-0.411732
-0.612682
NA
-0.647912
-0.313175
-0.556107
-0.0309853
NA
0.0257304
NA
-0.342635
-0.12701
NA
-0.326192
-0.0473808
-0.168367
-0.268004
-0.0311414
-0.346704
-0.0587979
-0.126657
0.0156781
-0.268903
-0.206603
-0.030771
-0.491956
0.0155692
0.0375067
-1.08973
-0.0517066
-0.209609
0.0268664
-0.69332
0.0225737
-0.477574
0.03467
-0.229891
-0.624327
-0.418965
NA
-0.605503
NA
-0.302841
-0.529954
NA
0.0611643
NA
NA
-0.513612
-0.136785
0.0677362
-0.264283
-0.199145
-0.29807
-0.517292
-0.289476
-0.0665579
0.0238485
-0.765151
-0.369708
0.00207379
-0.0384319
-0.302081
0.0786756
-0.289703
-0.203583
-0.092788
-0.53358
-0.145296
NA
NA
-0.285131
-0.0334033
-0.753177
-0.806272
NA
-0.134339
-0.551828
-0.574478
-0.0534858
-0.147404
0.0789678
-0.360588
-0.722868
-0.184268
-0.497044
0.0753923
-0.598199
-0.32229
NA
0.0650637
-0.433028
NA
-0.659145
-0.398818
-0.503255
-0.214094
NA
-0.552987
4.78006
-0.407503
-0.195289
-0.528071
-0.81327
-0.421807
-0.282871
-0.489152
-0.251811
0.00246149
-0.0858466
-0.165949
-0.352946
NA
NA
-0.528394
-0.071538
-1.15974
-0.0182035
-0.0764098
-0.356501
-0.42191
-0.442743
-0.162388
0.0389192
-0.432602
NA
-0.297157
-0.178142
-0.759658
-0.227286
-0.327931
-0.26588
NA
NA
0.0316925
-0.345469
-0.259823
-0.362826
-0.459829
0.515991
0.0281953
-0.23886
-0.212191
-0.109454
-0.0825356
-0.293193
-0.351812
NA
-0.178132
-0.60813
-0.267076
-0.429313
-0.579843
-0.529689
-0.197568
NA
-0.114219
NA
-0.255682
0.0249988
NA
-1.18808
-0.00279103
NA
-0.267699
-0.752281
-0.372163
NA
-0.224841
0.065098
NA
-0.541479
-0.290527
-0.507889
NA
-0.165761
-0.0860846
-0.434369
-0.482315
-0.689848
-0.112721
-0.232844
-0.0752189
-0.176729
NA
-0.179914
-0.142701
-0.338063
NA
-0.322043
-0.13759
-0.59202
-0.204394
-0.589679
-0.244754
-0.306018
-0.0651589
-0.259913
-0.166628
-0.305663
-1.31802
-0.0765694
-0.182083
-0.235013
-0.252996
-0.346275
-0.473493
-0.270917
-0.315369
0.0288779
-0.229428
-0.826201
-0.577863
0.0888358
-0.316756
-0.566931
0.0155806
0.035918
-0.863053
-0.229042
-0.206636
-0.107898
-0.520936
-0.0146557
-0.254665
-0.099287
0.0158282
-0.166621
NA
-0.4653
-0.585941
-0.353803
-0.110503
-0.32222
-0.381961
-0.146351
-0.121153
-0.284279
0.0535637
-0.0390667
0.0252814
0.201509
-0.622278
-0.597089
-0.436473
0.116476
-0.502456
-0.312629
NA
NA
-0.317669
-0.0722528
-0.0681984
-0.622299
NA
-0.213247
NA
-0.390874
0.0786436
0.00139843
0.0824924
0.0541531
0.0711847
-0.404813
-0.361947
-0.439247
-0.112365
NA
-0.34476
-0.487298
-0.27449
-0.0479272
-0.0627024
-0.608101
0.0762709
-0.328666
-0.129095
-0.28747
-0.457402
-0.333774
-0.141238
-0.838004
-0.478059
NA
-0.061747
-0.651091
NA
-1.05472
-0.192719
-0.127916
-0.356099
-0.515897
-0.540463
-0.387458
-0.387224
-0.316666
NA
-0.100746
-0.369037
0.0155224
NA
-0.120308
NA
-0.809006
-0.320645
NA
0.0240917
-0.343672
-1.06099
-0.00518605
-0.502652
-0.194208
-0.16412
-0.116671
0.02179
-0.2998
-0.671342
-0.28512
-0.111633
-0.0805949
-0.628348
NA
0.0702287
0.0780573
-0.402292
-0.749396
NA
0.0430498
-0.716363
-0.122168
NA
NA
-0.0352404
-0.393131
-0.310456
-0.530358
0.0791654
-0.399021
-0.287435
NA
-0.842692
NA
-0.51448
-0.447234
-0.145901
-0.478666
-0.205248
-0.0053443
-0.407279
-0.565688
0.0853843
0.055209
NA
-0.829029
-0.344704
-0.577224
-0.301034
NA
0.0701378
NA
-0.491416
-0.16099
-0.300963
0.00953671
-0.319764
-0.409991
0.0265809
-0.200689
0.0449627
-0.645451
0.0360419
-0.144015
NA
-0.284498
-0.716949
-0.271558
0.0101568
-0.109918
-0.47956
NA
NA
-0.620409
-0.178996
NA
-0.884532
-0.021388
NA
-0.274069
-0.706223
-0.184652
-0.0921196
-0.192525
-0.295409
-0.230028
-1.07845
0.167544
-0.26032
0.0391887
-0.707325
0.0540872
-0.452799
-3.41176
NA
NA
-0.191386
-0.00454936
-0.512839
-0.0319067
NA
NA
-0.304205
-0.522663
-0.362216
-0.0880422
-0.521106
-0.538336
NA
-0.464435
-0.188932
-0.306228
-0.279701
-0.0692627
-0.301786
NA
-0.228456
-0.163693
-0.860541
-0.255066
-0.286324
-0.420912
-0.558271
-0.58451
NA
-0.155202
-0.386629
-0.169574
-0.32773
-0.191613
-0.354874
-4.45815
0.0766199
-0.0690621
-0.258008
-0.344204
0.0593474
-0.67179
0.75392
-0.33647
-0.647743
-0.416099
-0.355055
-0.114888
-0.247046
NA
0.0819262
0.00223055
-0.170697
-0.451623
-0.480066
-0.643069
-0.0441366
-0.306622
-0.315536
0.0171308
-0.266186
0.143991
-0.614852
-0.095099
-0.352258
-0.289313
NA
-0.679512
-0.289317
NA
-0.475727
-0.579886
-0.243467
-0.792554
0.0140827
-0.509463
-0.57426
NA
-0.0281939
-0.0870291
-0.223261
-0.341954
NA
-0.301834
NA
-0.443986
-0.50022
-0.368092
NA
-0.472015
-0.0063194
-0.421204
-0.0951709
-0.493738
NA
NA
0.0777779
NA
-0.582289
-0.360662
-0.367456
-0.249733
-0.0974597
NA
0.0714526
-0.346782
-0.52968
-0.178857
0.0646595
-0.380494
-0.0594594
NA
-0.215711
-0.151703
-0.154797
-0.0518215
-0.453521
NA
-0.137738
NA
-0.836854
-0.220171
0.0174662
-0.16192
NA
-0.117901
-0.269884
0.0332148
-0.21418
-0.17204
0.0372989
NA
-0.128191
-0.528798
-0.750232
0.00371461
-0.240043
0.0711688
-0.949002
-0.0602794
-0.328005
NA
-0.332872
-0.183537
-0.392307
-0.289064
-0.0458547
-0.202156
-0.385165
-0.296435
-0.597449
-0.247994
0.0154754
0.0726384
0.0377884
-0.603411
0.0451089
-0.0347946
-0.246795
-0.312357
NA
0.0108996
NA
-0.423376
-0.296866
-0.24599
-0.166862
NA
-0.234749
-0.479109
-0.416162
NA
-0.400535
-0.555218
-0.284235
-0.51267
NA
NA
-0.775184
0.0730853
-0.76001
-0.294362
NA
-0.603182
-0.0404931
-0.454384
-0.497724
-0.297592
NA
-0.275131
NA
NA
-0.116662
0.112666
-0.355868
-0.167268
0.0845265
NA
0.0274874
-0.0130451
-0.616641
NA
-0.0304817
-0.202382
0.0250241
-0.264283
0.0186885
-0.262185
NA
-0.279842
-0.309251
-0.315943
NA
NA
-0.530125
NA
-0.0761811
0.0413478
-0.189414
-0.203764
-0.299172
NA
-0.132566
0.10675
-0.515127
-0.391306
0.0833659
-0.470104
0.0862219
-0.032104
-0.204316
-0.0836267
NA
-0.679831
-0.459997
-0.206712
-0.636148
-0.306856
-0.391785
-0.353833
-0.760373
-0.0986751
NA
NA
-4.56718
-0.0723146
-0.386453
-0.546292
-0.00751317
-0.236362
-0.111741
-0.336765
0.076855
0.0312861
NA
-0.232139
-0.447164
-0.393484
-0.27468
0.0498437
-0.251484
-0.389391
-0.0407284
0.0507131
NA
-0.410672
NA
-0.506603
-0.292056
-0.9961
-0.237741
-0.436206
-0.647256
-0.242591
-0.148346
-0.210129
-0.337626
0.00972772
NA
NA
NA
-0.571873
0.181803
-0.140722
-0.0213387
-0.212416
NA
-0.499616
-0.381777
-0.538899
NA
-0.169576
-0.137175
NA
-0.150448
-0.0298571
-0.109214
-1.0363
-0.432605
-0.433036
NA
-0.0824537
-0.134174
NA
0.0151859
0.0726231
NA
-0.650007
-0.598392
NA
0.000298346
-0.662293
-0.353086
-0.371452
-0.229067
-0.39894
NA
-0.259548
-0.0625444
-0.144526
-0.0130116
NA
0.00433378
NA
-0.0623441
-0.669983
NA
NA
0.0249862
0.0176909
-0.655983
-0.0145282
NA
-0.244532
-0.050188
-0.297692
-0.430322
0.0468041
-0.346351
0.0158673
NA
-0.260869
-0.30078
-0.283063
-0.174861
NA
-0.229035
-0.105718
NA
-0.394043
-0.281235
-0.245398
-0.546148
-0.214389
0.0820832
NA
-0.232516
-0.101853
0.0642958
NA
-0.150297
0.0606009
-0.130286
-0.129513
NA
-0.455982
-0.812585
0.0546446
0.0424216
-0.685758
-0.255698
NA
NA
-0.234341
-0.560801
NA
-0.341794
NA
-0.0406486
NA
-0.155552
-0.164177
0.0750952
-0.334821
-0.626787
-0.0680466
-0.150826
-0.129959
-0.376522
-0.131756
-0.340829
NA
-0.0307079
-0.188587
-0.409859
NA
0.0563936
0.0114828
NA
NA
-0.116222
NA
-0.359194
-0.389696
-0.289003
-0.195394
NA
-0.874472
-0.479479
0.0674461
-0.156095
-0.348537
0.0519988
-0.383801
NA
-1.08125
-0.186351
-0.323614
NA
-0.711042
NA
0.00299823
-0.579228
NA
-0.197643
-0.26186
-0.172328
-0.0724695
-0.945114
-0.16001
-0.0458626
NA
0.0372884
NA
-0.254164
NA
-0.222348
0.0389677
NA
-0.15076
-0.692674
-1.07878
0.0158461
-0.758133
-0.381429
-0.167111
-0.236451
NA
0.034821
-0.431611
NA
-0.172769
-0.173275
-0.266486
-0.237747
0.119284
-0.294716
-0.443652
-0.137064
-0.360133
0.0862289
-0.512262
-0.374762
0.0625455
-1.4291
-0.416287
-0.0962646
-0.26729
0.0732024
-0.3754
NA
-0.281792
0.121575
-0.154066
-0.484331
-0.455655
-0.452412
-0.0101145
-3.53141e-06
-0.321564
-0.469006
-0.12444
-0.159798
-0.554874
-0.290058
-0.421069
-0.233176
-0.133714
0.0870659
-0.404121
-0.411336
-0.568891
-0.486792
-0.458351
-0.46273
-0.00591661
-0.553805
NA
NA
-0.201171
-0.368164
-0.214212
-0.38072
-0.34224
0.0588
NA
NA
0.034021
-0.403398
-0.0248897
-0.238628
-0.144035
NA
-0.324007
-0.00393442
-0.317236
-0.4497
-0.677716
-0.66739
NA
0.0485736
-0.198196
-0.573715
-0.179613
NA
-0.315847
0.0154274
-0.397776
-0.117173
-0.464894
-0.152931
NA
-0.445337
-0.372609
NA
NA
NA
-0.514201
-0.416272
NA
0.0202828
-1.16552
-0.241909
-0.324189
NA
-0.245786
-0.162507
-0.383398
-0.388281
-0.0910405
0.00371509
-1.04864
-0.156995
NA
NA
-0.267612
-0.317122
-0.311002
-0.66976
NA
0.147903
-0.275132
0.0231482
-0.470124
-0.509598
0.0255858
-0.145006
NA
0.00480869
-0.66485
-0.190367
0.0462192
-0.144518
-0.13105
-0.840341
-0.149473
NA
-0.439755
-0.0227595
-0.399226
NA
-0.801803
-0.666205
-0.468492
NA
-0.335604
NA
-0.183286
0.0265746
-0.20217
-0.639718
-0.323745
-0.601069
-0.548333
-0.119406
0.0482724
-0.22242
-0.25808
0.0161653
-0.454191
-0.416577
-0.508786
0.0279603
0.0925658
-0.16644
NA
-0.811521
-0.0217615
NA
-0.0183025
-0.250784
NA
-0.244651
-0.310983
NA
NA
-0.256232
NA
-0.605532
-0.164522
-1.01153
-0.319759
-0.470507
-0.144854
-0.492348
-0.117905
-0.351403
-0.504777
-0.258162
NA
NA
0.0129302
-0.401339
NA
-0.301878
-0.421298
NA
NA
-0.101726
-0.533347
NA
-0.978429
-0.289787
-0.0388001
-0.160595
0.0630698
-0.394185
-0.714545
-0.494991
-0.38421
-0.00562228
-0.363111
-0.318392
0.0155184
-1.05401
-0.0388882
0.025932
-0.382132
0.0665901
NA
-0.567773
-0.022813
-0.813812
-0.337531
-0.487727
-0.155674
-0.240956
NA
-0.515548
-0.172021
-1.25289
-0.149539
0.0711828
NA
0.5141
-0.119176
-0.523275
-0.101341
-0.465012
-0.677237
-0.603524
NA
-0.386578
-0.361829
-0.236018
0.0269879
-0.5607
-0.399617
-0.648133
-0.304813
-0.38018
NA
-0.442797
-0.439634
NA
NA
-0.494008
0.0893577
-0.106379
-0.293877
-0.457802
-0.645781
-0.982829
-0.693957
NA
-0.30892
-0.858323
-0.58238
-0.363217
-0.0225231
-0.339471
-0.447334
-0.594991
-0.416583
NA
-0.544932
-0.163981
-0.232786
-0.508651
NA
-0.430998
-0.453323
NA
-0.0411182
-0.378927
NA
-0.252441
NA
-0.00325416
NA
-0.230037
-0.330299
-0.0373701
NA
0.0108347
-0.330072
-0.463044
NA
-0.372328
-0.115071
0.0320424
0.0622562
-0.42583
-0.651107
NA
-0.000765806
NA
NA
0.313568
-0.494306
-0.372209
0.188897
-0.54785
-0.491057
NA
-0.35883
0.0533613
-0.146926
-0.683657
-0.328464
-0.0363728
0.00233911
-0.566805
NA
-0.250066
-0.824884
-0.775395
0.0508207
NA
-0.697024
NA
-0.076341
-0.450491
-0.658308
-5.03678
-0.142485
-0.210854
-0.0470548
NA
-0.105187
-0.152809
NA
NA
-0.658702
-0.39313
-0.0467706
NA
NA
-0.480488
-0.656522
-0.626023
-1.08575
-0.179603
-0.462805
-0.168536
-0.670157
-0.0498172
-0.371715
-0.0527369
NA
-0.491191
0.0837098
-0.39561
-0.0698253
NA
-0.0962597
0.00236345
NA
NA
-0.194256
0.0164171
NA
-0.00739371
-0.000617397
NA
NA
-0.150391
-0.463567
-0.426746
-0.409024
-0.142477
NA
NA
-0.310077
-0.487943
0.0654754
-0.205399
NA
NA
-0.0648472
-0.551953
-0.315069
NA
NA
-0.187091
-0.410386
NA
NA
-0.243414
-0.372304
-0.203665
-1.57756
-0.478006
-0.214047
-0.397711
-0.434407
0.00714703
0.0676661
-0.280704
0.247529
-0.786959
-0.345991
0.0637174
-0.188075
0.0518509
-0.135109
-0.748953
NA
-0.33495
-0.511856
NA
NA
NA
NA
-0.109133
-0.879729
NA
-0.331845
-0.45361
NA
-0.329528
-0.454146
-0.531707
-0.394558
-0.591028
-0.386788
-0.274052
NA
0.0269197
NA
NA
0.101725
-0.350427
0.727645
-0.800712
NA
-0.216408
NA
-0.225045
0.0495456
-0.515518
-0.31348
-0.451012
-0.391022
-0.20491
-0.298578
-0.0987517
-0.272484
2.99365
-0.460401
NA
-0.540425
-0.786064
-0.18221
-0.510701
-0.40688
-0.142078
-0.350624
-0.65878
NA
-0.16621
-0.453342
-0.0623744
NA
0.0484871
-0.90924
-0.454113
-0.933536
-0.346325
NA
-0.51994
0.770168
0.215985
-0.26743
NA
-0.405331
-0.525532
-0.726145
-0.0336624
NA
-0.0171029
NA
-0.380275
-0.0746542
-0.447531
-0.595453
0.112534
0.0810517
-0.322698
-0.11028
-0.342533
-0.441883
-0.46514
-0.55245
-0.0826999
NA
0.0527561
-0.220421
-4.49526
-0.068209
-0.65842
-0.804326
-0.350104
-0.113066
-0.716295
-0.373471
-0.53265
-0.601648
NA
-0.592453
NA
-0.5987
NA
0.30034
-0.464304
-0.216304
-0.128076
-0.0654852
-0.427146
-0.695605
-0.248254
-0.569872
0.023786
-0.0273973
-0.239717
NA
-0.269521
-0.575882
-0.130925
NA
0.0873542
NA
-0.310993
-0.426074
-0.0327262
NA
-0.375314
NA
NA
-0.395631
0.015988
-0.0712044
0.0501703
-0.217815
-0.850413
-0.52889
0.0235764
NA
0.0684591
NA
-0.595325
0.0402248
-0.26834
-0.324742
0.0672597
NA
-0.877441
-0.462067
0.0616164
-0.113562
-0.142326
NA
-0.472421
-0.289007
-0.715348
-1.14958
0.393648
-0.09997
0.0724548
-0.399299
0.0216291
-0.144138
0.0571236
-0.396845
-0.328893
-0.357536
-0.0796694
-0.33308
-0.129599
-0.340828
-0.315978
0.0610935
-0.291811
-0.249627
-0.117613
-0.392847
-0.220249
-0.34279
-3.67349
-0.178705
-0.160102
-0.496773
-0.0344053
-0.343512
-0.0180315
NA
NA
-0.0380368
-0.364552
-0.343613
-0.428615
-0.0173043
0.0764015
-0.103249
-0.402832
-0.170727
0.0366686
-0.227471
-0.0175584
-0.335075
-0.898137
NA
-0.155082
-0.714306
-0.204815
0.0138237
-0.514571
-0.946326
NA
0.0922342
-0.48483
NA
NA
-0.626392
-0.676434
NA
-0.110995
NA
NA
NA
-0.0515566
-0.578065
-0.39433
0.21797
-0.23135
-0.356843
-0.0124282
NA
-0.322006
-0.485648
NA
0.0103413
-1.32006
0.0869167
-0.166252
-0.363617
0.0893873
NA
-0.628355
-0.140851
-0.150764
-0.0125677
-0.203832
NA
-0.432832
-1.09853
NA
NA
NA
0.0457151
-0.67218
-0.800755
NA
-0.33638
0.0795689
-0.32997
-0.337603
-0.17929
NA
NA
-0.39269
-0.617819
0.034194
-0.556
NA
-0.736279
-0.387667
-0.0680295
-0.52465
NA
-0.694595
-0.0716408
NA
NA
NA
-0.575875
0.0245356
-0.751758
NA
-0.844944
-0.0045191
-0.120149
NA
-0.0340222
NA
0.045014
-0.00160535
-0.0193145
-0.301167
-0.119629
NA
-0.378495
-0.0194227
-0.25689
-0.627122
-0.187892
-0.712299
0.0804105
0.074861
-0.733591
-0.392879
-0.163931
-0.583065
0.095373
-0.746718
-0.74588
0.0541326
NA
-0.636199
-0.489187
-0.409158
NA
-0.234613
-0.722147
-0.105414
-0.427803
-0.409863
-0.660187
NA
-0.175613
-0.437505
-0.346284
-0.74813
-0.372215
-0.420871
-0.00343352
-0.0932679
0.0706924
-0.0163576
-0.0981132
0.0111628
-0.742879
-0.726006
-0.0770179
-0.1871
-0.84134
-0.447929
NA
-0.520081
NA
-0.890504
NA
-0.118244
-0.237066
-0.21838
NA
-0.434016
-0.675368
-0.230949
NA
-0.377438
-0.0957855
-0.755643
-0.243124
-0.394344
0.0681902
-0.363106
0.0635837
-0.193535
-0.211614
0.0252791
NA
-0.661695
-0.531891
-0.102226
NA
-0.444087
0.064974
0.0054113
-0.417581
-0.543964
-0.497701
NA
-0.00785929
-0.104448
-0.603202
-0.55607
-0.483529
-0.0252897
-0.353722
-0.47904
-0.0404148
0.0204834
-0.437662
-0.805877
-0.425163
NA
NA
NA
-0.241887
-0.158463
-0.37951
-0.368989
NA
-1.01244
-0.100954
-0.165989
-0.324571
-0.509759
-0.308611
NA
-0.551025
NA
NA
-0.0506167
NA
NA
-0.58188
-0.0617705
-0.369202
-0.19
0.0158746
-0.155597
-0.0452617
NA
0.0513678
NA
-0.744073
-0.185761
-0.652373
-0.188634
-0.388251
-0.569337
0.0556027
-0.00798789
-0.531632
0.0943224
-0.534224
-0.905496
-0.462015
NA
-0.349727
0.0965
0.0161136
-0.285757
-0.308369
-0.327032
-0.645793
-0.604184
NA
-0.299577
-0.755512
-0.217827
0.0930944
-0.131362
-0.750723
-0.306789
-0.59516
-0.399691
NA
-0.650074
NA
NA
-0.0214626
-0.223403
NA
-0.218083
0.158677
-0.240682
NA
-0.508539
-0.109467
-0.392082
-0.00663207
0.080848
0.0354685
NA
-0.811862
-0.620342
-0.161787
-0.441101
-0.0794717
0.021153
-0.412476
-0.240175
-0.271453
-0.618171
-0.115289
-0.202006
NA
-0.32585
NA
-0.448231
-0.0880513
-0.579046
-0.292477
-0.662588
-0.517781
-0.386461
0.0787098
-0.673383
-0.783179
NA
-0.16833
-0.269203
NA
-0.131747
NA
0.0152972
-0.702835
-0.446361
0.0219555
0.0716068
-0.446206
-0.32153
-0.152695
-0.102847
0.371545
-0.391531
-0.267848
-0.452798
-0.0956721
-0.398089
-0.633012
-0.173998
0.0765265
NA
0.834879
NA
0.0332893
-0.751223
-0.838023
-0.52219
-0.473053
-0.0800165
-0.1117
NA
-0.183553
-0.3425
-0.846455
0.0743537
-0.127878
-0.49581
-0.330211
-0.489161
-0.531812
NA
0.036627
-0.257365
0.0255292
NA
-0.195451
-0.484644
-0.36716
-0.098297
-0.184019
NA
-0.617044
-0.501341
-0.638067
-0.351539
-0.138274
-0.72217
-0.625324
-0.280208
NA
0.119882
-0.436799
-0.296058
-0.342136
-0.123485
0.0222871
-0.550094
0.0256144
0.0155328
-0.162917
-0.841002
NA
-0.253275
NA
-0.44561
-0.124428
-0.120495
-0.0529097
-0.624028
NA
-0.250187
0.00629263
NA
-0.110437
-0.413974
-0.150001
-0.273018
NA
-0.00720586
0.0447197
NA
0.0767901
0.0039491
0.045272
-0.451986
0.05224
-0.290748
-0.136238
-0.104144
-0.895655
-0.0553747
-0.341283
NA
-0.338337
-0.30105
-0.405162
NA
NA
NA
-0.204846
-0.348712
-0.552431
0.0537495
NA
-0.361725
-0.409372
-0.210811
-0.115214
-0.212825
-0.562611
-0.20631
NA
-0.166366
-0.373141
-0.401009
0.0480602
NA
NA
-0.328878
-0.0309722
-0.16807
-0.245377
-0.28006
-0.0277519
-0.252018
0.0927213
-0.759739
NA
-0.34627
0.017461
-0.373422
-0.0669765
-0.41176
-0.12548
-0.123003
-0.467188
0.0563429
-0.875124
NA
NA
-0.0186476
-0.086435
-0.432701
-0.266876
-0.113091
-0.403569
-0.204081
NA
-0.630101
-0.458363
NA
0.0435796
-0.651679
NA
-0.299986
NA
-0.186578
-0.810929
-2.94668
NA
0.0244245
-0.0305608
NA
NA
NA
-0.334831
-0.699544
-0.524049
-0.507312
0.0345526
-0.405438
0.0956222
-0.109341
-0.0783509
-0.499142
-0.563426
-0.132084
-0.544354
-0.840881
0.0656918
-0.343282
-0.178685
-0.402458
-0.0516081
NA
-0.0497203
-0.677665
-0.160576
-0.94481
0.0530588
-0.168361
-0.0968175
-0.0819866
NA
-0.710244
0.0762066
-0.333694
-0.266735
NA
-0.620266
0.0741581
-0.911627
-0.115638
-0.0133694
0.0245255
-0.424259
NA
-0.496395
-0.675039
-0.123263
0.0363308
-0.0867976
-0.288969
0.065794
0.0335569
0.0514186
-0.295066
-0.802712
-0.656269
-0.201391
-0.470334
-0.241122
NA
-0.27301
NA
-0.0903755
0.0575108
-0.390548
-0.254642
NA
NA
-0.0528908
-0.408207
-0.250539
-0.519382
-0.933383
-0.102724
-0.436411
-0.833198
NA
-0.309851
-0.442805
-0.248394
-0.0563154
-0.816356
-0.285876
0.0443185
-0.303017
-0.966615
NA
-0.860529
0.0529251
-0.316885
NA
-0.144154
NA
-0.328266
-0.521514
-0.320003
-0.568043
NA
-0.246431
-0.429518
NA
0.165256
-0.0942504
-0.142085
-0.662862
-0.169026
NA
NA
NA
-0.3068
-0.658889
NA
NA
-0.462631
-0.358257
-0.26519
-0.718444
-0.480451
NA
-0.283031
-0.393485
-0.335259
-0.257045
-0.118697
-0.35362
-0.157713
-0.709517
-0.0282145
-0.279275
-0.53929
-0.0631108
0.058294
NA
-0.721296
-0.493691
0.023831
-0.847981
0.0211579
-0.493369
NA
-0.606054
-0.189402
NA
-0.213174
-0.588514
-0.0118887
-0.258283
-0.608551
-0.829868
-0.292003
-0.395403
-0.494047
0.0164109
-0.457699
NA
NA
-0.274908
-0.17301
-0.282494
-0.147477
NA
-0.478658
-0.3221
-0.492724
-0.541466
-0.491668
-0.216592
-0.521482
NA
NA
-0.216084
0.0535334
-0.150696
-0.543506
-0.217831
-0.712186
NA
-0.404134
0.0200669
-0.0873585
-0.331141
-0.411388
-0.273989
-0.61404
-0.397006
0.0672673
0.00531998
-0.0992399
-0.8295
-0.518866
-0.616599
-0.0522072
-0.0450191
-0.191797
-0.0793824
-0.193974
-0.418441
-0.00169266
-0.0821644
-0.447566
NA
-0.858589
-0.27089
-0.584349
0.0479887
-0.538862
NA
-0.117201
-0.178173
NA
-0.52389
-0.470996
-0.166808
-0.229306
-0.173501
-0.601076
-0.618355
-0.557018
-0.461167
-0.481579
-0.50456
-0.233793
-0.21188
NA
0.0655834
-0.2156
-0.531165
0.247419
0.00211072
NA
-0.884616
-0.422068
NA
-0.61611
-0.393793
-0.17017
NA
0.0608906
-0.317213
-0.169744
-0.664833
-1.23992
0.052779
0.075572
NA
-0.632531
-0.707492
-0.0336794
-0.3761
NA
-0.278946
0.0502675
-0.313516
NA
-0.571083
-0.494408
-0.287684
-0.54394
-0.0215957
-0.445505
-0.524449
-0.323431
-0.526204
0.0262275
-0.0907778
NA
NA
-0.0354753
NA
NA
-0.142638
NA
0.0275203
-1.05464
-0.771489
-0.412812
-0.805092
-0.27824
-0.537964
-0.889351
-0.0125524
0.00948863
0.0628727
-0.321204
-0.339782
-0.271975
-0.381756
-0.709621
-0.64239
NA
-0.201086
-0.570234
-0.263983
-0.773892
-0.406849
NA
NA
-0.537114
-0.592125
-0.030102
-0.290932
-0.542195
NA
-0.460577
NA
0.00686553
NA
-0.442335
-0.655934
NA
-0.565385
-0.576227
0.0511697
-0.12819
-0.800864
-0.145846
-0.516172
NA
-0.119943
-0.0939592
-0.39009
-0.544789
-0.195156
-0.153654
-0.291601
-0.500689
-0.595762
-0.186901
-0.255673
-0.434203
-0.137666
-2.41549
NA
-0.358415
NA
-0.388601
-0.0988963
-0.629113
-0.28262
NA
-0.240167
-0.0556811
-0.320287
-0.47344
-0.2037
0.0488821
-0.0488337
-0.101713
0.0750556
-0.101094
0.0575388
NA
0.0585242
-0.681223
-0.47127
-0.254708
-0.828688
-0.217765
-0.427571
NA
NA
NA
0.212588
-0.383104
0.217085
-0.512837
-0.281067
-0.230069
-0.332984
-0.290426
-0.418577
-0.302284
NA
-0.486917
-0.08948
-1.10303
NA
-0.27551
0.0755998
-0.113834
-0.612033
-0.227306
-0.315941
NA
NA
-0.368463
-0.389429
-0.0155092
-0.0375229
-0.398314
-0.709202
-0.837265
-0.212761
-0.476398
-0.311602
-0.0618977
-0.766588
-0.0468869
-0.486376
NA
-0.204362
NA
-0.462665
-0.45784
-0.121417
-0.119762
-0.500013
-0.533608
0.0205596
-0.119228
-0.43247
-0.129913
-0.34693
-0.225885
-0.638855
-0.293557
0.0870001
-0.265169
-0.138669
0.0973526
-0.501503
-0.548649
NA
-0.837629
0.0510194
-0.416575
NA
-0.625031
0.0470017
-0.327921
NA
-0.328979
0.000140527
-0.493526
NA
NA
-0.0336683
-0.171876
NA
NA
0.0265491
-0.393425
-0.0923753
-0.365402
-0.268364
-0.183748
0.0274625
-0.6449
0.058247
-0.418786
-0.0133657
-0.554507
0.0388491
-0.284552
0.0979701
NA
-0.547087
-0.266826
0.0884868
-0.611349
NA
-0.0898705
0.0677171
NA
-0.0935976
-0.440355
-0.335498
NA
-0.332737
-0.870624
NA
-0.44767
-0.323025
-0.425902
-0.303176
-1.65701
-0.303855
-0.115429
-0.315117
0.0493749
0.0627353
-0.599259
-0.0293441
-0.4834
-0.612341
-0.529142
NA
-0.385646
-0.216171
-2.337
-0.699847
-0.20917
-0.503071
-0.377505
-0.0703771
NA
-0.474199
-0.133034
NA
NA
-0.275732
NA
-0.17582
-0.246948
-0.658169
-0.0213712
-0.272389
-0.219551
NA
-0.801879
-0.133212
-0.119655
-0.11882
-0.123289
-0.474463
-0.640751
-0.0896203
-0.251035
-0.277338
-0.634436
NA
-0.116391
NA
-0.302259
-0.628702
-0.44238
-0.147369
-0.20323
NA
-0.216645
-0.36633
0.0806887
NA
-0.140175
NA
-0.386659
-0.56797
-0.303924
0.0939456
0.0197008
-0.75524
-0.00981596
-0.307964
-0.534332
0.014622
NA
0.0180838
-0.483295
-0.441079
-0.321948
-0.272266
-0.372735
-0.636975
-0.445677
NA
-0.255467
NA
0.0366697
-0.469948
-0.265701
-0.55508
-0.223831
NA
0.0816726
-0.601599
NA
-0.243663
-0.302854
0.0667608
-0.613412
-0.695009
-0.313902
NA
-0.237149
-0.084217
8.49913e-05
NA
0.089975
-0.701735
-0.175018
-0.421274
NA
-0.706314
NA
0.052617
-0.00901601
0.022201
-0.289428
-0.663553
-0.405481
-0.355231
NA
NA
-0.214728
NA
-0.112636
-0.496168
-0.135719
0.0275663
-0.53879
-0.41269
NA
NA
-0.35096
-0.326617
-0.22905
-0.330526
NA
-0.132204
-0.750114
NA
-0.197787
-0.0295578
-0.331189
NA
-0.159622
-0.365555
NA
0.0422553
-0.385092
-0.430254
0.0569655
-0.214944
-0.847247
NA
NA
-0.460671
-0.261722
NA
NA
-0.191802
NA
-0.282778
NA
-0.456834
NA
-0.252591
0.0912963
NA
-0.156161
-0.162077
0.173235
-0.685122
-0.0907693
NA
-0.665812
-0.478987
0.0649147
-0.372179
NA
0.252911
-1.24502
-0.259083
-0.221597
-0.448542
NA
-0.332317
NA
-0.335325
-0.575981
NA
0.0716856
-0.445363
0.186544
NA
NA
-0.802453
-0.407917
-0.455265
-0.363284
-0.225412
NA
-0.0162515
NA
NA
-0.701253
NA
0.0564824
-0.0632565
0.159914
NA
-0.211464
-0.300532
-1.15066
-0.340996
-0.215803
0.0209976
NA
-0.0731486
-0.899839
NA
0.00955771
-0.384025
-0.0583481
NA
NA
-0.602542
0.189509
-0.134148
NA
-0.54025
-0.184909
-0.670937
0.0250824
NA
-0.297811
-0.0948634
-0.375399
-0.640955
-0.73476
-0.7621
-0.0862529
-0.378236
-0.230137
-0.29169
-0.23235
0.0219322
NA
0.0268256
-0.0908826
-0.342819
NA
0.0948298
-0.116419
-0.10669
-0.57602
-0.324275
-0.0232561
-0.223192
-0.598182
-1.33469
0.19706
NA
0.0761215
-0.21826
NA
-0.935769
NA
-0.528948
-0.534892
-0.623789
NA
-0.303194
0.00828335
-0.202581
-0.326512
-0.504721
-0.755557
0.0438528
-0.0113437
NA
-0.655615
-0.304037
NA
-0.483751
0.0577693
-0.0230345
-0.119311
0.00921779
NA
NA
-0.121489
NA
0.0159362
0.0645952
-0.322154
-0.429611
-0.696994
-0.260408
-1.11139
-0.375221
NA
-0.611113
-0.680106
-0.255298
-0.223404
NA
-0.579081
-0.357777
NA
-0.578783
-0.355829
-0.217935
-0.364187
NA
-0.0397029
NA
-0.177513
0.0521046
-0.2689
0.0273564
-0.30706
NA
-0.238769
-0.827355
-0.246006
-0.745451
-0.350548
0.169971
-0.0357563
-0.223381
-0.364917
-0.398659
-0.0836446
0.0159354
0.0746205
-0.483519
0.0761034
NA
-0.211701
-0.257171
-0.265447
-0.00783252
-0.481132
-0.311549
-0.402771
NA
-0.0969766
-0.925569
-0.106534
0.0114028
-0.099743
-0.543913
-0.746593
NA
-1.1204
-0.359753
-0.120077
-0.571675
-0.0685878
NA
-0.143054
-0.868679
NA
-0.0923452
-0.145582
NA
NA
-0.338774
-0.411821
-0.0120626
0.0658222
0.0236133
-0.0380499
-0.928999
-0.25919
-0.105405
-0.243015
NA
0.0534882
NA
-0.195431
-0.68304
-0.460823
-0.395482
-0.623079
-0.6813
NA
NA
0.0248102
-0.482494
-1.01605
-0.889481
-0.319192
0.118355
-0.365442
-0.332942
NA
NA
-0.428609
-0.684129
0.0160661
0.0215961
-0.535655
-0.865398
0.0385923
-0.0575259
-0.306755
-0.455986
-0.377434
0.0503751
-0.257675
0.0438296
-0.646251
NA
-0.359682
-0.188815
-0.179197
NA
-0.178948
0.0837808
-0.0278091
-0.160188
-0.0951693
-0.167823
-0.061685
-0.27902
-0.348872
NA
NA
NA
NA
-0.152946
NA
0.057737
-0.215769
NA
-0.212405
0.0455153
NA
-0.178687
NA
-0.325053
-0.10318
-0.648273
-0.865489
NA
-0.592076
-0.615117
-0.405076
-0.473757
-0.225247
0.0117887
-0.0630516
-0.289773
-0.680415
-0.218306
-0.15757
-0.52359
-0.595847
-0.111625
0.469005
-0.745077
0.15641
NA
-0.278786
-0.337665
-0.500116
0.0561447
0.056101
-0.511457
0.0977861
-0.161208
-0.266166
-0.0452515
0.0097957
NA
NA
-0.315088
0.0297403
-0.267649
NA
-0.5536
-0.688312
NA
-0.497453
0.0864784
-0.384311
-0.152512
-0.580194
NA
-0.550696
-0.324172
-0.0724911
-0.662674
NA
NA
-0.145098
NA
-0.0949601
NA
-0.461449
-0.262228
-0.95551
-0.0769951
0.0161728
-0.278727
-0.531345
-0.111887
-0.518197
-0.134672
-0.503959
0.240309
-0.122029
0.0654416
-0.0187843
-0.894913
NA
-0.171522
-0.473085
0.0244313
-0.416864
-0.420243
-0.588051
0.0633686
NA
-0.723296
-0.121822
NA
NA
-0.55793
0.0132286
NA
-0.12786
-0.121494
-0.108562
NA
NA
-0.305003
NA
-0.495032
0.0747973
-0.0532
-0.467569
NA
-0.109019
NA
-0.145355
-0.0715803
-0.182821
-0.893123
-0.29883
-0.631981
0.0156852
-0.718846
-0.348585
-0.918946
-0.551725
-0.606184
-0.198027
-0.00376743
-0.765788
NA
NA
-0.421016
0.083914
-0.221485
0.0173739
NA
NA
NA
-0.368108
NA
-0.0130993
-0.247324
-0.480532
-0.0212134
-0.100931
-0.359684
0.0272039
-0.948461
-0.100181
-0.0205532
0.0133545
-0.808947
0.0411217
-0.326027
0.0869009
-0.536056
-0.377254
NA
-0.150144
-0.22003
-0.51517
NA
-0.510075
0.0575027
-0.281307
0.0584347
-0.117572
-0.502238
0.0589425
-0.157706
-0.563804
0.0251943
NA
NA
-0.325753
-0.30765
-0.0489411
-0.997186
0.00737295
-0.130901
-0.0752458
-0.179905
0.0402197
-0.783423
-0.656214
-0.32408
-0.502866
-0.185525
-0.470176
0.00389225
-0.0273932
-0.345646
0.0276451
-0.0291021
NA
-0.802676
-0.713819
-0.0867361
-0.196522
-0.483731
-0.152212
-0.0794465
-0.326631
-0.00795713
-0.227528
-0.182872
-0.461818
0.0992763
-0.788102
-0.170366
-0.254296
-0.679713
-0.373654
-0.553834
-0.584778
-0.713372
0.0617347
NA
-0.379211
0.0457413
0.064493
-0.516257
NA
0.0210984
-0.729477
-0.0994701
0.0767542
-0.771358
0.0810303
-0.0614452
NA
-0.439534
0.0751695
NA
NA
0.0186686
-0.970646
-0.10006
-0.0401339
NA
0.0701243
-0.553335
0.0335205
0.641072
-0.35018
NA
NA
-0.173099
-0.572039
-0.163048
-0.0180556
0.0553673
-0.284862
-0.432916
NA
-0.252576
-0.092022
-0.486354
-0.896591
-0.746271
NA
-0.119723
-0.2813
-0.0162191
-0.38813
-3.72262
-0.150722
-0.313236
-0.748206
-0.182932
-0.0555667
-0.516589
-0.203899
-0.522951
-0.237768
-0.181101
-0.314584
NA
-0.732453
-0.798531
0.0246385
-0.156055
-0.129152
-0.558705
-0.635439
-0.203011
-0.218287
0.0468866
NA
0.0917956
NA
NA
-0.318558
NA
-0.272279
-0.557732
-0.631048
-0.480035
NA
NA
-0.416961
-0.554149
0.0552073
-0.337386
-0.125254
-0.101754
-0.140265
-0.44138
NA
-0.527814
-0.376769
-0.130794
-0.316436
NA
-0.029765
NA
NA
-0.240277
NA
0.06043
-0.669278
-0.127407
-0.321426
-0.280887
-0.0205156
-0.00301407
-0.0366839
NA
-0.190907
-0.0495653
-0.269647
-0.377114
-0.677549
-0.324744
0.0136991
-0.350036
NA
-0.227364
-0.814964
-0.678274
-0.166045
-0.0583121
-0.377106
0.082738
-0.660205
0.0394702
-0.528055
0.032539
-0.362638
0.0211859
-0.0252585
-0.619957
-0.635689
NA
-0.401556
-0.433429
NA
-0.154323
-0.432854
-0.302419
0.039611
-0.268887
-0.523438
-0.195213
NA
-0.678619
NA
-0.462576
-0.266055
NA
-0.333003
0.0966876
-0.198549
-0.128218
0.017488
-0.275479
-0.152265
NA
-0.232016
-0.714753
-0.297142
-1.26073
-0.166454
-0.476905
0.0418763
-0.431864
NA
NA
-0.58168
-0.488288
NA
-0.192828
NA
-0.287068
-0.221093
-0.494985
NA
-0.212862
-0.222637
NA
-0.453588
0.0158276
-0.532831
-0.376609
-0.350508
-0.0362205
NA
-0.676794
-0.136544
-0.560419
-0.270471
-0.640147
-0.264411
-0.327628
-0.956574
-0.62161
-0.26239
NA
-0.762377
NA
-0.275664
-0.447002
-0.22395
-0.314875
-0.429077
NA
-0.437506
-0.471141
-0.0500044
-0.603272
0.0266132
-0.326201
-0.295286
-0.733594
0.0325458
NA
NA
-0.264502
-0.211066
0.0576635
0.0874249
NA
-0.268193
-0.233194
-0.510581
-0.270219
-0.34013
-0.402817
-0.386541
-0.215607
-0.0992765
-0.435016
NA
-0.241724
-0.326383
-0.726144
-0.506064
0.0217307
NA
-0.163549
-0.332999
-0.145078
-0.676365
-0.160209
-0.141149
0.0397969
-0.798401
-0.177732
-0.096773
-0.320157
0.0250234
-0.540964
-0.125411
NA
-0.182656
-0.351146
0.0164146
-0.564218
-0.233874
NA
-0.548372
-0.518877
-0.249821
-0.269114
-0.380312
-0.522551
-0.644506
NA
-0.578347
0.0366787
-0.309038
-0.273305
0.0213076
-0.393124
-0.00408748
-0.228532
-0.20504
NA
0.0383232
-0.028337
-0.299215
NA
-0.631398
-0.373723
-0.763567
-0.194998
-0.361971
-0.236527
-0.568669
-0.0177528
0.0158723
NA
-0.800854
0.00586611
-3.88904
-0.484684
-0.0463068
0.120885
-0.264037
-0.563795
-0.0700977
-0.373883
-0.111698
-0.765041
-0.641144
0.0757681
-0.43813
-0.666414
-0.526352
-0.721269
-0.13449
NA
NA
NA
-0.0744024
NA
-0.472951
-0.277473
0.0317511
-0.0666694
-0.68055
-0.366035
-0.776972
-0.740575
-0.515415
-0.158015
0.0577
NA
-0.0385175
-0.186023
NA
-0.279851
NA
-0.028555
-0.213418
-0.580578
-0.625664
NA
NA
-0.0518507
-0.198314
-0.319785
0.155328
-0.0613687
0.0620534
-0.650587
NA
NA
-0.239129
0.00429896
NA
NA
0.0153613
0.0139565
-0.331598
-0.266862
-0.479585
-0.130137
-0.278603
-0.171705
-0.436985
-0.19314
-0.480499
0.0696565
NA
-0.425236
-0.343286
-0.253473
-0.294949
0.0264895
0.0157545
NA
-0.206041
-0.485278
-0.406932
NA
-0.394235
-0.461579
-0.416775
-0.267613
-0.679215
-0.962786
-0.436795
-0.0359633
-0.475833
NA
-0.640122
-0.684566
-0.0164956
-0.267105
NA
0.066108
-0.872742
0.0530381
-0.0777141
0.0567085
-0.263528
-0.539638
-0.535531
NA
-0.0123189
0.0173187
-0.282929
NA
0.0496116
-0.260192
-0.248416
-0.442481
NA
-1.29938
0.0668853
-0.14852
-0.591371
-0.26379
-0.785797
-0.573208
0.0643798
-0.6404
NA
-0.35509
-0.355342
NA
-0.499152
NA
-0.378057
0.0096703
0.0429517
NA
-0.415558
-0.153938
NA
NA
-0.460857
-0.22118
-0.628904
-0.165195
-0.0459654
-0.467592
-0.4936
-0.435533
-0.361991
-0.147957
-0.100746
-0.127133
0.0629648
-0.33008
-0.126811
NA
NA
NA
NA
-0.55242
-0.183508
-0.00656312
-0.384539
-0.421105
-0.198284
-0.749417
-0.761114
NA
-2.00584
0.0211827
NA
-0.209578
-0.0959707
-0.371322
-0.202421
-0.210745
-0.300215
-0.320275
-0.0867462
NA
-0.575825
-0.144912
-0.244496
-0.206425
-0.580021
-0.327947
-0.0575931
-0.766175
0.0286525
-0.21728
NA
-0.535838
-0.0771643
-0.149047
-0.272166
0.0917857
-0.336364
-0.398899
0.071536
-0.0173123
-0.409956
-0.447385
-0.588383
-0.019163
-0.0419973
-0.302659
NA
-0.320223
-0.56772
-0.0949053
-0.134676
-0.126006
-0.584893
-0.540146
-0.534655
-0.0581978
-0.434393
-0.278771
-0.274574
-0.399923
0.0703049
-0.628638
NA
-0.084011
NA
-0.676641
0.0248291
-0.591803
NA
-0.419308
NA
-0.799293
-0.375082
-0.30721
-0.257889
-0.597656
-0.419536
-0.234892
NA
-0.511772
0.0611444
NA
-0.14688
-0.284623
NA
-0.273713
-0.972545
-0.268435
-0.0658659
-0.19061
-0.219081
0.0233483
-0.286948
-0.188844
0.0563986
NA
-0.341485
-0.466526
0.0213311
-0.187306
-0.63948
-0.27047
-0.231974
-0.229986
-0.287227
-0.285396
