0.145312
0.076285
-0.668553
0.109569
-0.498437
-0.541282
-0.422829
-0.0160989
-0.179079
-0.142994
0.295129
-0.0998546
-0.403282
-0.246339
-0.406016
-0.364621
0.0930184
0.0487381
NA
-0.307888
-0.199222
0.0259873
-0.406511
0.0237395
-0.599393
-0.19677
0.119623
0.0823644
-0.404854
-0.302682
-0.214944
NA
0.012897
-0.260506
NA
-0.178456
-0.485782
-0.572588
-0.265238
NA
0.0656733
-0.848848
0.071963
0.0236397
-0.0203112
0.135284
0.0810678
-0.211409
-0.106634
-0.74983
-0.438799
-0.58455
-0.422865
0.0232768
0.13223
NA
-0.0638474
0.0246879
NA
-0.266596
-0.148491
0.0737109
NA
0.242843
NA
-0.0323582
0.0747961
0.070327
0.0742749
-0.308221
-0.165799
-0.637
-0.0890644
-0.230414
-0.124079
-0.470439
-0.0554716
-0.29834
-0.015909
-0.110814
-0.00126474
-0.544923
-0.233317
-0.0283659
0.0487235
-0.528833
-0.275819
0.0273655
-0.527153
-0.327577
0.107946
-0.2629
-0.17996
-0.537576
0.120724
-0.244486
-0.466827
0.0355095
-0.0498858
0.0398986
0.0553205
-0.508874
0.0273855
-0.186658
-0.208177
0.11698
-0.0278325
-0.0711997
-0.044774
-0.271118
0.0406583
-0.92247
-0.00722031
-0.243422
NA
-0.0847306
0.0172486
-0.611265
0.020561
-0.495472
-0.109371
-0.0262581
-0.602132
-0.429564
-0.101433
-0.0184069
NA
-0.492712
-0.237274
-0.429137
0.0620172
0.0801976
-0.238398
NA
-0.0910039
-0.370333
-0.0751332
-0.75583
-0.30721
-0.659633
0.0160255
0.0225095
-3.94113
0.000871301
-0.175095
-0.125529
-0.30856
-0.356994
-0.106228
-0.256649
-0.0248234
-0.298358
0.0705083
NA
-0.13785
0.0205047
-0.307896
NA
0.0451708
0.0642486
-0.0879589
0.0870974
-0.543938
-0.182217
-0.422464
-0.395999
0.070112
-0.177959
-0.51246
-0.767485
0.0666306
-0.192258
0.0182885
-0.0952319
0.0461647
0.00969804
-0.411756
-0.190924
NA
NA
0.106675
-0.257118
0.0537465
-0.447662
-0.139687
-0.237742
0.089681
-0.463751
0.0162489
NA
0.0446532
-0.465286
-0.239883
0.0032596
-0.0815612
-0.415661
-0.690208
-0.182485
-0.105566
NA
-0.250082
0.0436881
-0.441826
-0.489537
-0.309599
0.0392563
0.0853561
0.00127786
-0.0783731
0.1036
-0.698812
-0.212532
0.0641397
-0.259348
0.0620439
-0.212391
-0.00206266
NA
-0.549212
-0.241683
0.0492751
-0.0450378
-0.595401
-0.255755
-0.288229
-0.093574
0.0441907
-0.826647
0.0634276
-0.0963313
0.0027562
-0.173082
-0.043514
-0.592308
-0.6739
0.0162184
-0.414692
-0.418936
0.0938737
0.0859449
0.0411008
0.0801657
-0.513356
0.0593737
0.0317587
-0.638204
NA
-0.208768
0.0779045
-0.14702
-0.372398
NA
0.0529583
-0.0851173
-0.554664
-0.130098
0.0825987
-0.518369
NA
0.0200397
-0.562212
-0.0273425
-0.178406
-0.146355
-0.000706306
-0.494306
-0.220053
-0.305012
0.0189382
-0.091112
NA
-0.184722
0.0649158
-0.0221191
-0.850344
0.0641577
NA
0.0453342
0.0777897
-0.0669708
-0.365934
0.0669815
0.0583231
-0.00157872
-0.267228
0.0254605
-0.352112
NA
-0.410513
0.0443781
0.0266709
-0.674732
-0.144265
-0.328081
0.0328658
0.231402
NA
0.0551833
-0.340098
0.20504
NA
-0.423546
-0.56649
-0.27695
NA
NA
0.0398299
-0.140146
0.0772855
-0.215984
0.0557667
0.0653936
-0.288423
-0.189648
-0.323563
-0.0289691
0.0418629
-0.424809
-0.35953
-0.411506
0.0641836
NA
0.0385693
0.0460418
NA
-0.29818
0.0767303
-0.618485
NA
0.0719531
0.0439888
-0.0119138
0.0238493
-0.36748
-0.198769
-0.393782
-0.151539
-0.114878
-0.017003
-1.48654
0.0844441
-0.831062
-0.0191033
-0.640695
-0.454691
-0.257202
-0.476646
-0.129587
-0.984798
NA
-0.766349
0.0698524
-0.220136
-0.0404172
0.0925164
-0.300211
-0.227075
-0.87895
-0.343673
-0.191656
-0.61437
0.0395473
-0.831217
-0.83132
0.0712767
0.0721188
-0.00441902
-0.674578
-0.180804
NA
0.0610722
0.0127222
-0.0419885
-0.360805
-0.381502
-0.0812216
NA
-0.111686
-0.331667
0.135672
-0.206598
0.179082
-0.115399
-0.114202
0.0808142
NA
0.00566846
-0.29735
0.0716226
-0.605531
NA
-0.213215
0.0599756
-0.528082
NA
-0.759323
NA
-0.175057
-0.562618
-0.312243
-0.707371
0.0807245
0.0760692
-0.398085
0.0187021
-0.217927
-0.854757
-0.0440082
0.0560149
0.0540169
-0.105539
0.0688233
-0.31316
-0.707734
NA
-0.390567
-0.237058
0.0105759
-0.0927072
NA
-0.110856
-0.266091
NA
0.0744799
-0.600459
0.0640379
-0.463813
-0.485529
-0.332691
-0.013969
-0.123816
0.0737796
-0.555882
0.0450841
NA
0.133821
-0.0114802
-0.533689
0.0460634
-0.103092
-0.848017
0.0620897
0.00948435
0.0838845
-0.952557
0.0729567
0.0712454
0.116384
0.00919909
-0.382877
-0.167663
-0.564598
-0.325467
0.06672
-0.416247
-0.25608
-0.368686
-0.452789
-0.633857
-0.283319
-0.82418
0.0241269
0.120543
-0.647839
NA
0.0985821
0.0678586
0.0913164
0.086135
0.0756435
0.0465416
NA
NA
-0.41085
-0.0767995
-0.171522
0.0834127
-0.215062
-0.629251
-0.00990418
-0.420844
0.0138134
-0.734964
-0.0899546
NA
NA
0.0793519
-0.334307
-0.161109
NA
-0.646085
-0.639827
-0.24615
0.0678012
-0.383857
0.116927
-0.191107
-0.0314982
0.0717125
-0.216091
0.00266565
0.0778001
0.0767328
NA
-0.150308
-0.743608
-0.544381
-0.279405
-0.240475
0.00630037
-0.00178581
0.0736801
-0.73112
-0.198761
NA
-0.413112
-0.439693
NA
0.101994
-0.447927
-0.217175
-0.488796
-0.301368
-0.230999
-0.113301
NA
NA
NA
0.0391486
-0.047955
NA
-0.0976396
-0.500647
-0.675575
-0.271671
-0.512786
0.0911834
0.0392931
-0.0137564
-0.593412
-0.271508
NA
0.0342637
0.0633687
-0.441594
-0.118018
-0.0933485
-0.182363
NA
-0.236007
-0.383004
0.0739594
NA
NA
0.0595954
0.0868311
-0.618789
-0.0186589
-0.354218
-0.232553
-0.703596
-0.105498
0.00111129
-0.276648
0.0674732
-0.323489
0.0536813
0.176249
-0.281793
-0.143341
-0.275065
0.0969094
-0.192241
-0.216668
-0.107919
0.079456
-0.497211
-0.105434
-0.447659
-0.104675
-0.304779
-0.0146578
0.0701001
-0.563604
0.0159287
-0.551774
NA
-0.194635
-0.453291
-0.438059
-0.190796
-0.0993476
-0.055962
0.0184083
-0.27696
-0.260345
-0.367925
-0.478111
NA
0.114657
0.0849982
-0.281462
0.0523556
0.0468175
0.240708
-0.975181
-0.130655
0.0678469
-0.0995129
-0.180001
-0.186348
-0.181281
0.0277806
-0.173703
-0.242273
-0.196357
NA
-0.618783
-0.680923
-0.472379
0.00482088
-0.644705
-0.504286
-0.205885
-0.467522
-0.0727286
-0.0668986
-0.167718
-0.387573
-0.447083
0.00927931
NA
0.0599414
0.294402
0.0355521
0.0568881
NA
-0.0740105
-0.607484
-0.0756817
-0.496377
-0.0669021
0.0101948
NA
-0.523455
0.0830128
-0.0847205
0.0170693
0.0842605
-0.0830146
0.0535252
0.0863953
-0.620236
-0.233732
-0.218813
-0.184741
-0.407332
-0.476051
-0.0354994
0.143585
-0.302954
0.105706
0.0798398
-0.536028
-0.19579
-0.0365677
NA
0.0656003
NA
-0.15238
0.0199102
-0.623083
NA
-0.391969
-0.376963
-0.258818
NA
-0.362848
-0.211154
-0.459354
-0.499322
0.113165
-0.455736
NA
-0.37298
0.0802328
-0.246468
-0.410485
-0.706719
0.0631458
0.0466771
-0.297423
-1.46038
-0.697455
NA
0.073564
-0.0976055
0.0792499
-0.354496
-0.0700897
0.308715
0.0224764
-0.278439
-0.387875
-0.310656
-0.222393
0.0653397
0.0964686
-0.489656
-0.177198
0.102932
-0.35821
0.0625469
-0.174086
0.00341892
-0.159976
-0.590099
-0.110261
-0.221786
-0.224569
-0.06682
NA
0.0401127
-0.170236
-0.116235
-0.21736
-0.302055
0.0381104
-0.197886
-0.538589
-0.170993
0.0671715
-0.539694
-0.209404
-0.502239
-0.164778
-0.555358
-0.625928
0.0392375
0.0618515
-0.629778
-0.737251
0.0558659
-0.295868
-0.682214
-0.121566
0.0599729
-0.496778
NA
0.0860266
-0.258741
-0.500652
-0.217984
0.0296967
-0.286496
-0.743049
0.0456653
-0.165173
-0.461535
0.0874955
0.0711853
-0.154601
-0.00265514
-0.250768
0.148466
NA
0.0173158
0.0468006
0.078774
-0.0448103
-0.0519108
-0.133522
-0.71084
0.076294
-0.0774137
-0.353863
-0.230531
-0.311006
-0.345168
-0.119974
NA
0.0457856
0.0617895
-0.475148
-0.299986
-0.132915
-0.0825613
-0.387642
-2.97
0.130294
-0.270832
-0.00989124
-0.652158
0.218671
-0.441667
-0.488664
-0.668613
-0.125549
-0.292846
NA
NA
0.0751057
0.0249796
-0.137748
0.0771411
-0.227984
-0.15939
-0.683521
-0.137618
NA
0.0330833
-0.556188
-0.113571
NA
-0.653528
-0.307997
-0.20189
0.0141968
-0.175449
-0.201581
-0.575412
0.114867
0.119475
-0.27429
NA
-0.515958
NA
-0.349818
-0.132127
0.0860499
-0.143481
-0.0383927
-0.268211
NA
-0.0377965
-0.17122
-0.230052
-0.236697
0.197826
-0.628566
0.0426274
-0.333921
0.0745913
-1.23726
0.0532654
NA
NA
-0.765299
-0.00368787
-0.307674
-0.732067
-0.602816
-0.0726008
-0.346907
0.0701511
0.0725671
-0.475385
0.0194577
-0.412898
-0.112478
-0.229414
0.0767972
0.0723884
-0.640091
0.0379834
0.00614355
0.0369907
-0.050781
-0.0253621
0.074058
-0.0536239
-0.00168513
-0.416966
0.0254284
0.108622
NA
-0.11606
-0.740662
-0.359274
-0.680134
-0.197306
-0.43574
0.108626
-0.728
-0.346982
-0.101038
0.0883841
NA
-0.105905
-0.133048
0.0215436
NA
0.0519535
-0.430082
-0.396404
NA
0.0704309
0.109443
-0.601508
-0.676642
-0.137585
-0.0238646
-0.374616
-0.28925
-0.0423014
-0.068223
0.00953886
-0.449071
NA
-0.373802
-0.063895
0.0448738
-0.00906413
-0.32314
0.0453391
NA
-0.381434
-0.145936
0.0736702
-0.268341
-0.314422
-0.0771399
-0.411784
NA
-0.420464
-0.13219
0.0690259
-0.075241
0.035833
0.0404696
NA
-0.509144
-0.195502
NA
0.0834504
0.070101
-3.6094
0.0221727
0.0465013
-0.328998
-0.182856
0.0457834
-0.573745
-0.345397
-0.225466
NA
-0.163017
-0.176564
-0.431506
-0.204447
0.0463012
-0.432409
0.0458195
-0.752175
NA
-0.129602
0.0069574
NA
-0.516676
-0.224578
-0.0547678
0.0733857
-0.335593
-0.202817
-0.473398
-0.347186
-0.369289
-0.296312
-0.0626979
0.0723758
0.0543614
0.0587927
-0.205473
-0.250437
-0.0827667
NA
-0.483609
-0.145142
-0.178619
-0.387131
-0.278719
0.00140598
0.0727163
0.109522
0.0447737
0.0478701
0.104283
0.080432
0.185662
-0.012113
-0.317352
0.0617414
-0.0898347
NA
-0.480768
-0.0431352
-0.314719
NA
-0.133363
-0.0955318
-0.206693
-0.445363
0.0479371
0.0716235
-0.000942298
0.0222448
0.0550269
NA
-0.154523
NA
-0.379743
-0.181583
-0.251218
0.0800221
-0.174226
0.175185
-0.0708227
NA
0.0793307
-0.0478197
-0.105916
NA
-0.529993
-0.463108
0.0857964
-0.724025
-0.415454
-0.0073534
0.0382888
-0.36582
-0.417606
NA
NA
-0.232614
-0.138686
-0.0370865
-0.148282
0.0527814
NA
-0.193908
0.0618633
0.120046
NA
0.0674848
0.0777265
0.0274795
-0.309586
0.164912
0.0518968
NA
0.117449
0.0167438
-4.31217
NA
NA
0.0396149
-0.0343202
-0.268058
0.120974
0.0562371
-0.688871
0.00970322
-0.349833
0.00356484
-0.588769
0.0436473
-0.240339
0.0191219
0.0414346
-0.314018
-0.683864
-0.306788
-0.144975
0.0756658
-0.0840187
0.0716341
0.0754684
-0.44783
NA
-0.185653
0.10363
-0.539257
-0.216826
0.0860935
-0.100276
0.0874843
-0.480713
-0.358508
NA
-0.00385252
-0.116149
-0.159603
-0.59333
0.0642668
-0.302806
-0.333324
-0.162095
-0.139576
0.0548758
-0.06939
0.0167542
NA
-0.536355
-0.807323
-0.14962
0.283022
0.0689508
0.0357688
-0.483876
-0.181137
NA
NA
-0.404954
NA
NA
-0.0954046
-0.225321
-0.145839
-0.540524
-0.124628
-0.337874
-1.12082
0.068152
-0.295355
-0.389144
NA
-0.842347
-0.823474
0.0183682
-0.248317
-0.165212
-0.536047
NA
NA
NA
-0.0687681
-0.0453405
-0.503105
-0.461599
0.0333887
0.0107249
0.0448377
-1.84488
-0.279588
-0.501771
-0.188767
0.0799255
-0.29438
-0.572873
-0.134343
-0.580874
0.0866665
-0.518297
-0.236932
-0.290995
0.0682687
-0.359593
0.0210348
-0.801509
0.0371958
-0.19866
-0.0106278
-0.206539
-0.00889727
-0.120323
-0.294526
0.0731015
0.0837809
NA
0.00824496
NA
0.134864
0.081517
-0.623465
-0.32162
-0.617637
-0.285382
0.133576
-0.150087
0.108051
-0.271954
0.0287139
0.0911474
-0.000882039
-0.254459
0.00437056
NA
0.0105385
-0.167433
0.0799262
-0.505553
-0.209471
-0.00682167
-0.548185
-0.0321816
0.0438808
-0.045226
-0.210331
0.0142254
-0.247288
-0.620122
-0.313281
0.0108815
-0.838017
-0.00414695
-0.379073
-0.177815
-0.881008
-2.73468
-0.149475
0.0449949
-0.00349129
-0.0394595
-0.112441
-0.0464674
0.055505
-0.275609
-0.556015
NA
0.0441489
NA
-0.284946
-0.398509
-0.2255
-0.283151
-0.486636
-0.710641
-0.137826
0.0979238
-0.217247
0.109074
NA
-0.0328897
NA
0.0476233
-0.00108562
-0.064194
-0.563775
-0.0164969
NA
0.0175909
-0.469424
0.0503218
NA
-0.111596
-0.312239
-0.39946
-0.127717
0.138917
-0.795976
NA
0.0528048
-0.0969485
-0.73559
-0.465738
0.0781219
-0.00559168
0.075028
-0.778105
NA
0.0680543
-0.107672
-0.509332
NA
-0.288155
0.021611
0.0751853
0.0160182
-0.30911
-0.162895
0.0527492
-0.397243
NA
-0.416103
0.0457205
0.0844798
-0.806166
-0.12019
-0.498765
-0.067889
-0.0299356
0.294647
-0.744871
-0.553244
1.36364
-0.178697
NA
-0.405861
-0.159057
NA
-0.1507
0.0429224
-0.628995
-0.0851917
0.0793918
-0.295673
-0.0635819
0.0839759
0.0439355
-0.123256
NA
NA
0.00369207
-0.476058
0.0645795
-0.496899
0.0441898
-0.205157
-0.33821
-0.422489
0.0312269
-0.2781
-0.614666
-0.322947
0.0705545
NA
NA
0.00416726
-0.577389
-0.67401
-0.188895
0.073473
-0.00542681
-0.435472
-0.365028
-0.565355
0.0735563
NA
NA
-0.152474
-0.154687
NA
-0.613768
0.0418286
-0.35545
0.0556933
-0.264246
NA
-0.368089
NA
0.0715948
-0.134301
-0.725231
-0.299557
-0.337477
0.0179417
0.0174647
-0.330374
-0.0260489
0.0513683
-0.188721
-0.629206
-0.0367066
-0.497796
0.0556228
NA
-0.0201938
-0.119159
-0.527453
-1.20048
-0.298942
0.0738749
NA
-0.180461
-5.766
-0.0117094
0.0468487
-0.108842
-0.400356
-0.705741
-0.529896
-0.0570157
-0.531136
0.0742949
-0.0774333
-0.524604
NA
0.047916
-0.404569
-0.265913
0.0738566
NA
0.0698584
NA
-0.517352
-0.0302168
-0.525392
-0.444733
0.0463468
-0.60147
0.0311075
-0.405538
-0.45034
0.019267
0.0966067
-0.303391
-0.68846
-0.0308828
0.0406352
-0.0416325
0.0483422
NA
-0.608887
-0.516941
NA
-0.232197
-0.351252
-0.0810419
-0.205075
NA
-0.332579
0.0434586
-0.265748
0.172614
NA
NA
-0.122111
-0.220673
NA
-0.104404
-0.133293
NA
-0.0385549
0.023172
-0.017367
NA
-0.202399
-0.400515
-0.403169
-0.0234052
-0.532963
-0.286827
0.0905916
0.0842287
0.0486363
-0.463088
-0.54353
0.0718085
0.0435462
-0.211376
0.00614413
-0.496258
-0.337754
-0.321781
0.0591197
-0.355061
0.0643248
0.142975
0.00376205
-0.274672
-0.0369482
0.0674628
-0.0559472
-0.496413
0.0731626
-0.473542
-0.340311
-0.0459458
-0.322643
-0.0903612
-0.42922
0.0404618
NA
-0.849468
-0.515048
0.0429298
-0.109971
-0.227757
-0.0253815
0.0520534
0.0880241
0.0533217
-0.422613
-0.0794358
-0.188226
-0.312059
NA
0.0817805
-0.708203
NA
0.0762982
0.072935
-0.638663
NA
-0.138594
-0.325213
-0.326124
-0.0979732
NA
-0.05807
NA
0.0792553
-0.097996
-0.567275
-0.761563
-0.176687
-0.513703
-0.205272
-0.194981
-0.430495
-0.0225828
0.0314818
0.04078
0.0885891
-0.00632492
-0.0661779
-0.704738
0.100357
0.0993706
-0.00111179
0.070083
-0.495282
-0.399128
-0.471776
0.0559157
0.0205863
-0.365641
-0.239849
-0.534604
0.105094
-0.46338
-0.119564
0.0258654
-0.221015
-0.371008
0.090326
-0.257174
0.0635968
-0.324085
NA
-0.169197
NA
NA
-0.277129
0.0448252
NA
-0.247448
-0.588449
-0.400646
0.029963
0.108014
-0.593896
-0.0729609
-0.204198
-0.433672
-0.166227
-0.110237
0.0569415
0.0243086
-0.385376
-0.410484
-1.18581
0.0788483
-0.802878
0.0363327
-0.0445835
0.069849
-0.63051
-0.0614445
0.158573
0.0552493
-0.258801
0.0772042
-0.127423
0.047154
-0.4706
-2.80205
0.022672
0.0900864
-0.888551
0.0452055
NA
0.0467719
0.0356392
NA
-0.0819259
NA
-0.607404
-0.405329
0.040126
-0.527438
0.0321903
-0.351281
0.021528
-0.151546
-0.191733
0.0483064
NA
-0.620187
-0.384753
0.121696
-0.0924669
-0.126488
-0.61796
-0.108912
0.0443123
NA
-0.0610438
0.00238858
0.0669507
-0.409968
-0.221753
0.129653
-0.381822
-0.407876
0.081624
NA
-0.423815
-0.588935
0.129306
NA
-0.398619
-0.258861
0.145345
0.375341
-0.358916
0.12535
-0.248823
-0.0665129
-0.127663
0.273853
-0.0690601
0.06847
-0.156803
0.09964
-0.525226
-0.0293549
0.104866
-0.474162
-0.0694307
-0.308971
NA
0.0220932
-0.939398
-0.301527
-0.150578
-0.30336
-0.40203
0.00303201
-0.491142
-0.0239404
0.0658549
-0.0589642
NA
NA
-0.152917
0.0381928
-0.0563937
NA
-0.0443919
0.0491617
0.0813973
0.0440294
-0.480404
-0.255973
-0.371794
-0.400478
0.105783
0.0768555
0.0728794
-0.366826
0.0369863
-0.459848
-0.365127
-0.361848
-0.304391
-0.328384
-0.347199
-0.319912
-0.303501
0.079879
-0.0630533
-0.119057
0.135739
NA
-0.480717
0.0760941
0.0627573
-0.0935079
-0.304697
-0.540539
-0.418131
0.0729653
0.0706973
0.904148
-0.29053
-0.164075
0.0788609
0.103656
0.0576912
-0.422393
0.0423115
0.0709558
NA
0.0714288
-0.295972
-0.655313
-0.34962
-0.145024
0.0584335
0.0855714
0.0647545
-0.0269778
NA
0.0625805
NA
NA
-0.110669
0.105445
-0.221805
0.0625075
0.0479988
-0.454405
-0.418934
NA
-0.147057
0.132773
-0.242412
0.0813476
-0.495936
-0.125342
0.0527028
-0.340109
0.0663922
0.0651509
-0.677462
0.0379972
NA
-0.137822
-0.192467
-0.267146
-0.236644
-0.141962
0.0729086
-0.250835
-0.319481
0.0266335
-0.283721
0.106667
-0.740325
-0.293174
-0.329499
-0.706283
-0.590238
NA
-0.210993
-0.736247
0.0716436
NA
-0.685217
-0.0489342
-0.144582
-0.360735
-0.522869
0.0685939
-0.0421144
0.0712269
0.0681608
-0.422568
0.00162437
-0.619654
-0.530823
0.0669021
NA
-0.287695
-0.142087
0.0450119
-0.659086
NA
-0.355472
0.114569
0.071793
-0.286829
0.048123
-0.167766
-0.0721377
NA
0.021532
-0.386037
-0.195578
-0.0454265
-0.508355
0.0901163
-0.298396
NA
NA
NA
-0.246278
-0.0231136
-0.424614
0.0810958
0.0275532
NA
-0.325791
-0.582406
-0.0859226
0.00229347
-0.646943
-0.353935
-0.331966
-0.631129
0.0863425
0.0738465
0.0768308
-0.54284
-0.541152
-0.404852
NA
-0.501568
-1.96366
-0.328037
-0.0817951
-0.0380617
-0.0403876
NA
0.0449917
NA
-0.2912
-0.136979
0.0343006
-0.47681
-0.375316
-0.618604
-0.537307
-0.185651
-0.0801025
NA
0.00101562
0.0866441
NA
0.0460891
0.0447013
0.0815894
-0.0775567
-0.360885
0.0482642
-0.343766
-0.220957
-0.0111966
-0.152579
-0.00592053
-0.290599
0.0448582
-0.439211
-0.220963
0.0461127
-0.363946
-0.191558
-0.273045
0.018881
-0.527294
0.0782212
-0.0316973
0.0954635
0.0712335
-0.00752741
-0.312754
NA
NA
0.0448056
-0.544448
-0.465656
0.0565126
-0.405441
-0.020253
-0.123437
-0.877502
0.0454716
0.00301677
-0.70546
-0.602831
-0.428394
-0.207075
0.0827921
-0.269436
0.0489892
NA
-0.00881282
-0.446016
0.00331748
-0.218401
-0.379691
0.0837834
-0.393249
0.0767354
-0.291716
0.0778886
-0.138327
-0.468438
0.0762248
0.0458425
-0.0821311
-0.747576
-0.0691814
-0.357401
-0.525646
NA
NA
-0.00272179
NA
-0.357652
-1.03937
0.0730404
-0.540568
NA
-0.349991
-0.611056
-0.0324551
0.0141625
-0.228062
NA
-0.244559
-0.42225
0.0486299
-0.304588
0.0954887
-0.155793
-0.729457
-0.105778
-0.101923
NA
-0.344681
-1.0281
0.0758851
-0.276169
-0.258661
-0.179231
-0.00197784
0.0733563
-0.0251594
-0.416919
-0.0430635
-0.36976
-0.0287362
0.0652916
0.0773703
0.0317547
0.0882519
-0.44817
NA
-0.00878237
-0.272439
-0.11783
0.0504421
NA
0.126155
0.0735291
-0.466678
-0.562636
0.0567288
NA
-0.00757078
-0.460708
-0.178147
-0.197951
0.0791437
-0.211454
0.0428609
0.00607807
-0.0807913
NA
0.0475354
-0.573722
-0.54667
-0.122301
-0.0709616
-0.309587
0.0918446
-0.0047178
0.04468
NA
0.065192
-0.0473553
NA
-0.260175
-0.0765596
NA
-0.372151
-0.458491
0.0209698
0.0731038
-0.26777
-0.0126944
-0.0375134
-0.297559
0.0768792
-0.0965094
0.0781695
0.00344225
-0.141812
-0.188527
-0.233247
-0.134451
-0.441063
-0.481806
-0.229769
0.0185553
-0.602891
0.0425795
-0.0559424
-0.00340268
-0.173071
0.0243919
-0.11777
-0.221153
-0.322424
-0.565984
0.00871932
-5.06173
-0.277234
0.042599
NA
NA
-0.183426
0.149145
-0.295366
-0.553496
-0.160372
-0.0795939
-0.158064
-0.599558
-0.200081
0.0766044
0.0514675
0.0644413
0.0204893
NA
-0.233434
NA
-0.277961
-0.537463
NA
-0.213626
-0.540575
-0.289007
-0.0717847
-0.80274
-0.373831
0.121609
-0.704076
0.0968368
-0.0141446
-0.33727
-0.475736
-0.261011
-0.136115
-0.514565
-0.441792
0.0205853
-0.0339137
-0.394513
-0.0241091
0.00607979
0.0133569
-0.278119
-0.833417
NA
NA
NA
NA
-0.799833
-0.501728
-0.367268
0.078372
-0.240701
-0.660237
0.352452
0.0744618
-0.165574
-0.447598
-0.528846
-0.115835
0.0687618
0.0578841
0.105899
-0.198412
-0.1306
-0.110416
0.0276115
-0.532157
-0.0469027
0.0623815
NA
-0.00614678
-0.32142
-0.481541
-0.294424
NA
-0.770399
0.0576437
0.0671925
-0.24402
-0.403098
NA
-0.0904844
0.0634101
-0.578279
0.0625237
-0.187543
0.178315
-0.883071
0.0767066
-0.129909
-0.200839
-0.0123521
0.0441005
0.0677518
-0.0293869
-0.615304
0.097342
0.0752257
0.0721419
-0.49429
NA
0.0751606
-0.013209
NA
0.0755819
-0.392528
-0.782342
-0.455833
-0.166794
-0.00659487
NA
0.0538307
0.066434
0.0821489
-0.311288
-0.904072
0.0398904
0.0699322
-0.598023
-0.171037
0.0833623
-0.363794
-0.0546993
-0.45556
-0.442437
-0.193669
0.0111966
0.0728975
-0.0302469
-0.537573
-0.188154
-0.169169
-0.210349
-0.0918792
-0.0163652
NA
-0.305666
-0.0573366
-0.00150184
0.0409386
-0.0292143
0.0590535
-0.629868
0.0404502
0.0847407
NA
-0.535068
0.0410747
0.230632
-0.370774
-0.0857042
-0.362191
-0.0426906
0.038238
0.289576
0.0389541
0.0303183
0.0118975
-4.88906
NA
0.0764024
-0.17058
0.0807624
-0.18708
0.0914571
-0.977097
-0.385776
-0.146829
-0.29882
0.0901683
-0.268296
-0.417469
-0.499067
-0.324671
-0.01532
-0.547922
NA
-0.817073
-0.0785392
0.0768739
-0.11071
0.00218207
-0.182183
-0.223735
-0.294872
-0.157841
-0.9567
0.0328673
0.0444329
0.0402389
-0.00756999
0.122872
-0.651106
-0.0513294
0.0931381
-0.533392
-0.459055
NA
NA
-0.481021
0.0913958
0.0440657
-0.344515
-0.243353
0.0933295
-0.208787
NA
0.0263192
-0.51392
0.0760524
0.073898
-0.471407
0.10544
NA
-0.399553
-0.509042
NA
-0.638467
0.0705837
0.0391046
NA
0.00120081
-0.0961808
-0.00566538
-0.271948
0.0620794
-0.263274
-0.520499
0.0863573
-0.263126
-0.691331
0.0958201
-0.389073
-0.208399
NA
-0.188945
0.00920446
-0.19053
-0.151632
NA
-0.304427
-0.643787
0.0565244
-0.316576
0.0448959
0.08175
0.0449929
0.109716
NA
0.0735816
0.025874
-0.348972
-0.277731
0.0985366
-0.496586
0.0658973
0.0397219
-0.293865
0.0697521
-0.0801253
-0.319232
0.0466535
-0.176418
-0.174414
0.0223143
-0.34731
0.237212
-0.233186
0.0841446
0.0617446
0.0887949
-0.0557086
-0.0782424
0.0798976
-0.175096
0.0687849
0.059913
-0.792203
0.0611066
-0.303486
-0.226307
-0.494266
-0.0824823
0.0694209
-0.0887842
-0.144144
0.0208824
-0.247038
-0.722509
-0.298229
0.116296
0.0178568
-0.692081
-0.115339
-0.643
-0.0170942
NA
NA
-0.369934
-0.18256
0.0336781
-0.495742
-0.0278181
NA
0.0710356
-0.0104004
-0.360755
0.0925554
0.0644488
-0.195345
-0.171121
-0.374722
-0.345669
NA
-0.550287
-0.215822
-0.345887
-0.115204
-0.00866806
-0.126006
-0.0476815
-0.697322
NA
0.0735112
-0.364022
-0.435601
-0.000620111
0.0448674
0.0673059
-0.121445
0.0959806
-0.541744
-0.118711
-0.380241
NA
-0.234175
0.0435103
0.0730511
-0.769774
-0.44846
-0.111828
-0.135493
-0.288291
0.0834454
-0.540823
0.0798025
-0.565589
-0.67707
-0.404638
-0.474838
-0.608711
NA
-0.442283
0.0716415
-0.182436
-0.372178
-0.145588
0.0265909
NA
0.081138
-0.093997
-0.550149
0.0709909
-0.0606076
0.0841087
-0.679976
-0.092511
-0.726995
-0.321243
-0.311981
0.0684791
0.0606811
-0.505466
0.0705382
-0.0545483
-0.292672
0.0961894
-0.433935
-0.614576
-0.403466
-0.375046
0.0970603
0.0920301
-0.0613706
-0.143704
NA
NA
-0.265615
-0.483064
-0.612355
NA
-0.260996
-0.432022
0.0677442
NA
NA
0.0239779
-0.0104936
0.0839659
-0.308828
NA
-0.401239
0.0420192
-0.491527
0.0157927
-0.0635332
-0.0171114
NA
0.000742948
-0.38927
0.0165507
-0.328444
-0.205192
0.0686249
-0.485424
NA
-0.0925789
0.0466595
NA
-0.293216
-0.368801
-0.262575
-0.660638
-0.331416
-0.51617
-0.6287
-0.819132
NA
-0.323233
0.0419368
0.0429397
0.149754
NA
-0.273858
NA
-0.129243
-0.109496
-0.424913
0.0144476
0.04139
-0.224701
-0.117296
0.0458894
-0.556371
0.169704
0.0794531
-0.529094
-0.252384
-0.179445
-0.0452711
-0.398674
-0.367784
-0.312406
-0.216333
0.059803
NA
-0.232013
-0.344326
-0.470283
-0.336485
0.0694858
0.0566083
NA
-0.239345
-0.865441
0.0223601
NA
-0.737766
-0.1988
NA
0.063876
-0.353933
-0.679395
-0.457852
NA
NA
-0.0849476
0.0229506
NA
-0.343276
-0.313584
NA
-0.544218
NA
0.0713142
-0.364571
0.0479084
NA
NA
-0.0822491
NA
-0.258532
NA
-0.0896211
0.0408909
-0.285356
-0.283774
NA
NA
NA
-0.219749
0.0661153
0.17555
-0.056718
NA
NA
0.024411
0.0734168
-0.387154
