-0.576313
0.0908675
-0.0635782
0.102001
-0.145345
-0.130464
0.0735112
0.0442074
-0.553496
0.0685165
-0.209798
-0.0927072
-0.195936
-0.215822
NA
0.0103301
-0.491556
-0.00516026
0.116296
-0.111718
-0.220695
-0.2629
0.0425795
0.135739
-0.0964845
-0.51049
-0.205733
-0.0655414
0.0131267
0.0868752
-0.242173
0.00472497
-0.00533463
-0.182335
0.0896768
NA
NA
0.0520175
0.00678427
-0.50629
0.0713601
-0.0865659
NA
0.0774054
-1.00972
0.0706986
0.0133569
-0.0977436
0.0548876
-0.0792933
NA
-0.742683
0.0314622
-0.71084
0.139083
-0.0542704
0.0150759
-0.0101187
-0.509601
NA
0.4392
0.123969
-0.0563858
-0.169218
-0.120053
-0.0646892
-0.389782
-0.11783
-0.272083
-0.148836
-0.127663
-0.260506
-0.0638817
-0.640805
NA
-0.302954
0.0356156
-0.473398
0.0580934
-0.19297
NA
-0.155329
-0.25385
-0.510129
NA
-0.573745
-0.276503
-0.151539
-0.292292
0.0592486
0.0970086
-0.0961808
-0.180424
NA
-0.974617
-0.381546
0.0612605
0.0791517
-0.0942222
0.0758575
-0.327214
-1.09546
-0.100098
-0.0178231
NA
NA
NA
0.0731038
NA
-0.134112
NA
-0.474006
-0.178124
-0.843091
0.0301674
NA
-0.0473553
0.237212
-0.0985481
-1.05033
-0.362848
-0.58455
-0.33109
0.13223
NA
NA
-0.123256
0.0644627
0.0220932
-0.0037998
-0.133876
-0.108105
0.0679135
NA
0.0807241
-0.163788
-0.0570003
0.0445362
0.121778
-0.0971159
-0.00441902
-0.148517
0.0723387
-0.0116404
-0.548377
-0.0512417
-0.055962
0.0573478
-0.324248
-0.366433
-0.0217271
-0.186728
-0.643152
-0.137478
-0.551882
0.169704
-0.00102871
-0.195026
-0.143341
-0.359274
-0.360885
-0.202062
0.0571449
-0.497211
-0.257692
-0.0799841
-0.254459
NA
-0.570494
0.648279
0.0452258
-0.626335
0.00974058
-0.0163652
0.0702458
-0.333373
0.0771425
0.0853372
0.0313676
-0.0668986
-0.688165
0.13887
0.0321903
NA
-0.278091
-0.183857
0.0910636
0.118662
-0.262989
-0.12874
NA
0.027967
0.0898981
0.03038
-0.199552
0.0115165
-0.418667
-0.0614445
-0.0819073
NA
-0.293117
-0.210255
0.0237638
-0.580159
NA
0.0298828
-0.351436
0.0402921
-0.178795
0.0655947
-0.496258
0.089681
-0.525635
0.0644991
NA
-0.000664102
-0.783593
NA
-0.491459
0.0479529
0.0754244
NA
NA
0.0286992
0.0490012
0.0611014
-0.178736
-0.132127
0.116927
-0.862604
-0.453182
-0.393199
-0.29406
-0.06939
-0.251021
-0.124133
NA
NA
-0.557558
-0.269657
0.0463984
0.104718
-0.512157
NA
0.0794553
-0.153045
-0.330824
0.0879948
-0.283821
-0.414692
-0.418936
0.104769
-0.477374
-0.0322283
-0.328922
NA
-0.54719
-0.236412
0.0782135
-0.180665
0.0213369
0.0747522
-0.471101
0.0400699
NA
-0.381603
-0.113653
0.0442249
0.0441768
0.0887241
0.045089
-0.239723
-0.478348
NA
-0.213542
-0.0498327
0.0725896
-0.288126
-0.166103
