0.109997
0.0725066
-0.732067
0.0480758
0.0633687
-0.708203
-2.32066
0.072935
-0.388647
0.0430499
-0.574452
-0.134163
-0.349602
0.0162184
-0.097996
-0.00501511
-0.0214057
0.0569084
-0.324736
4.93543e-05
-0.439693
-0.191309
0.0628835
-0.343324
-0.636792
-0.167766
-0.646988
0.0596438
0.0131125
0.0496637
0.0532654
-0.188767
-0.0355431
0.1036
-0.572873
-0.0918661
-0.179845
-0.212532
0.00251254
-0.378331
0.0673253
0.0501626
-0.265615
0.0332979
-0.281104
-0.0847474
-0.29213
0.107175
-0.132127
0.0517413
0.0445286
-0.0854636
NA
-0.35252
0.067437
-0.0278628
-0.530039
-0.274672
-0.0634163
-0.0277501
-0.0986913
-0.217389
-0.243764
-0.0879589
-0.00990418
-0.231063
-0.193386
0.0312338
-0.634821
-0.185805
0.0122162
0.160394
0.0565245
-0.210993
-0.432682
-0.0366331
-0.393164
-0.151647
-0.297986
0.0688381
-0.0752036
-0.59232
-0.0026437
-0.20749
-0.44343
0.0313676
-0.113756
-0.00942367
-0.622482
-0.253663
-0.0727286
0.0405458
-0.363411
0.0706965
-0.0760122
0.0360904
-0.08476
-0.669634
NA
0.0441489
0.0752269
-0.812031
-0.108588
-0.270561
-0.670267
0.0175917
0.0615398
0.0353987
-0.220911
-0.0614445
-0.00881282
-0.595801
0.0756337
NA
-0.42309
-0.482221
-0.218401
-0.258532
-0.0328897
0.0674697
-1.00694
-0.393249
0.0691979
-0.146419
0.047833
-0.116847
-0.0562065
-0.0391254
-0.442601
-0.0682426
-0.333375
-0.46491
0.0449949
-0.160761
-0.0316973
-0.329444
-0.329543
NA
0.0697386
NA
-0.47681
-0.262172
0.0452258
-0.0188233
0.00974058
0.0364485
0.108622
-0.264194
NA
0.0285414
0.0815894
-0.0934483
0.0571449
-0.458508
0.0906944
-0.55211
-0.245164
-0.476058
-0.134566
-0.440873
-0.531172
-0.317352
0.0916207
NA
-0.0529279
-0.255973
-0.0890644
-0.068792
-0.124079
-0.175096
-0.00679168
0.0379839
-0.100037
NA
NA
0.0203318
0.069537
-0.0037998
-0.0626979
0.106789
0.109716
0.025874
NA
NA
0.0108057
0.0720645
NA
-0.313535
-0.496586
-0.0239404
0.00607807
-0.68842
-0.20187
-0.303677
0.13223
-0.443456
-0.50766
0.0403484
-0.523455
NA
0.0830128
-0.0286438
-0.297903
-0.371331
-0.363077
-0.371599
0.0397029
-0.250106
-0.241579
0.073898
-0.503371
-0.204434
0.044194
0.129653
-0.0740105
-0.114131
NA
-0.326553
-0.0910301
-0.733243
0.466585
-0.0865659
0.00748721
NA
-0.0302168
0.132773
-0.50917
0.0906068
-0.241302
0.0773187
-0.00148268
0.0705196
-0.19305
0.0287171
-0.286691
-0.145454
-0.00374569
-0.0248234
-0.33415
-0.329375
-0.364437
-0.41101
NA
NA
-0.0260096
0.0331713
-0.309445
-0.283539
-0.547341
-0.523723
0.0859103
0.0520656
-0.00316236
-0.372092
0.0194693
-0.495901
0.0112156
-0.495742
0.0685165
0.120377
-0.491556
-0.215822
-0.188721
-0.654034
0.0147031
-0.464746
0.0138967
-0.445845
-0.443354
-0.188773
-0.668593
-3.94035
0.0338561
NA
-0.080937
0.079702
-0.590099
-0.398085
-0.0440082
-0.532667
0.0273655
0.0116706
0.0722735
-0.602891
-0.224569
-0.0012778
-0.485893
-0.115339
0.0467035
-0.221153
-0.11777
0.072318
0.0710708
