0.0910636
-0.557185
-0.177656
-0.417234
-0.342331
0.0966727
-0.356812
-0.379392
-0.444054
-0.210402
-0.0026437
-0.312757
-0.495244
-0.0704978
-0.405231
-0.736087
0.0853372
-0.0273717
-0.478
-0.389256
-0.138923
NA
NA
-0.40586
0.0557948
NA
2.17692
-0.037903
-0.0668986
-0.3608
-0.327513
-0.767771
-0.44664
-0.0489368
-0.231553
-0.689729
-0.16772
0.0684387
0.000937972
0.0808678
-0.109812
NA
-0.533278
NA
0.081537
-0.387086
-0.455486
-0.543099
-0.173441
0.0769084
0.0994254
NA
-0.263967
-0.292862
0.0669459
-0.178066
-0.181281
0.06977
-0.415283
-0.493139
0.0979238
-0.601226
-0.0324557
-0.724793
-0.601839
-0.066641
0.0408375
0.00015071
NA
0.0772914
0.0421143
-0.194221
-0.648012
0.039358
0.0286761
-0.0146578
0.0800872
0.0630529
0.00711363
-0.595745
-0.0405243
-0.592051
0.0872585
0.036243
-0.224376
0.0175351
-0.0947113
-0.373441
-0.490988
0.00945565
0.0104339
-0.548377
-0.608838
-0.15685
NA
0.0565126
0.0116572
-0.427555
NA
-0.570751
NA
-0.26442
0.0398097
-0.130665
-0.0882359
0.176249
-0.626335
0.0144476
0.0747176
-0.413431
0.0706989
0.120381
-0.524795
NA
0.0952441
-0.35756
-0.556371
-0.0529472
-0.583111
NA
-0.174445
-0.323572
NA
-0.0321816
-0.167241
-0.243152
0.0666983
0.102521
-0.0859226
NA
-0.173993
NA
0.0477913
NA
NA
NA
-0.461089
0.0398777
-0.528444
-0.0573404
-0.0835224
-0.345316
0.0679369
0.00824496
-0.422815
NA
-0.182363
0.071479
-0.274461
-0.228001
0.0704821
0.00404716
NA
0.0402598
0.000742948
0.00630037
-0.123758
NA
-0.379151
-0.40412
0.0496637
-0.447927
0.0723785
-0.205192
-0.406404
-0.247637
0.0912498
-0.00766218
-0.398818
-0.0911315
-0.518297
-0.572873
-0.188767
-0.246278
0.0973896
0.0967624
0.0440163
-0.00364872
-0.679538
-0.132047
-0.188514
-0.464974
-0.154099
NA
0.0250134
0.0441401
0.0183399
-0.145839
-0.017351
0.044422
0.219438
NA
0.174678
0.280311
-0.295355
-0.0652522
-0.0934173
-0.193734
-0.233452
-0.242502
-0.0414126
-0.355057
NA
-0.565076
-0.620133
-0.431767
-0.00891985
0.0934935
-0.476973
0.0717102
0.0114892
-0.380886
-0.299896
-0.29406
-0.110913
-0.341905
-0.313261
-0.06939
-0.375046
0.0598382
0.0844587
0.0804288
-0.103461
0.0970197
-0.297941
NA
-0.364684
0.00919909
NA
-0.0865659
0.0826626
0.146423
-0.416247
-0.368686
NA
0.0832254
NA
0.0919009
0.0663922
-0.201031
-0.119247
-0.025528
-0.244213
0.00808688
NA
-0.12915
0.0484609
-0.283351
-0.440431
0.0316789
-0.555882
NA
-0.475166
0.0189203
-0.389782
-0.156968
-0.177862
-0.349833
0.0644776
-0.411713
-0.268227
0.0325089
-0.336592
-0.298715
0.0351966
0.18034
0.0915784
0.00600678
-0.273477
-0.409112
0.171166
-0.671972
0.32218
0.0618633
0.103656
0.0685165
0.0804719
-0.672093
-0.489197
-0.204831
NA
-0.206911
-0.0109411
-0.00291022
-0.377291
0.0714725
-0.295972
-0.309586
-0.860355
-0.385664
-0.5718
-0.649222
-0.223866
0.0637291
-0.0119612
-0.244081
0.0392394
-0.0798484
-0.332691
-0.251218
-0.402007
NA
-0.273264
NA
NA
-0.252807
-0.130364
NA
-0.183608
0.0703195
-0.409968
NA
-0.216127
0.0326636
NA
-0.447922
0.0539915
-0.270913
-0.0856267
-0.503034
-0.0845561
-0.345162
-0.325898
0.0344799
-0.257103
0.090986
0.0907211
-0.306271
0.0295776
0.0397139
0.237212
-0.332402
0.0195676
-0.490189
-0.314719
0.105783
NA
NA
0.141017
0.0781948
-0.206693
-0.562444
0.08175
NA
-0.408485
0.117671
-0.0694307
0.104866
0.089338
-0.0520332
-0.563569
-0.454204
-0.574994
-0.348972
-0.0385406
NA
-0.252797
NA
-0.391914
-0.0962606
-0.0100836
-0.382087
0.068121
-0.630028
-0.317914
-0.442121
-0.354427
-0.0350414
-0.308761
0.105
-0.681586
-0.885454
-0.0950979
0.0844441
0.375341
-0.0440971
-0.337046
0.0208289
0.0451831
0.0789553
-0.565133
0.0334752
-0.999981
NA
NA
-0.213398
-0.0690601
0.0496504
-0.423228
0.0704445
0.0570064
-0.703737
0.0773012
-0.877402
-0.313996
-0.156803
-0.0243121
-1.16684
-0.243523
0.0612605
0.0818807
NA
-0.212984
0.00378948
-0.151546
NA
0.0467802
0.0643886
0.124241
-0.487743
-0.6774
-0.0203995
NA
0.0409051
-0.542414
NA
0.0785487
0.0404028
-0.00616802
0.171403
-0.221753
0.0881071
-0.400847
0.145345
0.0650953
-0.233056
-0.694359
-0.521488
0.0370451
0.0605357
-0.277903
-0.148974
0.0899254
0.027967
-0.442198
-0.607404
0.0688381
0.0772855
-0.503336
NA
-0.71661
0.0670749
0.0936528
-0.0760122
-0.265712
-0.482193
0.07432
0.0735525
-0.604573
-0.471689
-0.211445
-0.0423014
NA
-0.132253
0.0216415
0.0807624
-0.765428
-0.499067
0.0336635
-0.551032
0.0398343
-0.305865
-0.463108
0.00392801
-0.068223
NA
-0.566894
-0.258801
-0.2663
0.0778687
-0.0614445
0.0716807
-0.375399
0.0397833
-0.431778
-0.467401
-0.133048
-0.537296
-0.116847
-0.324248
-0.305012
0.0250081
-0.239506
-0.028094
-0.46491
0.0967654
0.0434894
-0.00142194
-0.026418
-0.401439
-0.606669
-0.309166
-0.47268
-0.0284679
0.0174741
0.0780498
-0.290342
0.0689289
0.0106031
0.0664938
-0.101264
-0.676856
-0.25318
0.329629
-0.327896
-0.0420658
-0.619761
-0.573293
-0.146365
-0.0712785
-0.36454
-0.57935
-0.312042
-0.00150184
-0.0140144
-0.544708
NA
-0.213437
0.048594
0.0379366
-0.484356
-0.0726008
0.0851892
-0.819907
-0.654204
-0.540195
0.110024
-0.214536
-0.524167
0.0677715
-0.302206
-0.277707
-0.311288
-1.0048
0.134608
-1.06689
-0.573208
-0.0516848
0.0762982
0.0498484
0.0601597
NA
0.0433287
-0.443871
0.0332328
-0.191086
-0.159393
-0.134707
-0.414692
0.0367388
0.0336482
-0.0999608
-0.0885688
0.0886516
0.0505277
-0.191309
0.0235806
-0.158312
0.00935113
0.06038
NA
-0.44105
0.0302847
NA
-0.208012
NA
NA
-0.690208
-0.140613
-0.454932
-0.00363464
0.149223
-0.383902
0.0263728
NA
NA
0.0684505
-0.218816
-0.499828
-0.00769766
-0.568783
NA
NA
-0.618562
-0.531781
0.0296472
0.0705625
-0.305057
-0.456902
-0.372315
-0.792502
-1.06021
NA
NA
-0.387385
0.0731353
-0.507526
-0.219712
0.0784399
-0.481541
0.0600228
-0.579499
NA
NA
NA
NA
-0.360555
-0.139687
-0.395611
-0.59488
NA
0.14912
-0.515958
-0.18645
-0.597961
-0.504366
0.0162489
0.0733814
NA
-0.0559472
-0.227444
-0.283721
-0.274672
-0.122539
-0.447007
0.0430952
-0.116556
-0.103867
-0.629354
0.104439
-0.493667
-0.15672
-0.30477
0.0658843
0.0794553
-0.180954
0.0566272
NA
0.117536
0.0578841
0.0107716
0.0217029
-0.431043
-0.51811
NA
-0.267523
-0.113571
NA
-0.331595
-0.107513
NA
-0.490183
0.0773187
-0.732835
-1.00972
NA
0.0770186
-0.449659
NA
-0.387642
NA
-0.00989124
-0.30856
NA
0.0476068
-0.368607
-0.339896
-0.0264679
-0.421897
-0.71348
-0.473333
0.00260535
NA
-0.08121
-0.330073
0.0691359
-0.0934873
0.0738529
-0.40463
-0.575607
0.0451105
0.0203654
0.0752787
-0.286496
-0.304117
-0.0266656
-0.223865
NA
-0.477268
-0.593337
-0.461187
0.0919248
-0.113324
NA
-0.348706
-0.340064
0.0711853
0.0310456
0.0939116
-0.45632
-0.0717847
NA
-0.71084
-0.488393
-0.0542704
-0.534549
0.0936687
0.0836262
-0.372092
NA
-0.704865
0.047916
-0.344384
-0.218704
-0.437149
NA
-0.27532
0.0514675
-0.240036
-0.42201
-0.267732
-0.302667
NA
NA
0.0752409
-0.0473693
0.0830501
-0.615593
-0.605503
0.0738749
-0.497265
-0.279641
-0.28797
NA
-0.0011402
-0.433836
0.0884712
0.0562216
-0.29834
-0.209661
-0.35821
-0.544721
-0.111134
0.079702
NA
-0.524033
0.0929233
-0.0267666
0.0467035
NA
0.0556933
NA
-0.224569
-0.502203
0.0273655
NA
-0.4329
-0.21736
-0.439879
-0.116235
0.0526307
0.0655638
0.0822717
-0.355328
-0.0767665
0.0466771
NA
-0.260473
-0.0709616
-0.55211
NA
NA
0.00457624
-0.369894
0.0793896
NA
-0.0473553
-0.432578
NA
-0.660319
NA
-0.278439
0.028887
0.0686013
-0.0890644
0.063221
-0.399715
0.0731038
-0.0126944
-0.0700897
-0.847024
NA
0.0781695
-0.22542
0.0964686
-0.765499
0.00416726
0.0945826
0.106789
NA
NA
-0.0883508
-0.0250911
NA
-0.0037998
-0.264065
NA
-0.0360387
NA
-0.326649
NA
-0.0367806
-0.488867
-0.231235
-0.47822
NA
-0.11114
0.0122744
-0.889504
NA
0.0720645
-0.0637262
-0.504229
NA
0.13223
-0.102229
-0.276243
-0.149715
-0.690805
-0.226018
-0.362322
NA
-0.56534
-0.212107
-0.580953
-0.223126
0.0403484
-0.297633
0.0680543
-0.0915664
0.0480759
0.103397
-0.463781
0.0881846
0.128123
-0.170974
-0.107672
0.0811789
-0.159665
0.0775774
-0.102465
-0.0724207
NA
0.0655487
-0.360019
-0.305547
0.0356156
-0.477273
-0.302954
NA
0.0157164
0.106118
0.0822078
-0.549437
0.0123421
0.0152985
-0.39946
-0.40613
-0.241467
NA
0.0927008
0.0456428
-0.426787
0.0413757
-0.526942
-1.07224
0.0851829
0.0809867
-0.475782
-0.543753
-0.0565735
-0.26144
-0.316074
-0.249069
-0.292292
0.0203215
0.0487381
-0.00820376
0.0396656
-0.0789442
-0.595397
-0.135571
-0.413888
-0.174843
