-0.0981928
-0.0410593
0.0779023
0.0588529
0.0326963
0.0441401
-0.540524
-0.145839
-0.0104936
NA
-0.205213
0.107175
0.0561268
-0.413315
-0.267215
0.0730988
0.068152
-0.621134
-0.401239
NA
-0.242502
-0.309382
-0.506625
-0.271193
-0.508986
-0.385558
-0.339071
-0.429606
-0.491527
-8.46958e-05
-0.4152
0.207137
0.083503
-0.00194505
-0.600154
-0.726995
-0.16387
0.0724404
0.0659989
NA
-0.36012
0.0496206
0.179678
-0.164552
NA
-0.112089
-0.29406
-0.550271
-0.57738
0.0193176
-0.480355
0.0361037
-0.725741
NA
-0.0401517
NA
-0.35813
-0.259965
0.0129122
-0.348873
NA
-0.615618
0.0284553
-0.3388
-0.184031
NA
-0.0519473
0.0202296
-0.209417
0.0210348
-0.365898
-0.166968
-0.164259
-0.0782056
0.0414241
0.097075
0.0570452
-0.384747
-0.00298482
0.0552799
-0.633855
-0.295827
-0.281695
-0.132942
0.0399711
-1.13408
-0.83546
-0.293721
-0.773767
-0.32162
-0.26364
0.0399003
-0.324736
0.0696208
NA
0.0496637
-0.0868834
-0.0201587
-0.208285
NA
-0.240505
-0.204993
0.000463102
-0.134831
-0.29438
-0.359593
0.0967624
-0.679538
0.0394477
0.0690328
NA
0.0935981
-0.377228
-0.426643
NA
0.0694858
-2.73468
-0.529953
-0.208212
-0.673991
0.0788517
-0.0391254
0.0745336
0.0167387
-0.0731558
NA
-0.0638818
0.0440541
-0.288032
-0.186084
0.0200804
-0.336243
-0.192874
0.0116572
NA
-0.240839
0.00437056
-0.453508
0.0859094
-0.475958
-0.556564
-0.503299
-0.487035
0.0144476
-0.92765
-0.424913
-0.597513
0.0307601
-1.1623
-0.585814
-0.21375
-0.274775
0.0285414
NA
-0.245557
-0.247039
0.0258147
-0.518828
-0.210331
-0.627934
0.00751065
-0.179445
-0.437497
NA
0.0767913
0.0757462
-0.912896
0.0509683
-0.310216
NA
-0.254507
0.0984581
-0.323685
-0.0566274
0.012137
-0.0164969
-0.167892
NA
-0.698146
NA
-0.525893
0.13887
-0.3608
NA
0.0105691
-0.176571
0.0998142
-0.3327
0.0622803
NA
-0.269174
-0.614561
0.0091788
0.0432863
-0.287781
-0.409629
-0.0347286
-0.469466
NA
0.004475
-0.212746
-0.0632919
-0.595389
0.0658
0.0442434
0.012369
0.0139862
-0.773464
0.0713142
-0.588012
0.100733
-0.605935
0.0443884
-0.0289087
-0.518147
-0.369284
-0.58616
-0.302987
-0.0822491
-2.25826
-0.129602
NA
0.0681392
-0.458995
-0.0257418
-0.0170831
-0.00761599
0.0942771
0.0841577
-0.395492
-0.205291
NA
0.0649255
-0.344567
0.0812798
-0.0547678
0.106749
NA
-0.148953
0.0448718
-0.0210547
-0.313996
0.0637218
-0.412845
0.0927181
-0.4756
NA
-1.16684
-0.642246
NA
-0.0249471
-0.240987
-0.266418
0.0933295
-0.522176
-0.317782
-0.742245
-3.6094
NA
-0.509042
-0.384628
NA
-0.433132
-0.0200083
-0.494682
-0.332816
0.0650953
-0.482133
0.103421
-0.213232
0.0581926
-0.602366
0.014086
-0.419301
0.0454102
-0.614709
-0.499852
0.07263
-0.175404
-0.378608
0.0504344
-0.0778021
-0.384212
-0.325014
-0.373072
0.0269656
-0.479034
NA
0.0447551
0.0222448
-0.401928
-0.0414381
0.0451452
-0.37596
-0.000526216
-0.115298
0.0448959
NA
NA
0.0920788
-0.0686087
-0.155813
-0.330713
-0.49342
NA
0.0137028
-0.250437
0.048684
-0.0161776
-0.382087
-0.401452
0.088624
NA
-1.30205
-0.0292998
0.0592989
-0.303677
0.0692853
-0.743125
-0.461608
-0.332215
0.0487539
-0.780598
0.0530503
0.072212
0.0710356
-0.225625
-0.0946642
-0.0287176
NA
NA
0.0652204
-0.284687
-0.659314
0.042888
-0.386715
0.0908675
NA
-0.517459
NA
-0.528056
0.164912
0.0660694
-0.115204
0.0985625
0.0496562
-0.246408
-4.31217
-0.439445
-0.242173
-0.251218
-0.00390872
-0.402007
-0.400313
0.0666291
-0.117642
-0.265982
-0.46762
-0.01581
-0.544347
-0.305473
0.0178568
-0.0964845
-0.373424
0.0793307
-0.18256
-0.352692
0.0495025
-0.541613
-0.27703
-0.36582
NA
0.0844587
0.000696725
0.0265321
0.0756658
0.412087
-0.442283
-0.27389
-0.394073
-0.348852
0.0706986
NA
0.0716415
-0.297456
-0.582596
-0.119879
-0.447034
-0.451125
-0.086292
-0.271553
-0.732707
-0.52393
-0.111494
-0.212703
0.0441377
-0.093997
NA
-0.601244
-0.287778
-0.234175
-0.438543
-0.185797
-0.0378622
0.105226
-0.516571
-0.118711
-0.274787
-0.00274352
-0.283539
-0.226912
-0.0355923
0.0798025
-0.145065
-0.266425
0.030667
-0.294424
-0.730161
0.0448187
-0.867844
-1.12126
-0.458554
-0.175449
-0.100411
0.07
-0.132127
-0.67596
-0.295301
0.114867
0.0908566
-0.226662
-0.0310812
-0.170498
0.0860499
-0.268211
0.178315
-0.0885293
-0.526918
-0.447669
0.0346947
-0.355621
NA
-0.165574
-0.362647
-0.269657
-0.179326
0.0672279
-0.0794025
-0.363228
-0.0416103
0.0249796
-0.417965
0.0418748
NA
NA
NA
-0.548192
0.0468747
-0.048581
0.105899
-0.0946412
-0.62895
-0.205727
NA
0.0555081
-0.0596434
-0.259073
-0.0343807
NA
0.027485
-0.732067
-0.0198567
-0.166794
-0.364749
0.0699322
-1.13805
-0.366703
0.0750601
-0.7643
-0.355746
-0.341486
0.0672577
NA
-0.553684
-0.0546993
-0.698908
0.0336482
-0.363794
-0.458596
0.0874508
NA
-0.191309
0.197826
NA
0.033008
-0.454932
-0.369389
-0.208126
-0.0284763
-0.250876
-0.258339
-0.00769766
0.0726771
NA
-0.230285
-0.827132
0.0401881
-0.903682
0.01085
-0.0428149
-0.0619964
NA
0.0428081
0.0141836
-0.000283683
0.0483289
-0.133048
-0.407919
-0.0944814
0.0488004
NA
0.0434894
-0.143873
-0.424883
-0.719188
0.0752764
0.0197903
0.0725193
0.0627706
0.031294
-0.545008
NA
0.0430527
NA
0.0886088
-0.10459
-0.126344
0.0712326
-0.584799
-0.468892
0.035272
0.0491601
-0.0750134
-0.973693
0.0523879
0.0653872
-0.472621
-0.573293
-0.198226
0.0198455
0.0451041
-0.359274
-0.0644773
0.0558795
-0.33357
0.0379366
-0.728
-0.222589
-0.248843
-0.653466
0.0661455
-0.398236
0.0770783
-0.0656595
-0.145936
-0.217853
-0.4634
-0.226588
-0.00604124
0.0300607
-0.363466
0.0402389
NA
0.106886
-0.0309787
NA
0.176359
-0.321028
-0.00951723
NA
-0.281132
0.147626
NA
-0.0309837
0.0670749
-0.00547334
-0.504781
-0.404922
-0.725205
0.0113878
-0.0980409
NA
-0.00903644
-0.321596
-0.160991
-0.189993
0.0309232
0.100009
-0.0809264
0.0438694
-0.977097
-0.108588
-0.145451
-0.313682
-0.068223
-0.115346
0.0855103
-0.352014
NA
-0.231556
-0.428711
-0.274715
0.0634336
0.00991674
-0.11071
-0.182183
0.0259807
0.0768739
-0.268146
-0.448117
-0.613868
-0.401898
-0.0251594
0.0101948
0.0690817
-0.211627
-0.0847205
NA
0.0773703
NA
0.143585
-0.119951
-0.184741
-0.11783
0.0863953
0.0167073
-0.330402
0.0580432
NA
-0.29655
0.126155
-0.477041
-0.0809959
-0.75241
-0.274003
-0.241467
-0.970158
-0.3202
NA
-0.484876
-0.226783
NA
-0.304588
-0.343463
-0.387573
-0.623852
0.0413757
-0.394969
-0.101923
-0.473115
-0.753642
-0.149907
-0.209167
0.102036
0.0380633
-0.0233551
-0.332218
0.0186557
0.0328443
0.0822717
-0.372444
0.0466771
0.0643853
-0.194443
-0.219807
NA
-0.582845
0.0162445
-0.222923
-0.842503
-0.297559
-0.0375134
0.0578045
-0.446842
-0.26777
-0.399715
-0.354496
-0.143302
-0.366138
0.0701146
0.0807543
NA
-0.105416
0.0683863
-0.421631
0.0133843
-0.448613
-0.399966
NA
-0.419859
0.0733596
-0.356111
-0.50897
-0.145422
-0.681688
0.0791795
-0.781098
0.0610548
-0.0910918
-0.47822
0.00607807
-0.5461
0.0487589
NA
0.102559
-0.504121
-0.530489
0.0695972
NA
-0.218952
NA
-0.0795939
-0.137191
-0.629778
0.0392375
0.14879
-0.227594
-0.625928
-0.483507
-0.299778
-0.411947
-0.170278
-0.0845183
0.0658601
-0.584439
-0.0710359
-0.0659263
-0.233434
-0.351936
-0.279641
-0.28797
0.0562216
-0.163128
-0.0011402
-0.2263
-0.0885514
-0.217407
0.0664836
-0.654647
-0.137504
-0.421974
-0.232893
0.0683528
-0.391531
-0.443242
-0.159976
-0.447962
0.0624976
-0.31283
0.00784859
-0.176003
0.0435542
-0.1809
-0.318454
-0.26243
0.0425795
0.0885659
0.0536365
-0.602891
-0.296804
0.0457394
-0.0616988
-5.06173
-0.00963697
-0.116235
0.0683278
-0.322424
0.0150249
0.0751331
-0.736735
NA
-0.566484
NA
0.00322309
-0.13696
-0.00509376
NA
-0.541118
0.00413371
NA
-0.130252
-0.0960716
NA
-0.0476075
-0.445058
0.0903331
NA
-0.696974
-0.138369
-0.433899
-0.140414
-0.530474
-0.0335469
-0.140516
0.0738529
-0.449096
NA
-0.743049
-0.381173
-0.704076
-0.223456
-0.212753
0.0711853
0.044052
NA
-0.0824445
NA
-0.46569
0.0468006
-0.441792
-0.136115
-0.829972
-0.726143
-0.210118
0.0697456
0.0267388
0.0524268
-0.627424
NA
-0.372092
-0.199135
-0.362661
0.00920264
-0.360735
-0.426203
0.0132081
-0.353474
NA
-0.496164
0.0767328
0.00162437
-0.525635
NA
0.0864324
0.0807833
-0.0421144
NA
NA
-0.535903
-0.526269
-0.544381
-0.371375
-0.104066
-0.294688
-0.372308
-0.243764
-0.629251
-0.141962
NA
-0.537554
-0.0101648
-0.536788
-0.123221
-0.0400756
0.00234869
-0.162883
-0.0270269
-0.593181
-0.197737
0.0501755
-0.374532
-0.210993
-0.394229
-0.432682
-0.0331175
NA
NA
0.00229347
-0.0432634
NA
0.088359
-0.63768
-0.190966
0.0242019
-0.0529059
0.0127226
0.0677985
0.133683
-0.604392
-0.593412
-0.325395
-0.039074
-0.347154
-0.180665
-0.353935
-0.125628
-0.0206998
-0.393713
-0.158207
NA
0.119478
0.0268934
-0.0935231
-0.497731
-0.150044
0.0466713
-0.547111
NA
-0.63558
-0.102131
-0.73112
-0.286634
-0.0381356
-0.40412
0.0378721
NA
-0.466585
-0.597323
0.048123
-0.343324
-0.0603298
-0.53737
0.0700204
-0.390198
-0.153566
-0.706864
-0.246278
-0.20809
-0.564423
-0.047955
NA
-0.722178
-0.191069
0.0855247
-0.298615
0.0423526
0.0772773
NA
0.0800872
0.0875702
0.0461127
-0.259337
NA
NA
-0.60546
-0.024425
-0.191193
-0.527294
-0.205019
-1.19495
0.103154
-0.27696
-0.406884
0.0448056
-0.179336
-0.415638
0.00891367
-0.522159
-0.00752741
-0.138241
-0.264591
0.0392874
-0.322618
0.00423874
-0.47681
-0.239051
0.0590397
-0.358555
-0.252297
NA
0.120381
0.0674732
0.0922996
0.019501
-0.278462
-0.328607
-0.583111
0.0795139
-0.192241
0.0866441
-0.234071
0.0682023
-0.323572
-0.360885
-0.209384
-0.238893
-0.515057
NA
-0.21591
0.043692
-0.177666
0.079419
-0.273519
-0.240799
-0.339486
-0.330222
0.0125763
NA
NA
-0.540568
0.148189
-0.644705
-0.545793
-0.579245
-0.345119
-0.196042
0.0682604
0.0713355
0.0152818
-0.230943
-0.0727286
NA
0.0857195
-0.0112367
0.0716288
-0.337146
0.0454716
-0.296029
-0.529083
-0.368761
-0.146249
0.0723967
-0.00838594
-0.00348582
-0.595801
NA
-1.15726
-0.261776
-0.368158
-0.393249
0.0651579
0.0108303
0.0564915
NA
-0.937136
-0.869745
-0.331256
-0.193136
0.0673365
0.0807637
-0.242644
-0.871213
-0.732666
0.0386833
-1.48654
-0.611766
-0.45968
-0.310322
-0.0656291
-0.213398
-0.645328
NA
-0.511815
-0.165088
-0.220136
-0.551619
-0.286838
NA
0.0576829
0.0976415
-0.718772
-0.222863
-0.381689
-0.156803
-0.438711
0.121696
-0.620187
0.0663762
-0.511749
NA
NA
-0.472543
NA
-0.118923
-0.0848812
0.0521347
0.0705025
-0.191373
-0.479276
NA
NA
-0.502696
-0.371534
-0.221753
-0.107052
-0.017003
NA
-0.460517
-0.180424
0.11305
-0.0399027
-0.114202
0.0212547
0.0183914
0.0753001
-0.732891
NA
0.0153265
-0.36788
NA
0.0582497
-0.0443919
-0.374076
-0.250874
-0.0796028
-0.583416
-0.0127307
0.0133464
0.105783
-0.524833
0.0639086
0.0369863
-0.342346
-0.445284
-0.616167
0.0599756
0.366828
-0.00165778
0.000814722
-0.119061
-0.482892
-0.219347
-0.141897
-0.285291
0.063127
-0.320457
NA
-0.0736958
-0.353495
-0.440379
-0.115111
-0.576381
0.0407426
-0.0419885
0.0610722
-0.366512
NA
-0.160402
0.0290955
0.0361512
-0.254435
0.0699958
-0.331667
-0.242238
-0.376405
-0.365599
-0.600459
0.0186315
-0.589001
0.0188925
-0.195936
0.0279843
-0.0632359
0.0360963
-0.000737769
0.0383345
-0.41205
-0.210154
-0.0990165
-0.510364
-0.00373199
-0.649222
-0.415744
-0.663883
0.0851245
-0.34962
-0.303679
-0.893099
0.0819781
-0.175057
-0.134844
-0.107742
0.0758523
-0.584328
-0.245123
0.00472497
NA
-0.0367061
-0.0630533
-0.352388
-0.225672
-0.303501
-0.386917
-0.0930387
-0.105539
-0.429326
NA
0.0389991
0.135739
-0.456964
-0.076555
-0.00888515
0.0199125
-0.414494
-0.362339
0.0638576
-0.361305
-0.0264697
-0.00934579
0.0756468
0.0457814
0.132773
-0.661478
NA
0.0743937
0.084172
0.077767
-0.340109
0.0781061
0.0954187
-0.553347
-0.105206
-0.552134
0.0762869
NA
-0.564909
0.0730645
-0.382931
-0.0294972
-0.301891
0.0251594
-0.39584
-0.498883
0.0210629
-0.183388
-0.227772
-0.435916
-0.457404
-0.59336
0.0331713
0.0926262
0.0738896
-0.335891
0.104088
0.0141186
0.0479988
-0.406707
0.0729567
0.0191392
-0.417621
-0.361992
-0.53896
-0.0282159
0.116384
-0.0792898
0.0426823
-0.720134
-0.574521
-0.603459
-0.110277
-0.459052
-0.147697
NA
-0.429743
0.118006
-0.373458
-0.100843
0.0638452
-0.315629
-0.0481569
-0.463751
0.0438477
0.07281
-0.420154
-0.336535
-0.35382
-0.66282
-0.439258
0.00721265
-0.466819
0.15496
0.0379564
0.0599386
0.0227234
-0.15672
-0.363052
0.0674757
0.0794553
-0.477661
-0.146827
NA
-0.484482
-0.133293
-0.415115
-0.215951
-0.704642
-0.555222
0.0267732
-0.0374729
0.0492751
-0.337988
-0.663018
0.0664012
0.128673
-0.523498
0.0448422
-0.151562
-0.23599
NA
-0.33562
-0.127578
-0.70066
-0.882228
-0.0250629
-0.275024
-0.247788
-0.437208
0.0192279
-0.388647
0.0027562
-0.638663
-0.415502
-0.0457402
-0.0996611
0.0762982
-0.414692
-0.316405
NA
0.0622436
-0.476481
-0.522867
0.0162184
NA
-0.337269
-0.592308
0.0449563
-0.402567
-0.0779102
-0.282597
-0.0361393
0.0545588
0.0445618
0.0731626
-0.0350507
NA
NA
0.0810099
-0.229021
-0.428694
NA
-0.270432
-0.221749
-0.0929474
0.0197132
0.0701721
0.276867
-0.412454
-0.137699
-0.436114
0.0641397
-0.302345
0.0578554
-0.379889
-0.518527
-0.308787
-0.263489
0.0328315
-0.0132061
-0.0610069
-0.350978
-0.47268
-0.83049
NA
-0.0559731
0.071086
-0.308935
NA
-0.152759
-0.108688
0.0398306
0.00906429
-0.0623741
0.0384532
-0.0958558
-0.272764
-0.14702
0.0864825
0.04078
-0.0225828
-0.288115
-0.518369
-0.229055
0.0993706
0.052118
-0.475595
-0.666853
0.0529583
NA
-0.239849
-0.585684
NA
-0.429336
-0.256694
0.0722274
0.0356392
NA
-0.27695
0.0666932
0.0138902
-0.0316536
-0.135858
-0.0131951
-0.607404
-0.406672
-0.440102
-0.215984
-0.140146
-0.0545588
-0.0064263
0.00698588
-0.139757
0.0782529
-0.153754
0.0641836
-0.325782
-4.76515
NA
0.00441554
0.0437332
0.0788326
-0.410513
0.0800022
-0.352112
-0.214127
0.0254605
-0.0729609
-0.413547
0.15064
-0.282845
0.106763
-1.18581
-0.646283
0.0569415
-0.351436
0.0915057
0.0597697
0.0801472
-0.0980302
0.00976712
-0.0574195
NA
-0.375399
0.251811
0.0358835
-0.103514
-0.165215
0.0214929
NA
-0.320123
-0.0772987
0.0471819
-0.591798
0.0722294
-0.0735714
0.0752195
0.0823644
0.0688037
-0.342778
NA
-0.356183
0.0457205
-0.000574602
NA
-0.182896
-0.260506
0.0527492
NA
NA
0.150144
0.072989
0.00909105
-0.124384
-0.395307
NA
-0.053519
-0.39946
-0.0793512
-0.0145961
0.104322
-0.303628
-0.119923
0.0346622
-0.0839879
0.101623
NA
0.00468297
-0.127717
0.0391433
-0.206289
0.208075
0.139099
0.517402
-0.399882
-0.119662
0.0190927
-0.246339
-0.463236
0.0181196
0.0427066
-0.645537
-3.01
0.0403211
-0.213836
-0.668715
NA
-0.62964
0.0246879
-0.174463
-0.476058
0.256998
0.0190204
-0.530519
NA
-0.205157
-0.316244
-0.0716538
-0.45273
-0.312443
-0.0479211
-0.165799
-0.339694
-0.501563
0.015768
-0.403142
NA
-0.222754
0.00945237
NA
-0.238546
NA
0.064034
-0.342054
NA
0.0119108
-0.419158
0.0793918
-0.110176
-0.434091
NA
-0.58455
-0.233744
0.03622
-0.226971
-0.555249
NA
NA
-0.108479
NA
-0.197489
-0.742612
-0.226018
-0.289771
-0.531573
-0.196785
NA
0.0750441
-0.504047
-0.275353
-0.313057
-1.07565
0.0332564
-0.0126041
-0.140972
-0.133374
0.0513683
0.0406583
-0.381509
0.108108
-0.0456878
0.0804049
-0.0127045
0.0485596
-0.395831
0.0324405
NA
-0.00871034
-0.110126
0.0884712
0.0440136
-0.495268
0.0079852
NA
NA
-0.216938
-0.217423
-0.499054
0.0786208
0.0439665
-0.327577
0.0750006
0.0273655
-0.260155
-0.129648
-0.30684
-0.528206
-0.120262
-0.585501
-0.301205
-0.152785
0.0655638
-0.454338
NA
-0.288568
0.0282492
-0.470587
-0.691863
0.0774054
0.0272468
-0.528287
0.00582738
0.0393143
0.000871301
-3.94113
-0.826636
-0.201073
0.00366832
NA
-0.575553
-0.125529
-0.46575
0.132039
-0.149158
-0.0808093
-0.0595812
0.10524
-0.136331
-0.00440909
-0.138862
-0.162321
-0.0967128
0.0132283
-0.274713
-0.63927
-0.056234
-0.159489
0.095122
-0.0926195
-0.101433
NA
-0.00202648
0.0530372
-0.950647
0.00518802
0.0134556
-0.126602
0.0635742
-0.244607
0.0434221
NA
0.0944897
-0.314536
0.00988496
0.0483879
-0.52701
0.047916
