-0.436417
-0.187479
-0.0690503
0.128198
NA
0.0142418
0.00808688
-0.137822
-0.612156
-0.0865659
-0.73073
-0.553347
0.0269961
-0.00106419
-0.0995397
0.0570982
-0.273477
-0.389762
-0.0672147
0.116384
-0.312453
NA
-0.53896
0.0414346
0.0900003
0.0414966
0.0475684
-0.516571
NA
0.105445
0.00171997
0.0128003
-0.612024
NA
-0.435916
-0.21653
NA
0.0714288
0.00826529
-0.485529
0.071978
-0.332691
-0.34962
-0.0556579
-0.343493
-0.734248
0.017513
NA
0.00121016
-0.0387189
-0.392543
-0.48225
-0.0996858
0.100225
-0.0407839
NA
NA
-0.239355
-0.634546
-0.0614172
-0.31461
-0.451724
0.102134
0.0697892
-0.111718
-0.423628
NA
0.0131267
-0.00977348
-0.402007
-0.367896
0.0738734
-0.242173
-0.320668
-0.183608
-0.265982
-0.525761
-0.105109
NA
0.0270813
0.0302898
0.0711885
NA
0.121744
-0.178569
0.0298306
-0.284064
-0.237365
NA
-0.477504
0.0408553
0.0466535
0.070131
0.511777
-0.230658
-0.0563937
0.0212547
-0.503034
-0.0856267
0.0183914
0.185662
-0.214329
-0.142422
-0.0443919
-0.334887
0.0606275
0.091436
-0.483609
-0.0681054
-0.142202
-0.453575
0.0774452
0.00303201
-0.120419
0.017326
-0.452117
NA
-0.037639
-0.00621377
0.0418235
NA
-0.0583686
-0.489354
0.0730413
-0.160258
-0.511815
0.0851938
NA
0.08184
-0.447013
-0.657399
-0.312143
0.0844441
0.118869
NA
0.0610571
-0.0950979
-0.19297
-0.413405
-0.558851
-0.308702
-0.300863
0.306674
0.0649255
NA
-0.129587
0.0698524
0.171403
-0.536344
-0.00373439
-1.03562
NA
-0.261368
-0.358603
-0.648068
-0.114878
-0.332816
-0.200297
-0.250969
-0.522176
NA
-0.101409
-0.266418
0.0612605
0.0400013
0.0263192
-0.399638
-0.112248
NA
-0.255621
0.073898
-0.472543
0.0793575
0.0557948
NA
NA
0.0268329
0.0534223
0.056377
-0.285428
0.0223324
0.01285
-0.676959
-0.176571
-0.3608
0.0830772
-0.363101
0.0709065
0.070735
-0.278091
NA
0.0458425
-0.0691814
0.0141646
-0.472379
-0.12874
NA
NA
-0.727221
0.0769084
0.0764298
-0.657261
0.0756337
0.0451446
0.00331748
-0.826123
0.0732438
0.0651579
-0.393249
0.0795137
0.0752269
NA
0.0808678
0.0285889
-0.284946
-0.591111
-0.0914737
NA
-0.359999
-0.346991
0.0305484
-0.00752741
0.00891367
0.0438229
NA
0.049606
-0.580304
-0.47242
-0.0664653
-0.186728
-0.624036
0.0573478
NA
-0.217704
-0.068883
NA
-0.537868
-0.673991
NA
-0.231399
0.0694858
-0.143341
-0.155634
-0.282434
0.0952441
NA
-0.188776
0.0142334
-0.301734
-0.187288
-0.0497889
-0.535666
-0.0604584
NA
-0.269013
-0.482485
-0.38722
-2.32066
0.119478
-0.1026
-0.538283
-0.365798
NA
-0.368269
-0.0380617
-0.142682
-0.0909343
-0.179862
-0.551851
0.0731029
0.0714685
-0.0812203
0.0442666
-0.19866
0.0122779
NA
NA
-0.153566
-0.737644
NA
-0.243496
-0.552645
0.0391486
0.0682149
0.0394477
-0.289288
0.07814
-0.395446
-0.047955
NA
-0.679538
-0.0349032
-0.309032
0.0278045
0.0709612
0.017012
0.0985882
0.00404716
NA
NA
-0.494327
-0.379151
NA
0.0486619
-0.823474
-0.530039
NA
-0.188249
-0.606159
NA
0.0682129
-0.162441
-0.0847474
0.116927
-0.975804
0.106667
-0.29406
-0.369114
-0.333324
0.0693894
-0.375046
0.0561576
0.0410485
NA
0.0758421
NA
-0.428206
-0.0101648
NA
0.0633267
-0.12778
0.0138134
-0.433899
0.046458
-0.140516
-0.192136
0.218671
0.0798602
NA
-0.45034
-0.130252
0.0966067
-0.0308828
NA
-0.0757995
-0.546248
NA
-0.0580479
0.0277714
0.0194693
-0.0366762
-0.945984
-0.268306
0.0468487
-0.113721
-0.745207
-0.25505
0.0310456
-0.165173
NA
-0.348706
0.3069
-0.209691
-0.704076
-0.16153
0.0887779
-0.434004
-0.271957
-0.228398
-0.192596
-0.0659263
-0.25074
NA
0.0231499
0.0680093
-0.584439
-0.437882
-0.553496
-0.268225
NA
0.11698
NA
NA
0.066734
-0.220326
0.0722735
0.0425795
0.103413
0.0556933
NA
NA
0.0655638
-0.430082
0.0549279
0.00623522
-0.4329
-0.302055
-0.297214
0.0185754
-0.869592
0.293192
0.0713437
0.0884712
0.0562216
-0.00844677
-0.36889
-0.431443
-0.695381
-0.111134
0.0306362
0.0876475
-0.354496
-0.0479211
-0.262488
0.0543899
-0.614666
-0.446842
0.0463314
-0.302657
-0.054192
0.0945826
-0.507304
-0.164417
-0.105416
0.0744126
0.168955
0.073473
-0.55211
0.0428273
0.0407548
0.0420684
0.0466771
NA
-0.413906
0.0747961
-0.638482
-0.256164
-0.0177378
0.0673156
-0.468551
-0.5461
NA
NA
-0.384014
0.00607807
0.00507744
-0.178584
NA
-0.278767
NA
NA
0.0789151
-0.0204177
0.000328726
-0.146332
0.0303895
-0.336547
NA
-1.12879
NA
0.0863953
-0.170961
0.0746086
-0.423433
0.0356156
-0.328757
0.0479249
0.0483254
0.0666995
-0.346058
-0.14372
-0.542404
-0.554432
NA
-0.00878237
-0.105778
0.0391433
-0.0168815
0.0071949
-0.422313
NA
-0.608272
-0.26695
-0.304224
-0.40613
-0.974617
0.0112538
-0.484876
-0.457479
-0.554875
-0.113756
-0.527438
0.0771425
-0.639407
NA
-0.190846
0.0113878
NA
-0.301597
0.0882843
-0.148974
-0.248843
-0.593596
0.0769236
-0.473948
0.0421785
0.0402389
0.0677756
-0.363466
-0.00604124
0.0447969
-0.375399
-0.367129
-0.63051
NA
NA
0.0768739
0.0468214
-0.274715
-0.242863
-0.13365
-0.674732
0.0443499
-0.0960954
0.0806308
-0.502566
0.0788483
-0.29882
-0.417469
-0.162658
-0.62868
-0.00435931
0.0338124
-0.0749195
-0.053785
0.0812496
-0.000706306
-0.263489
-0.582267
-0.12704
-0.439728
-0.588974
-0.295571
-0.47056
-0.304805
-0.309166
-0.0785714
-0.00142194
-0.0651437
0.0303055
0.0728479
0.0393264
-0.563452
NA
-0.118948
0.0379366
-0.43574
0.0205863
0.0491601
-0.761563
-0.0799841
0.0801657
-0.244034
-0.826647
-0.341486
-0.476481
-0.121482
-0.561482
-0.316405
-0.097996
-0.475203
-0.0605217
-0.0374245
-0.418844
NA
NA
-0.595401
-0.302206
0.0773217
0.0721419
0.127172
-0.221749
-0.727578
NA
-0.137699
-1.35679
-0.478348
NA
-0.00673144
0.0407965
-0.862569
-0.282921
-3.49
0.010048
NA
-0.0312584
0.113222
0.0596438
0.170393
-0.337754
0.0162489
0.0625237
-0.376882
0.0505429
-0.816226
0.0290758
-0.129303
-0.0855753
0.0397621
-0.363546
-0.515958
NA
-0.456025
-0.138867
0.0273262
-0.252761
0.118006
-0.19934
0.0598217
-0.242331
-0.185805
NA
0.10868
0.0678253
-0.518606
0.0205047
0.15496
-0.181213
-0.124303
NA
-0.363228
-0.0794025
0.0578282
-0.156662
-0.220673
