-0.123305
0.0549302
-0.509851
-0.127233
-0.275353
-0.313057
-0.271174
NA
0.108108
0.0479818
-0.128045
0.0513683
-0.381509
-0.00233851
-0.216798
-0.515565
-0.408681
-0.0201938
NA
-0.527453
-0.186563
-0.0443768
-5.766
-0.523522
0.0418286
0.0163555
NA
-0.393483
-0.222956
0.456185
0.0332478
-0.521977
0.0698131
-0.673797
-0.012824
0.0419364
-0.332697
-0.436968
-0.0158662
-0.785104
0.067854
-0.147054
-0.104666
-0.470123
-0.68846
-0.0247568
-0.425604
NA
-0.31729
-0.131715
-0.469973
-0.348077
0.0637713
-0.0695108
-0.162321
-0.102761
-0.162002
NA
-0.209691
-0.123704
0.0847867
-0.182848
-0.531136
-0.512186
-0.00842795
-0.0774333
-0.25904
0.0909214
-0.320234
NA
-0.27474
0.0738566
-0.248488
-0.0106953
NA
0.073707
0.00297625
0.383648
-0.0105385
-0.0201513
-0.266545
0.0420213
-0.0392757
-0.674118
-0.636396
0.0457205
0.0670364
-0.147171
NA
-0.123716
-0.067889
-0.270207
-0.744871
NA
0.294647
NA
-0.386422
-0.0855687
-0.293793
-0.514089
NA
0.0653118
NA
-0.0557887
0.0418046
0.0112538
-0.127717
-0.358263
NA
0.0370505
-0.236412
-0.229883
-0.475782
NA
-0.645537
-0.289675
0.0895578
0.0822058
0.0447925
-0.0716538
0.0653243
0.0472503
-0.379284
-0.315786
-0.605268
NA
-0.482275
NA
0.0449686
-0.553163
0.073473
-0.567153
0.060391
-0.178697
-0.158237
-0.201817
-0.0514009
-0.0851917
-0.164969
0.0793918
-0.392735
-0.546526
-0.295036
0.0726023
0.105094
0.382019
-0.261962
-0.300195
0.0450094
0.0492762
-0.401439
-0.0936307
-0.390757
-0.0132061
NA
0.0686441
-0.0512417
-0.343876
-0.25304
-0.247448
0.0724026
0.0608757
-0.00268172
-0.128086
-0.860496
0.0164419
NA
-0.0459257
0.0594217
-0.415588
0.0248696
-0.642758
0.0993706
-0.137073
-0.961511
-0.365641
-0.429336
-0.400406
0.0666932
NA
-0.509688
0.00274568
0.0722274
NA
0.0763034
0.00662401
0.0922275
0.0688381
0.0682308
-0.607404
-0.103926
-0.139544
-0.482767
-0.351913
NA
-0.254056
0.0593221
-0.269362
NA
0.0735525
0.00666823
NA
0.0112369
0.0737348
-0.657505
0.0222454
0.0243086
-0.335639
-0.85953
0.251811
0.0716807
0.0586725
-0.33787
-0.0614445
0.0488505
0.0436489
NA
-0.253478
-0.127423
-0.566894
0.0453221
-0.322177
0.0900864
0.0599914
-0.0940823
-0.122152
-0.463088
-0.641684
-0.282997
-0.174894
-0.532563
-0.0441817
0.0435462
-0.0264029
-0.120148
-0.519236
-0.5484
0.071087
0.0894851
-0.103867
-0.509652
-0.36149
-0.0185057
NA
NA
0.0802239
0.0700648
-0.104404
-0.37514
-0.305126
0.0974157
-0.242331
0.00682501
-0.2809
-0.519229
0.0565711
-0.151562
-0.301815
NA
-0.24021
-0.286561
0.0891499
-0.188226
-0.639294
-0.103949
0.0368067
-0.426659
0.072935
0.0387054
-0.651303
-0.594086
-0.260141
0.0795926
NA
-0.545036
-1.42262
-0.159393
-0.248323
NA
-0.0779102
-0.447937
0.0339001
-0.42922
0.0311492
0.0842376
-0.0635767
0.0480609
-0.627017
-0.418291
-0.623341
-0.85039
-0.481192
0.0453983
-0.164075
-0.0996858
-0.391048
-0.0513826
-0.361941
0.0767098
0.00826529
NA
-0.935292
-0.130464
-0.260622
-0.103281
-0.741858
-0.663883
NA
-0.421511
0.0819781
0.0437727
0.0518
-0.124994
-0.724781
-0.429326
NA
-0.0390308
-0.13502
0.0116138
0.0760941
-0.381647
-0.349105
-0.722242
NA
-0.622643
-0.0865659
-0.360443
0.0686556
0.0804288
-0.283653
-0.0789462
-0.207549
-0.542213
0.0764436
-0.424408
-0.466477
-0.027904
-0.436417
NA
-0.00974393
-0.417206
NA
0.0124983
-0.45606
NA
-0.677462
-0.24831
-0.70865
0.0813096
-0.340499
-0.315649
-0.312549
0.0795624
-0.198461
-0.296418
0.00598928
-0.281891
0.0589075
0.0401953
-0.349832
-0.289905
-0.0282159
-0.480092
-0.421871
0.099009
0.0610499
-0.250792
0.205432
-0.247507
-0.0499223
-0.0962625
-0.703737
0.0851938
NA
0.0462836
NA
0.0976415
-0.839782
-0.763953
-0.617839
-0.191733
-0.498971
0.121696
-0.124072
-0.620187
-0.366245
0.070012
0.0443123
-0.293349
NA
-0.488383
0.0467181
-0.0138759
-0.221753
0.0361512
-0.166682
-0.529169
0.0669723
-0.139292
-0.0160832
-0.400946
0.0430696
0.0896364
0.0680636
-0.0980199
-0.662841
-0.0270842
0.0582497
0.0456939
-0.00808536
-0.799519
-0.153889
0.0772124
-0.0443919
-0.268888
0.0491617
-0.385612
0.0749759
-0.237365
-0.470562
0.069537
-0.0538884
0.0686437
-0.498614
-0.0312205
0.0736224
0.0760912
NA
-0.541546
-0.40203
-0.723026
0.0181224
-0.0697938
-0.338627
NA
NA
0.0729876
-0.254435
-0.420056
-0.284944
0.0353801
-0.343649
0.0794713
-0.417677
-0.213939
-0.352107
NA
-0.487189
0.010889
-0.17266
0.0781386
-0.522159
0.0145116
0.065029
NA
0.0463526
-0.548377
-0.0823583
0.00513583
-0.665363
-0.431108
0.0936057
-0.39889
-0.0248396
0.0633711
-0.452544
-0.209384
-0.323572
0.0482642
-0.0775567
-0.190363
-0.342331
NA
-0.147478
0.0458425
0.0453699
-0.0120857
0.142039
-0.0957011
NA
-0.260504
0.0726245
-0.520168
-0.205808
-0.341735
-0.218203
0.0675394
-0.000118569
0.0714599
-0.300774
-0.0429268
-0.249053
-0.300856
-0.383063
-0.175478
-0.632361
NA
-0.758979
0.0786793
0.125989
-0.569984
-0.488504
0.00331748
0.0817742
-0.189626
-0.0118596
-0.0763346
0.0767354
-0.366734
0.0837834
-0.167677
0.0638524
-0.0126454
0.0360749
-0.231711
-0.188514
-0.478237
-0.333851
0.161726
-0.00943182
-0.567485
-0.219404
NA
-0.390746
-0.642073
-0.193734
-0.542327
-0.0835559
0.0460853
-0.799822
NA
-0.114737
-0.114982
-0.513893
0.0393054
0.00213649
-0.267146
-0.28168
0.0678999
0.0748155
-0.845462
0.0571111
0.0111788
-0.725546
NA
-0.459747
-0.394229
-0.2785
0.0442666
0.0728281
0.0459799
NA
0.0863425
0.0768308
-0.236412
-0.535286
0.0626651
0.0913394
-0.17764
-0.731677
-1.20143
-0.13806
-0.633827
-0.499495
-0.478988
NA
-0.0214057
NA
NA
0.0610457
0.0471809
-0.522929
-0.538626
-0.487533
-0.537681
NA
0.321528
-0.189666
-0.0937359
-0.324981
-0.554696
-0.710183
-0.74501
-0.295366
NA
-0.637284
-0.218952
-0.0267404
0.0591544
0.0644413
NA
-0.551215
0.0706702
-0.860307
-0.233434
-0.13708
-0.54939
-0.539861
-0.42269
0.0507168
-0.427616
0.099481
-0.394099
NA
NA
0.0505189
3.51669
-0.111134
-0.510278
0.009677
-0.59999
-0.410367
-0.359488
-0.229769
-0.535253
-0.22235
-0.109621
-0.285522
-0.597303
NA
-0.569867
-0.0173325
0.0828863
0.0114101
0.0197062
0.0453779
NA
-0.440479
NA
0.0773187
-0.199421
0.00248688
-0.644402
-0.463088
-0.352913
0.0116119
-0.579633
-0.578821
-0.715971
-0.0602472
0.0782929
-0.501033
0.0548768
0.0815644
NA
-0.381173
NA
NA
-0.348706
-0.118837
-0.522563
0.0197909
NA
0.0438303
-0.0465975
-0.492343
-0.0429634
-0.465221
-0.790627
-0.542088
0.128123
0.0690817
-0.330402
-0.335169
-0.164965
NA
-0.257096
NA
-0.975556
0.0655487
-0.477041
-0.00210296
0.0822281
NA
-0.395952
NA
0.0703698
-0.244559
-0.30973
-0.457479
0.0611127
0.0223562
-0.075063
NA
-0.551579
-0.253573
-0.105778
-0.457188
NA
-0.209794
-0.318635
0.0494302
-0.684496
-0.502839
-0.642911
-0.178124
-0.557353
-0.0473553
-0.369272
-0.582845
-0.222923
-0.53369
NA
0.00460921
0.0826707
0.0566178
-0.167578
-0.483793
0.0594848
NA
0.0848025
0.0392177
-0.0112065
-0.889504
NA
NA
NA
NA
-0.504121
NA
0.0307914
0.0483289
0.266064
-0.209514
0.0453171
-0.0688115
0.289576
NA
0.06887
0.0241415
-0.260289
0.0464543
-0.481817
-0.030396
0.0482746
-0.338086
-0.637839
-0.347504
-0.35032
-0.430662
-0.573293
-0.114889
-0.634694
0.00202655
-0.191131
-0.169831
-0.572339
0.0745808
NA
-0.0455601
0.0320446
0.0543987
-0.440443
-0.0496344
0.0642561
0.0901132
0.0444329
-0.365762
-0.00756999
-0.133711
-0.0395004
NA
NA
0.0717901
NA
NA
-0.200723
-0.0632164
-0.20919
-0.688165
NA
0.0807624
0.0750717
-0.406747
-0.293958
0.0691907
-0.423689
-0.859929
-0.499067
-0.655615
0.0227154
NA
-0.0909558
NA
-0.0162558
0.0509611
-0.430268
-0.303231
-0.582276
-0.183719
-0.50625
-0.215174
-0.492958
0.0776567
-0.343108
-0.481541
-0.804985
0.0737146
-0.370132
-0.263463
-0.252761
-0.465089
-0.866327
-0.216724
-0.0310812
-0.59153
-0.212883
-0.275882
-0.0855753
0.0885355
0.0448413
0.0799736
-0.372401
-0.120568
0.00107398
-0.528846
0.0934132
-0.351231
-0.0794025
NA
-0.471333
-0.231817
-0.235862
-0.552897
0.0425232
-0.0568521
-0.153247
-0.276015
NA
-0.00659487
-0.46536
-0.453986
-0.602589
-0.167297
-0.468765
-0.171037
-0.366932
0.0334887
0.0443508
0.0833623
-0.134163
NA
0.0661845
NA
-0.858109
NA
0.0829224
0.0767066
-0.208012
0.049092
-0.158312
-0.171524
-0.229885
NA
-0.313789
-0.452337
NA
NA
0.0726771
-0.568783
-0.278365
-0.0428149
0.314879
0.00515956
-0.360755
0.0554766
0.0397711
-0.215822
0.0772822
NA
-0.617528
-0.244228
-0.0238901
-0.710653
-0.438064
-0.000620111
0.0445932
-0.565483
0.0654837
-0.0635584
-0.375377
-0.346841
-0.196755
-0.562855
NA
-0.178865
-0.256351
0.0764131
-0.587118
NA
-0.116061
-0.107875
-0.612111
-0.32082
-0.587486
-0.608711
-0.642466
0.0844587
0.0474214
-0.346533
0.0457669
-0.700355
-0.177018
NA
0.0728015
-0.262939
-0.337454
0.0682891
-0.709495
0.0441377
0.0748615
-0.120813
-0.13331
-0.147884
-0.00165911
NA
0.107919
-0.311916
-0.623496
0.0189203
0.0494082
0.0474844
0.0451757
-0.671103
NA
-0.283539
-0.235887
-0.769774
-0.282291
-3.37719
NA
0.0909665
0.065553
0.0734605
0.0836499
-0.404638
-0.146484
-0.280485
NA
-0.238043
-0.149964
-0.224336
-0.135468
-0.369354
-0.331282
0.0786048
-0.637525
NA
-0.285834
-0.0638817
-0.0316784
-0.277544
-0.564638
-0.514722
-0.122443
0.0463043
-0.101409
-0.266418
-0.775022
-0.645696
NA
0.00212927
0.0776243
NA
-0.363932
-0.47075
0.0294784
-0.533928
-0.635219
0.0409051
0.0230643
-0.382584
0.0342023
0.0466535
-0.359989
0.0716132
0.0223143
-0.233186
0.0887949
-0.618907
-0.415249
-0.177622
-0.0782424
-0.164592
-0.50945
0.00778768
0.0892829
-0.488529
0.0711885
-0.500022
-0.143703
-0.44364
-0.0718611
0.084347
-0.12944
0.0628085
-0.739424
-0.145711
-0.265918
0.0602358
0.0760884
-0.0106434
NA
0.0920788
NA
0.0334016
-0.0516212
0.08175
0.10933
-0.348972
0.0701333
-0.209281
-0.25782
0.0141934
0.0888187
-0.436481
-0.642016
-0.147636
0.0742079
-0.325626
0.058985
-0.625427
0.0691979
-0.0427775
0.0384629
0.0259461
-0.804195
-0.53545
-0.306586
-0.549648
-0.48642
NA
-0.470283
NA
-0.239345
0.035728
0.0784174
-0.731101
0.0305484
-0.302408
0.0900887
NA
-0.380621
NA
-0.364182
-0.317402
-0.109846
-0.394353
-0.109496
0.0320769
-0.407726
-0.0882272
-0.224701
-0.31375
0.0732073
-0.286911
-0.0741163
0.0663998
-0.827685
0.0698681
-0.0903506
-0.565127
-0.379392
NA
0.0174131
-0.598746
NA
-0.0218653
-0.368654
-0.0468444
-0.219749
0.0697687
-0.765735
-0.537149
0.0325284
-1.47813
-0.138923
-0.642749
-0.416664
-0.0288344
0.0853372
-0.416154
-0.738811
0.0704302
-0.240143
-0.418356
-0.0469571
-0.689729
0.0757363
NA
-0.402788
-0.129866
-0.598339
-0.603088
NA
-0.424017
-0.378508
0.0597281
0.0450803
-0.258532
NA
-0.359417
-0.533126
-0.154099
-0.487924
-0.606159
-0.296723
NA
-0.432022
0.107175
NA
NA
-0.0512105
0.0843845
-0.150844
-0.00195547
-0.23362
NA
-0.429606
-0.044355
0.0464426
0.0272053
-0.101423
NA
0.0011741
0.0684791
NA
-0.280261
-0.866875
-0.4674
NA
0.012291
-0.308465
-0.441681
-0.00360009
NA
NA
-0.708384
-0.519872
-0.224673
-3.51
-0.0401517
0.0624805
0.0714685
-0.508021
-0.571402
NA
-0.377991
-0.371043
-0.537244
0.0814421
-0.2391
0.0814252
-0.177313
-0.53038
-0.218076
-0.288652
-0.947768
-0.205192
-0.466936
-0.452685
0.0702816
-0.2665
-0.463586
-0.0601084
-0.15529
-0.466029
-0.49064
0.0807192
-0.0051526
-0.531547
-0.0126041
-0.306834
-0.04512
0.0393779
-0.729898
-0.504047
NA
-0.75925
-0.0942164
-0.234518
-0.208177
-0.53707
-0.797267
0.0829177
-0.145835
NA
NA
-0.347396
NA
NA
-0.0635782
NA
0.068377
0.0533932
0.0838325
0.0436895
-0.0725298
-0.388018
-0.701189
-0.321942
-0.216084
0.0782115
0.0786208
-0.340965
-0.0165434
-0.137539
0.0873872
NA
0.0623014
0.0266943
NA
-0.653142
-0.332636
-0.333698
-0.0243696
NA
-0.188871
NA
-0.288949
-0.534081
0.0160255
-3.94113
-0.106021
-0.365315
-0.373246
-0.00662016
-0.295535
-0.00112003
-0.30856
0.0468745
NA
0.010711
-0.051623
-0.0248234
-0.149476
-0.580467
0.0670391
-0.0350419
-0.00713669
-0.529733
-0.100129
-0.68507
-0.246166
-0.712332
-0.482256
0.0287965
-0.306259
0.0635742
-0.244206
0.0663205
0.0786411
0.0936687
-0.361703
0.0483254
-0.0772987
-0.224822
0.0698417
0.0765215
-0.341957
0.0823644
-0.191107
0.0476194
0.012897
-0.523184
0.0682115
-0.518953
-0.0615683
-0.260506
-0.968995
NA
NA
-0.408527
0.0327458
-0.485782
-0.754728
-0.352435
-0.518098
0.0658971
-0.239985
0.0206041
-0.0793512
-0.406862
0.00650316
0.037012
-0.512428
-0.00721156
0.162006
-0.541282
0.0717901
0.000439228
0.0175345
-0.27736
-0.187951
0.0668981
-0.450436
-0.211609
-0.118458
0.0266691
0.0592486
-0.406016
-0.320213
0.0627414
-1.01636
0.106619
0.0677025
-0.018282
-0.213836
-0.834062
0.0715993
0.0163862
0.0437487
0.122213
-0.919875
0.0747961
-0.596556
-0.137096
-0.422857
-0.427291
NA
-0.612387
-0.353811
0.0203318
-0.848848
0.0679135
-0.606205
-0.159135
-1.09734
-0.335224
NA
-0.586013
0.0802813
-0.258832
0.0664271
-0.525546
-0.567411
NA
0.0408801
-0.000706306
-3.7825
NA
0.0266721
-0.0476533
-0.205988
-0.297551
-0.322586
0.0566269
-0.430433
-0.445833
-0.574937
-0.585184
-1.38332
NA
0.0737849
-0.269477
0.0785239
-0.00627197
0.0637042
-0.0593541
0.0398306
-0.408398
NA
0.0932597
-0.327896
-0.372398
NA
-0.899545
0.324886
-1.01497
NA
0.125062
NA
NA
-0.371698
0.0434264
-0.256967
-0.0458761
-0.0339097
-0.0240224
NA
-0.0131951
0.0811366
-0.424809
-0.0865739
-0.411506
-0.00358578
-0.13365
-0.581565
0.0254605
-0.0185465
-0.235711
-0.432014
-0.704315
0.0538828
-0.351436
-0.0190656
-0.398073
-0.375198
-0.0403311
-0.413547
-0.438921
0.0424701
0.231402
0.0430441
-0.350105
-0.756645
-0.28033
0.0678953
0.0551833
-0.194737
-0.41765
-0.448942
NA
NA
-0.147697
-0.23979
-0.0078805
-0.325678
0.0696806
-0.146452
0.0426008
0.0719041
-0.139687
0.0537465
0.07281
-0.101326
-0.515989
-0.178795
0.0638452
-0.507377
-0.00134041
-0.439258
-0.139573
0.0205047
-0.0901013
-0.181213
-0.255091
-0.399291
-0.10008
-0.597004
-0.180954
-0.0191565
0.00650338
0.055039
-0.363052
-0.785083
-0.696962
-0.239215
-0.115005
0.0703428
-0.535738
-0.00566007
-0.284065
-0.282018
NA
-0.229756
NA
-0.448251
-0.70066
-0.582998
0.00287075
-0.0948458
-0.651332
-0.358004
NA
-0.415502
-0.527636
0.0505277
-0.432183
-0.0203747
-0.00416984
-0.380368
-0.137612
-0.493848
-0.229021
0.0522874
-0.305057
-0.194567
-0.234033
-0.179845
-0.304258
-0.221749
-0.259348
0.0419567
-0.65301
0.0815433
-0.157732
NA
-0.0927072
-0.489197
NA
NA
0.0744799
-0.350494
-0.262603
-0.180814
0.0696508
NA
-0.288425
0.0551901
-0.379013
0.0773441
-0.313008
NA
0.0693956
-0.41741
0.0570849
-0.265747
NA
-0.0928784
-0.565634
NA
NA
-0.187831
-0.789399
-0.524171
-0.137724
NA
-0.825034
-0.715625
-0.144713
-0.5768
-0.425649
-0.0440082
0.0655004
-0.203469
-0.084401
NA
-0.690533
-0.00934579
NA
-0.878881
-0.509706
-0.0301782
-0.510867
-0.436143
-0.0472229
-0.533789
-0.325467
-0.0340358
NA
-0.416247
-0.918398
-0.00106419
0.0202789
NA
-0.130133
0.0704356
NA
-0.385856
-0.59695
0.10693
-0.097229
-0.171522
0.0717391
-0.451395
-0.11589
-0.0288638
NA
-0.870363
-0.0260096
-0.42784
-0.470075
-0.779627
0.00948435
0.0780191
-0.298596
-0.952557
0.4392
-0.5722
-0.281764
0.0293545
-0.313798
-0.956717
-0.453004
-0.146987
NA
-0.496185
0.0768948
-0.0955038
-0.565421
0.105
-0.129587
0.139444
0.00714462
NA
-0.334932
-0.45968
0.0698524
-0.947356
-0.769284
NA
-0.344847
0.0755486
-0.87895
NA
-0.235084
NA
0.06898
0.0691842
-0.165364
-0.107691
-0.332126
-0.434127
NA
0.0607619
-0.746136
-0.0916595
-0.233056
-0.114878
0.00821724
-0.017003
-0.18364
-0.0601642
-0.539543
-0.115399
-0.391381
0.070131
-0.0085034
NA
0.101808
-0.0435932
NA
0.0301674
NA
NA
0.0447704
0.0407318
0.0650257
-0.466228
0.0599756
-0.65015
0.0452801
NA
0.074936
NA
-0.322019
-0.00905444
-0.346417
-0.121815
-1.06849
NA
0.0712767
-0.196507
-0.456518
NA
0.12579
0.0782053
-0.397079
0.0476278
-0.0419885
NA
0.0650216
-0.0812216
-0.571736
-0.0350414
-0.206598
-0.117258
NA
-0.456557
-0.137189
NA
0.0855247
-0.722178
-0.508854
NA
-0.0908679
-0.141837
-0.286854
-0.479486
-0.0766708
-0.239051
-0.295227
-0.703596
0.0241218
0.0521843
NA
-0.342529
NA
-0.281793
-0.312844
-0.192241
-0.328607
-0.203896
NA
-0.527533
-0.474157
0.0226241
-0.173703
-0.569093
-0.261026
-0.177656
-0.386617
NA
0.00254545
-0.618783
-0.318322
NA
0.0481147
0.0576441
-0.766207
-0.151842
-0.467522
0.0117471
-0.0283639
NA
-0.478111
-0.447492
-0.147611
-0.455486
-0.567451
-0.276461
-0.287419
-0.148238
0.0994254
0.0652791
0.0789753
0.0412608
-0.327611
-0.168898
-0.000614402
0.0753546
-0.168869
-0.0232206
-0.546507
-0.168633
-0.159231
-0.730658
NA
-0.000859176
-0.0861117
-0.578865
-0.284758
NA
-0.588382
0.0456624
NA
NA
NA
-0.343985
-0.198208
-0.253844
-0.37841
-0.00990418
-0.215526
-0.329703
0.0391056
-0.43894
-0.584739
NA
-0.112705
-0.219533
-0.16649
-0.14373
0.0719568
0.0344293
0.104588
-0.500647
-0.0819788
-0.00242618
NA
-0.316722
-0.0888918
-0.271671
0.0485791
-0.258423
-0.277601
-0.0158605
0.0584346
-0.656999
-0.182363
-0.108195
-0.391898
-0.306251
-0.422815
-0.334294
NA
-0.239723
0.0615884
-0.0381356
0.0423759
-0.563033
-0.718954
0.0237297
-0.706864
-0.230999
-0.401651
0.0550918
0.0750801
0.0139212
0.00109509
-0.232231
0.0645371
0.0424422
-0.0975887
0.130653
NA
-0.209404
0.0412921
NA
-0.119675
-0.32616
0.11833
0.0346377
-0.0813391
-0.576412
-0.566024
-0.496778
NA
NA
-0.523781
0.0490725
-0.0152011
-0.73055
-0.869592
-0.147251
0.102932
0.0787104
0.0760575
-0.474936
-0.28797
-0.644631
-0.590099
-0.241288
-0.110261
NA
NA
-0.647216
NA
0.0150249
0.0302974
0.0683278
0.00623522
NA
-0.734125
-0.163717
0.0579225
-0.157463
-0.0518573
-0.193019
-0.578451
NA
NA
0.0399935
0.0668267
-0.25413
-0.259553
NA
NA
NA
-0.00666198
-0.173886
-0.615247
-0.367494
-0.140516
-0.192136
NA
0.143159
-0.334408
0.0484094
-0.425753
-0.398206
-0.57883
-0.286496
0.0633221
0.000619627
-2.55
-1.15166
-0.745555
-0.206631
0.0743288
-0.477268
-0.218819
-0.000212407
0.0455204
0.064533
NA
0.0425586
-0.0171257
-0.622874
0.122786
-0.360511
-0.584655
-0.460424
-0.658894
0.0840704
0.0419284
-0.523455
-0.53264
-0.348937
0.0535252
NA
-0.355767
-0.116144
-0.236158
-0.553004
-2.44014
NA
-0.512287
-0.743467
-0.0494349
0.0821463
NA
0.0222068
0.0134024
0.0355521
0.0348308
-0.40098
-0.597471
0.0650207
0.0558129
0.00457624
-0.537318
-0.210313
NA
0.0678932
-0.415566
0.0610902
-0.421553
NA
-0.00589656
-0.145422
-0.452517
-0.479046
0.0519385
-0.488552
-0.597444
-0.997083
-0.180271
-0.255136
-0.11114
NA
0.0797997
0.030044
-0.0229621
-0.31347
0.00592078
0.0802328
0.008677
-0.156256
NA
-0.521344
-0.0944814
-0.489046
0.057634
NA
0.070341
0.0942375
-0.366433
-0.288446
NA
-0.371359
-0.216964
0.0441014
-0.0534812
0.0439954
-0.489818
0.0491601
-0.33528
-0.424393
-1.00965
NA
0.0745414
-0.0769976
-0.311667
0.0396115
0.0785415
-0.197306
0.0224016
-0.0236198
0.0924734
0.0647141
NA
-0.797275
-0.268341
-0.305669
NA
0.0690259
-0.0249601
-0.394162
0.0670749
0.0313676
-0.142866
-0.566747
-0.00265602
0.0100473
-0.404922
-0.46895
-0.447156
0.0703252
0.0850948
NA
0.0661851
-0.425363
-0.216032
0.0431618
-0.454544
-0.614136
NA
0.0772408
0.0775671
-0.280429
0.0507783
0.0667344
-0.11333
-0.235998
-0.00906413
-0.411167
-0.175449
0.0759356
-0.475723
0.0933912
-0.135172
NA
-0.515958
-0.729263
-0.739348
-0.0541717
-0.370238
NA
-0.203992
-0.250827
-0.0968495
-0.426122
-0.4639
-0.371331
-0.510012
0.0660713
-0.408629
NA
NA
0.0427842
0.076126
-0.0115525
-0.459458
-0.16798
0.0714075
0.0207101
-0.237723
-0.518454
0.0671629
-0.611938
-0.0296895
-0.40052
-0.113571
-0.368467
0.0602429
-0.589327
-0.403465
0.0606755
-0.397773
-0.448918
-0.591533
-0.193472
0.0678607
0.0750275
-0.129165
-0.413485
0.0401383
0.00085816
-0.96386
-0.120926
0.00614355
-0.373265
-0.448532
-0.227109
-0.862569
0.0100924
-0.0621433
0.0894141
-0.338291
-0.161807
-0.239476
0.0974073
-0.25201
-0.148282
-0.236346
0.0692294
0.0924429
-0.155603
0.0280961
-0.45499
-0.493877
0.0865853
-0.0994504
0.071978
0.0329227
-0.538849
0.0672563
-0.343493
-0.190318
-0.197188
-0.272952
-0.468249
-0.600369
-0.261476
-0.224371
NA
0.0619754
-0.00390872
-0.394597
-0.0664438
NA
-0.0263533
-0.172185
-0.443338
-0.398722
-0.477583
-0.105916
NA
-0.21656
-0.517006
-0.463108
-0.235286
0.121298
0.0752152
-0.303157
-0.585909
0.0236099
-0.538966
-0.105442
-0.564018
0.0919009
-0.524745
-0.451125
-0.210928
-0.937586
0.0622942
0.0819446
0.0454752
-0.0766095
-0.0278987
-0.215456
-0.384863
0.0640568
-0.326034
-0.0876789
-0.646401
0.0749016
-0.0460591
-0.213649
0.32218
-0.717013
-0.332765
-0.509153
-0.595052
-0.0505656
NA
-0.784234
-0.11396
0.0681392
0.00831613
NA
0.0482897
0.0366649
0.0841577
0.00758447
-0.15659
-0.335593
-0.313996
NA
0.08184
-0.376421
-0.134634
NA
-0.630619
0.0443918
-0.601287
-0.514143
0.0872241
-0.196803
0.0804358
-0.0906229
0.078525
0.0732734
-0.431506
0.0930487
-0.174007
0.0865519
-0.147515
-0.0015782
-0.413303
0.0720681
-0.783421
-0.528352
-0.0955318
0.00219414
0.0758802
-0.120858
-0.0626979
0.0337913
0.0453404
0.0755857
-0.303762
-0.399737
0.0498289
-0.0954532
0.0176122
0.0999325
0.0845692
-0.369871
-0.612822
0.0312735
-0.0505141
NA
NA
-0.320992
0.0108815
0.0267728
0.0795362
NA
-0.484199
NA
NA
-0.344073
-0.114048
-0.0731558
-0.145628
-0.0351093
0.0630004
-0.0633314
-0.0464674
-0.204002
NA
NA
-0.275662
0.0468277
-0.258671
-0.120255
0.0836391
-0.0392014
NA
-0.479628
-0.547266
-0.00682167
0.00454725
-0.302698
0.0285414
-0.618107
NA
-0.222379
-0.544294
-0.809816
-0.323881
-0.247288
0.00501201
NA
-0.0662289
-0.135581
-0.113615
NA
-0.26111
-0.25207
-0.00108562
-0.379621
0.028266
-0.30836
-0.254507
-0.631007
-0.810484
-0.576881
-0.0803531
-0.134873
0.000682208
0.11198
NA
NA
0.0456808
0.0795612
-0.877192
-0.176571
-0.204176
0.254
0.0431786
-0.415498
NA
-0.328838
-0.426036
-0.500469
0.0549072
-0.748108
0.0405674
-0.0875565
0.0768087
NA
-0.398509
0.0678465
-0.356042
-0.605935
0.0510635
-0.349459
0.0152802
-0.202658
0.0618607
-2.25826
-0.477808
0.067664
0.0979238
-0.198637
0.06977
-0.102824
-0.482478
NA
-0.228525
-0.449481
-0.540524
0.0771531
-0.421893
-0.658156
-0.296765
-0.666499
-0.766206
-0.309382
-0.364528
-0.358508
-0.0845147
-0.286515
0.179678
-0.395118
0.0435567
0.0642668
0.0639607
-0.0703067
-0.333324
-0.590135
0.0689508
-0.725741
-0.271501
-0.921729
0.0480758
0.0518
NA
0.0305441
0.00758589
NA
-0.399717
-0.128753
0.0836884
0.0271359
-0.330824
NA
-0.0346113
NA
-0.574935
-0.247541
-0.756847
-1.13408
-0.297374
-0.0238963
0.0438586
0.0496637
-0.501771
-0.0868834
0.0866665
-0.399601
-0.184282
-0.438823
-0.218992
0.0759504
-0.00364872
0.0432771
-0.475529
-0.178114
NA
0.0210728
-0.337477
-1.07565
-0.0990416
-0.288167
-0.31913
0.176591
0.0763736
0.0796208
0.0214201
-0.635451
0.228258
NA
-0.538312
-0.50316
0.0204104
0.0580808
NA
NA
0.079702
-0.00533463
-0.37555
-0.30684
0.0442827
-0.251634
NA
NA
0.261836
NA
-0.0514276
0.0297561
-0.0720045
-0.301205
-0.273225
-0.222214
-2.96552
-0.443717
0.0765827
NA
0.0203817
NA
NA
-0.303391
-0.770877
-0.816857
-0.00976476
NA
-0.291826
-0.561111
-0.264663
0.000180784
-0.0516138
-0.175134
-0.137577
0.0356811
NA
NA
-0.056234
-0.320682
-0.336513
0.0132283
-0.368468
-0.567929
NA
-0.0943328
NA
0.0562191
-0.0926195
-0.705741
0.0729773
-0.501649
-0.0772869
-0.0761784
-0.250304
-0.241655
-0.895726
-0.0490997
0.00988496
-0.945984
0.0657112
0.0289518
0.0699806
0.0528611
-0.0595865
-0.418265
0.049342
-0.143894
-0.297633
-0.551868
0.0799201
-0.346058
-0.057488
-0.630368
NA
-0.837202
-0.416103
-0.293833
-0.498049
-0.43191
-0.0448788
-0.0827621
-0.101172
-0.168865
-0.0658592
-0.370448
-0.486769
-0.640805
-0.114394
-0.227569
-0.39946
-0.082814
NA
-0.520427
-0.509163
0.000157668
-0.119923
-0.480524
0.0430741
-0.0762329
-0.26144
-0.266515
-0.352096
-0.877926
-0.0136332
-0.0789442
-0.234949
-0.476058
-0.572982
-0.171949
-0.30127
0.0648123
-0.417651
-0.209726
NA
-0.0411015
NA
-0.0162416
-0.51114
NA
NA
0.0768251
-0.00771686
-0.479144
-0.222754
-0.248007
-0.20923
-0.0905725
NA
-0.235234
0.0434172
-0.0262168
NA
0.0757831
0.0335571
NA
-0.196631
0.0814974
-0.490566
-0.43701
-0.264359
-0.413447
0.0444761
-0.481046
-0.239506
0.0551652
-0.506915
-0.169197
-0.512232
NA
0.0555911
-0.419667
-0.509272
NA
-0.13792
-0.336221
-0.612487
-0.00133425
0.0244002
-0.474247
-0.277281
-0.337507
-0.296129
-0.52885
-0.169777
0.04078
-0.632515
0.0908641
-0.00440755
-0.438548
-0.567231
0.120408
NA
0.00109847
-0.399936
0.0467719
-0.883818
0.00774673
NA
-0.19324
-0.527438
-0.538782
-0.0294446
-0.381901
-0.325782
0.102826
-0.350552
-0.483699
-0.414078
-0.406051
-0.00842515
-0.175468
-0.553746
-0.627975
-1.18581
NA
0.0645365
0.0447969
-0.366676
0.158573
0.0173864
-0.79051
0.118244
0.0539138
-0.0165861
0.0729228
0.00435205
0.14912
-0.769689
-0.196296
0.0466886
-0.622211
0.0643248
-0.159357
0.00777196
0.0344503
-0.336535
NA
NA
NA
NA
-0.597823
-0.101199
-0.137802
0.0747458
-0.415115
-0.418124
-0.335326
0.117536
0.023172
NA
NA
0.120758
-0.0794358
-0.0470564
-0.44999
-0.31228
0.0814727
-0.107658
-0.302206
-0.453834
-0.0331327
-0.0338903
-0.269401
0.0675645
0.0735713
-0.184862
-0.402567
NA
-0.137495
-0.476481
-0.886031
-0.240899
-0.115614
-0.0608104
0.0626675
0.0183393
-0.849468
-0.123603
0.0644381
-0.0423644
NA
-0.475313
-0.282276
0.0203503
0.025503
0.0347311
0.0706973
-0.107236
0.0788609
0.103656
NA
0.0610651
0.0545546
-0.00912128
-0.249972
NA
-0.554197
-0.422393
0.0753644
-0.604439
-0.740845
-0.173386
0.0714288
0.049185
-0.893099
0.0392394
-0.34962
0.0541347
-0.443354
-0.577334
-0.0852935
-0.204282
-0.20044
-0.245123
0.0758523
0.0837736
-0.0654963
-0.510965
-0.464194
0.074345
-0.436713
-0.0630533
NA
NA
-0.29553
-0.304697
0.0519092
-0.0264697
0.0729653
-0.418934
-0.00662708
-0.0192639
-0.358798
0.132773
-0.303719
NA
-0.381827
-0.553738
-0.0702221
-0.410761
-0.305051
-0.0113623
-0.736342
-0.00205438
-0.137822
-0.710183
-0.12612
0.210658
-0.0269778
-0.153464
-0.0835936
0.0035508
-0.0667029
-0.424049
0.0754721
-0.00510607
-0.523723
0.0625075
0.0754695
-0.809
0.07778
-0.0500692
0.0508791
-0.130703
-0.277203
-0.422011
-0.732666
-0.681586
-0.266786
-0.104723
0.0451831
0.0208289
0.0399784
-0.678432
-0.248823
-0.537065
-0.260428
0.0143204
-0.0293549
NA
0.00289225
0.313995
0.0612605
-0.243523
-0.219093
NA
0.0685578
0.0502166
-0.357833
0.129653
-0.588935
-0.398619
NA
-0.169543
-0.262737
NA
-0.114864
NA
-0.255973
0.0728794
NA
-0.416396
0.094584
-0.279681
-0.767251
NA
-0.0694307
-0.219347
0.0287518
-0.308556
-0.0344445
-0.163788
0.0782629
-0.181006
-0.37164
NA
-0.0514755
0.0454347
0.0194318
0.0658549
0.0582828
-0.609388
-0.587648
-0.652888
0.0827868
NA
NA
-0.676469
0.0810377
-0.0594015
-0.623277
-0.191558
-0.521599
-0.283315
-0.230682
0.123202
NA
-0.01435
-0.00752741
0.0694581
NA
-0.145991
NA
-0.0497889
-0.0465201
-0.0816631
-0.618604
-0.397029
0.0773173
-0.185651
NA
-0.522105
0.0735059
0.0670832
0.0671
0.0314913
-0.468926
-0.0360046
-0.0529472
NA
-0.0957068
0.0866441
-0.426896
NA
0.0776996
-1.00882
0.0393641
NA
0.0571449
0.0420392
0.0809959
-0.586287
-0.138327
0.0692869
0.0764896
-0.242771
-0.4765
0.0660674
-0.360795
-0.459174
0.0762248
-0.0691814
0.0380194
-0.339486
-0.590443
-0.36067
-0.0904395
-0.56987
-0.206189
-0.540568
-0.265158
-0.431634
-0.037903
0.0267674
0.060752
-0.689854
0.0454716
-0.242602
-0.370732
-0.418667
-0.0165556
-0.113718
0.119363
-0.460445
-0.47302
0.0311723
-0.268145
-0.653801
-0.0743443
-1.00014
-0.327862
NA
0.00920264
-0.375864
0.0689143
NA
-0.2875
0.072047
-0.116079
-0.000966953
0.0683351
0.0757091
0.037275
-0.451846
-0.0323378
-0.321722
-0.581219
-0.0457519
NA
0.00786382
NA
-0.0155994
-0.602195
-0.642601
-0.0569453
-0.142087
-0.19133
0.0534065
-0.217389
NA
-0.375349
0.0748905
-0.145903
0.00847445
-0.334257
0.0928548
-0.505478
-0.468624
NA
0.0444312
-0.210993
0.0679967
-0.128799
-0.240612
NA
-0.341905
0.0242019
NA
-0.0859226
-0.190304
-0.125628
0.00182723
-0.0356575
-0.631129
0.0781224
0.0671391
-0.541152
-0.0898714
NA
NA
0.0191427
-0.0442211
0.0726945
-0.103118
-0.0721377
0.0667118
-0.345611
-0.589956
-0.15305
-0.681354
-0.474646
-0.186197
-0.20809
0.00663104
0.0810958
NA
-0.246278
0.0626372
-0.0258013
NA
-0.160372
-0.267732
-0.0319594
-0.0639906
0.0250889
-0.568702
-0.411947
-0.065658
-0.00112211
1.90362
-0.42188
0.0801102
-0.16034
-0.584439
-0.134249
-0.850204
NA
0.00344225
0.0868752
-0.414485
-0.0292967
0.0239061
-0.403085
-0.108903
-0.288862
NA
0.0416749
-0.117107
0.0763458
NA
-0.331595
0.0797263
0.0731623
0.0784937
-0.515971
-0.407727
0.0834659
-0.541118
-0.408057
-0.273662
NA
NA
-0.646233
-0.000333349
-0.01169
0.0451105
-0.296648
0.0124808
-0.190064
0.0025149
-0.0912298
0.0459422
NA
NA
0.0434828
-0.244828
-0.00348318
-0.140468
-0.12656
0.0204718
NA
-0.154134
-0.0764396
0.0465039
-0.368025
0.0784346
-0.0430635
NA
0.0531852
-0.395053
-0.0280012
-0.0724207
-0.290312
-0.35683
-0.36312
-0.561557
-0.515046
-0.126531
0.126155
0.0691907
-0.304822
0.0691954
0.00760467
-0.611056
-0.95474
0.0199632
-0.117948
-0.313628
0.0651656
-0.42225
-0.340046
-0.0831118
-0.0449858
-0.268246
-0.484876
-0.0700151
-0.442926
-0.272711
-0.636081
-0.510666
-0.284509
NA
-0.166903
-0.175314
-0.136884
-0.00146222
-0.608506
-0.510369
0.0240418
-0.45131
-0.663984
-0.72431
-0.714742
0.0733615
-0.737608
-0.303301
0.0428057
0.0184143
-0.26777
0.04799
-0.101459
-0.331492
-0.65072
-0.0545208
-0.0168403
0.0743784
-0.0678389
NA
-0.392131
0.0719098
0.0737972
NA
0.0445362
-0.336547
-0.475995
-0.28861
0.0816515
-0.453961
0.0458702
-0.468551
0.0673156
-0.864668
-0.435145
NA
-0.313535
0.168543
-0.0402815
-0.544613
0.0626007
-0.155717
0.0453188
-0.253948
-0.40458
NA
0.0854398
-0.276597
-0.653567
0.0196401
0.0725193
-0.176236
0.0446773
-0.214505
-0.329543
0.086633
-0.423262
-0.0850066
-0.67318
0.0111966
-0.298679
-0.656835
0.0727176
-0.0279966
-0.0624052
0.0752419
-0.101264
0.364363
-0.0163652
NA
0.0907381
-0.298913
-0.193325
-0.235466
0.0765953
-0.427077
-0.0523405
0.0328174
-0.152911
-0.301608
-0.495275
0.0661455
0.00530201
0.0485343
-0.323919
0.106886
-0.0276212
-0.119893
-0.48052
-0.108982
-0.161259
NA
0.0787651
NA
NA
NA
-0.155486
0.0945804
NA
-0.321596
-0.0719417
0.0783408
-0.198979
-0.211445
-0.420656
-0.514249
-0.0960954
-0.191773
-0.385776
NA
-0.510007
-0.613862
0.07332
NA
0.0318081
-0.102394
-0.522036
-0.103351
-0.0158572
-0.11071
0.0669698
-0.154505
0.0676305
-0.653343
-0.379176
-0.615619
-0.294424
0.0740249
-0.178114
-0.528902
-0.626239
-0.325842
-0.573848
-0.509046
-0.89526
NA
-0.369338
-0.590846
-0.298914
-0.107661
0.0446822
0.0566052
-0.384983
-0.457142
-0.0137148
-0.0640191
0.105899
0.0668157
-0.652079
-0.1306
0.0566272
0.0543907
-0.345464
NA
0.0158835
-0.0131549
-0.435691
0.145735
-0.259073
-0.422048
NA
-0.102633
-0.2266
-0.3639
-0.12169
0.0351616
-0.364749
0.0700477
0.110024
0.014855
-0.7643
-0.952934
0.348782
-0.622935
NA
-0.401026
-0.268356
-0.412328
0.0730379
0.0462726
0.0431618
0.0591711
-0.235527
-0.579753
-0.512224
-0.5936
-0.406695
-0.696949
0.0836816
-0.782762
-0.392528
-0.0181461
0.0115128
NA
NA
0.0726159
-0.629117
-0.166534
0.0452201
-0.243739
NA
-0.38652
-0.0252787
-0.0818334
NA
0.0694096
-0.435601
0.060741
-0.795731
-0.485047
0.0448674
-0.502928
-0.522378
0.126514
-0.263297
-0.677099
-0.285703
-0.117642
-0.0887842
NA
0.0787873
-0.247038
-0.31461
-0.722509
-0.503714
0.0601777
0.0193258
NA
-0.0788976
-0.277313
-0.281211
NA
-0.478122
-3.39671
-0.451539
-0.38028
0.0548475
-0.0926851
-0.372392
-0.113317
-0.119879
0.081138
-0.4611
-0.611234
0.01308
0.0628645
-0.118711
0.0470117
-0.707475
-0.443904
-0.247839
-0.00404241
NA
-0.378379
-0.522192
-0.135493
0.0797983
-0.288291
-0.554906
NA
-0.121994
0.0104533
NA
0.0521684
-0.168301
-0.384632
-0.0170831
-0.309258
NA
0.110793
-0.109375
-0.240299
-0.643787
0.254596
0.123519
-0.25786
NA
-0.44088
-0.0498248
-0.471407
-0.24875
0.0456119
-0.0161362
NA
-0.509042
0.137924
-0.535174
-0.331723
0.0863573
-0.320001
-0.20713
-0.383959
-0.675602
-0.0812871
0.0841446
0.0711292
NA
-0.424617
-0.384031
-0.0233517
-0.327868
0.0838816
-0.490189
-0.621509
0.0432533
0.0237037
-0.240399
0.0855614
-0.542579
-0.361704
-0.647786
-0.330713
-0.192041
-0.552216
-0.709222
NA
NA
-0.199089
-0.862763
-0.656902
-0.635204
-0.0536902
0.0850586
-0.837244
NA
NA
NA
-0.287488
-0.128864
NA
0.118326
-0.245338
0.0788517
0.00711363
-0.709287
-0.231399
-0.336485
-0.00901642
-0.38709
0.0694858
-0.0606687
NA
-0.57172
0.0329322
0.0148876
-0.503549
0.0157348
-0.1988
-0.632829
0.165571
0.0730489
0.0450035
-0.169091
0.648279
-0.726952
-0.124375
-0.255609
-0.31988
-0.59947
-0.0562436
-0.221894
NA
-0.117101
0.0794839
-0.834106
-0.512534
0.0810675
-0.285356
-0.118766
-0.567161
-0.445639
-0.20749
NA
-0.211052
-0.453755
-0.36187
NA
-0.783062
0.15285
-0.699006
-0.0631091
-0.73693
-0.609023
-0.620448
-0.679395
0.11324
-0.0376077
-0.587985
0.0105682
-0.7678
0.04235
0.076595
-0.689828
-0.563535
-0.205006
0.0458622
-0.442276
0.0479084
-0.58641
0.0851281
-0.268865
0.0681434
0.0408909
-0.714847
-0.278018
0.0602735
-0.233048
-0.148915
-0.241392
0.0442291
0.0183399
-0.331606
-0.853478
-0.214157
-0.567154
1.82056e-06
-0.0561173
-0.00474406
0.0300939
NA
-0.502985
-0.00194505
-0.266732
-0.726995
0.0876848
0.207137
-0.125934
-0.410983
NA
0.00126505
-0.433935
-0.262763
-0.375046
-0.211141
-0.258962
-0.3388
-0.00665624
NA
-0.437779
-0.790289
0.0509972
-0.351662
-0.271904
-0.463754
-0.423
0.04371
0.0823715
0.0403861
-0.837991
-0.83026
-0.221211
-0.0617653
-0.538207
0.0566747
-0.768216
-0.0782981
NA
0.0572828
0.01511
-1.03006
0.0727382
NA
-0.483472
NA
-0.31604
NA
-0.134273
-0.289288
-0.083665
0.0752173
-0.402589
0.0766364
-0.0498858
-0.285158
-0.80119
-0.458907
-0.428316
0.0553205
NA
0.11698
-0.354652
-0.42201
-0.0711997
-0.0278325
0.0406583
-0.411204
0.076393
-0.161333
-0.198596
0.0766554
-0.150665
-0.192596
0.0240796
0.0680093
NA
0.0673083
NA
0.0884712
0.0697533
-0.414591
0.0735811
0.0525871
0.06841
0.0423779
-0.0373813
-0.248155
0.0674287
-0.2629
-0.17996
-0.0096457
0.072318
-0.227736
-0.120262
0.0348239
-0.0856717
-0.0933717
-0.595434
-0.879544
-0.30721
NA
0.103901
-0.0457326
-3.6258
-0.604629
-0.101558
-0.0167768
-0.484775
-0.0116372
0.100796
0.0467481
0.046219
0.0748882
-0.167442
-0.586364
0.085625
-0.554085
0.084509
-0.567187
0.0449276
-0.950647
-0.101433
-0.678372
NA
-0.0184069
-0.0568878
-0.136652
-0.142766
NA
-0.341424
0.0815979
-0.10091
-0.55698
-0.307888
NA
NA
-0.00256806
-0.323448
-0.212168
-0.597194
0.0596203
-0.417995
NA
-0.0255576
-0.107713
-0.683435
0.0633737
-0.269386
-0.572588
-0.244992
-0.27303
-0.0332602
-0.668193
-0.126681
-0.378427
0.0123421
-0.395307
0.235682
0.0702379
NA
-0.498437
-0.242587
0.0412857
-0.243223
-0.0301454
-0.594235
-0.0998546
NA
-0.686015
-0.51332
0.0479408
-0.884736
-0.376679
-0.210583
0.0417963
-0.174463
-0.159598
NA
0.070327
-0.847024
-0.2828
-0.569336
-1.29002
-0.403142
-0.516015
-0.0632464
-0.183287
-0.637225
0.0817428
-0.281158
-0.180746
-0.65649
0.065055
0.0459263
-0.58455
0.0464255
-0.231235
-0.226018
0.0722708
-0.0989866
-0.40691
-0.214594
-0.906296
0.0717945
-0.331362
-0.12704
-0.433615
-0.116847
0.0255275
-0.0736917
NA
-0.951772
-0.340482
-0.442601
0.0799062
0.0670264
-0.46491
NA
NA
NA
-0.465464
-0.501855
-0.711277
-0.497445
-0.106631
-0.061648
-0.542453
-0.160608
NA
-0.0899639
-0.0653304
-0.176379
0.0107834
-0.133027
-0.72059
-0.118948
NA
-0.0768158
-0.278958
-0.426804
-0.423546
-0.123323
-0.290608
-0.0780252
-0.591042
-0.155958
-0.01773
-0.0685862
-0.0488792
-0.223974
-0.615481
-0.476061
-0.291278
-0.35953
NA
-0.356091
-0.0270114
NA
-0.0873271
-0.105087
NA
NA
-0.170647
-0.428284
0.0631661
-0.276382
-0.403594
0.044586
0.00976712
-0.0848608
NA
0.0726983
0.0651947
-0.27089
-0.177182
-0.314314
-0.148266
NA
NA
0.0835484
NA
0.0444149
0.0516109
-0.431219
0.0421129
-0.60685
-0.249939
0.0839364
-0.862604
-0.375701
-0.0123642
0.00233129
-0.071565
NA
0.0682296
-0.257118
0.0556928
-0.249213
-0.376882
-0.504366
-0.423292
-0.132486
0.0032596
-0.763858
NA
0.0495196
0.0161749
-0.374249
-0.382444
-0.539537
NA
-0.362404
NA
-0.4679
0.0406518
-0.51246
-0.0139884
-0.9236
-0.43066
-0.523865
-0.0365377
-0.474181
0.0675665
0.0222301
-0.0875572
-0.105556
NA
-0.255755
-0.295083
-0.35496
-0.506505
-0.408341
0.0162184
-0.853591
0.027248
-3.49
NA
-0.342301
-0.44606
-0.280921
-0.00835188
-0.920956
-0.27181
NA
-0.365842
0.0441416
0.0644947
0.0813085
0.0694033
-0.354875
-0.600459
0.0186315
-0.224984
-0.0959871
NA
-0.270205
NA
-0.265914
0.0565386
-0.28188
-0.309221
-0.332691
-0.236694
NA
-0.48471
-0.0847008
0.0251608
-0.416048
-0.214032
0.0760692
-0.328195
-0.649982
-0.291358
-0.26826
NA
-0.175452
0.0199125
-0.845662
NA
-0.790644
-0.819211
-0.524774
NA
0.0832228
NA
-0.547366
-0.737906
0.0945978
0.0673431
0.0735526
-0.355872
-0.553347
-0.612168
0.0758855
0.0451847
0.0942624
-0.323974
NA
-0.0106771
NA
0.101543
-0.059059
-0.185123
-0.177104
-0.0239393
-0.103092
-0.0302596
-0.0317676
-0.0229349
-0.385583
0.0707349
0.254276
-0.360241
-0.238349
-0.0499839
-0.713661
0.0625571
-0.00316236
-0.986984
-0.388644
-0.310457
-0.671972
0.0361052
0.085493
0.116384
-0.310763
-0.243188
-1.48654
-0.233844
-0.413405
0.0697562
-0.313441
-0.300863
0.04291
0.0290021
-0.388053
0.078079
-0.322982
0.0502569
0.0704445
0.051783
NA
-0.270413
-0.544777
0.0590024
0.0803896
-0.638744
0.00378948
0.107302
-0.246432
0.0393881
NA
0.0692882
-0.312267
-0.0689222
0.0797886
0.097501
0.0620088
0.0951052
-0.441908
-0.56657
-0.615636
-0.490234
-0.115623
-0.151539
-0.198769
0.00469589
NA
0.0916794
-0.089814
0.118363
-0.142422
-0.162523
-0.655456
-0.115571
0.00759344
-0.26967
NA
NA
-0.457744
NA
NA
-0.228448
-0.141897
-0.0832082
-0.292075
-0.182695
-0.00165778
-0.157442
NA
-0.0900249
-0.193812
0.0202902
-0.767478
NA
NA
-0.443798
0.0804621
-0.136261
NA
0.0287237
0.0610722
-0.156155
-0.743277
0.0774452
-0.71374
0.0360079
-0.62148
0.0833806
0.0462
0.0400629
-0.0170187
0.12861
0.0137841
-0.068883
-0.0731555
0.010825
0.101643
-0.146856
0.0679075
-0.266597
-0.373441
-0.0993476
-0.162144
-0.491784
0.0711078
-0.0357808
-0.710893
NA
-0.187288
-0.348175
0.0778903
-0.6952
-0.431129
-0.729833
-0.595094
-0.297585
0.0679729
NA
NA
NA
NA
0.0432371
0.074835
NA
NA
-0.322626
0.0403359
-0.326069
NA
-0.119689
-0.561223
-0.417234
-0.615401
-0.437646
-0.0697317
-0.730617
-0.312757
-0.152491
-0.415599
-0.576648
-0.422143
-0.406117
-0.15281
NA
NA
0.0152818
-0.345119
-0.270532
-0.0221029
-0.510081
-0.000843672
-0.195373
0.0468175
-0.472752
NA
-0.525133
-0.489185
-0.0963961
0.0445706
-0.17076
NA
NA
0.0807637
-0.763713
0.00275496
0.0646126
-0.334341
0.0635709
NA
0.00888559
-0.116375
-0.0580236
-0.541478
0.0478715
-0.382452
-0.288823
-0.285022
0.0710478
-0.525635
NA
-0.499516
NA
-0.0442267
0.163046
NA
0.0447227
-0.38458
-0.185684
-0.629251
-0.341378
-0.231394
-0.185838
NA
-0.0712437
-0.364231
NA
-0.230554
NA
-0.169705
-0.198563
-0.598638
-0.531249
0.0667811
-0.32861
-0.285154
-0.479141
-0.602812
NA
0.0662603
-0.048438
-0.500266
-0.612805
-0.5722
0.00453321
-0.300434
-0.528444
0.0356921
0.0714825
NA
-0.118018
-0.351763
-0.581354
-0.0841381
-0.611828
-0.652162
-0.102131
0.0621246
NA
NA
-0.439693
0.0840866
-4.06618
0.0794651
0.0752188
-0.494327
-0.488796
-0.374292
0.0378244
-0.607385
-0.186375
-0.518573
NA
NA
-0.114834
-0.547542
0.0300601
0.0673253
0.0441035
-0.233702
-0.42279
-0.117828
-0.191401
-0.170993
-0.346509
-0.00365072
-0.625717
-0.340015
-0.479151
-0.161365
0.0493496
-0.295868
-0.170278
-0.148091
-0.351936
-0.209294
-0.605503
0.034453
-0.0705844
-0.0011402
-0.913867
-0.0888613
-0.169567
0.0477123
-0.1809
0.0890372
NA
NA
0.0605264
-0.475148
NA
-0.81023
-0.280556
NA
NA
0.0896768
-2.97
-0.485434
-0.24968
0.0705145
NA
0.0468642
0.0737388
-0.00727415
-0.441667
0.0668138
-0.0257736
0.0427136
NA
-0.349094
-0.0340883
0.0711853
-0.239394
-0.0171479
-0.154601
-0.113324
-0.394232
0.139083
-0.809369
0.0468006
0.078774
-0.742683
-0.274064
-0.587601
-0.834879
-0.11898
-0.493148
0.151524
0.0311232
0.183617
-0.351103
-0.453318
-0.366322
-0.1153
-0.613868
0.0796829
NA
0.0961466
-0.211627
0.0619933
0.0163178
0.0250276
-1.1389
-0.290096
-0.447583
0.0488
NA
-0.184741
NA
NA
-0.444215
0.0299573
-0.000943675
-0.134896
-0.364946
-0.554187
-0.661121
0.0598318
-0.447083
0.00927931
-0.565162
-0.988457
-0.241862
-0.0820717
-1.07224
NA
-0.332218
-0.61892
-0.595397
-0.139367
0.0721841
0.139216
0.0860318
-0.171616
-0.294975
0.00164676
-0.169137
-0.391043
-0.132458
-0.143302
-0.708418
0.0224764
0.0453013
-0.0326046
0.00369914
0.0644046
-0.177198
-0.153774
-0.755873
-0.582123
-0.0910918
-0.274798
-0.380001
-0.536466
0.0720645
NA
0.00507744
-0.499322
0.040443
NA
-0.492518
-0.690805
-0.289939
0.100147
-0.265744
-0.121665
-0.0140031
-0.564264
-0.394657
-0.308783
-0.53401
NA
0.074486
-0.142906
0.0456389
-0.495598
0.0629706
NA
-0.553871
0.0669271
0.0689289
-0.465752
-0.050781
-0.441558
-0.0799841
-0.441174
NA
0.0288408
0.094083
0.0621512
-0.256075
0.048608
-0.5195
-0.317963
0.048594
-0.151647
0.0461853
-0.411784
-0.112404
-0.00766819
0.0300607
0.0751022
-0.557579
-0.00601553
0.0584916
0.0244792
-0.335529
-0.203169
0.093168
-0.502566
0.00953886
-0.748937
-0.518724
-0.72304
NA
0.0346606
-0.235077
0.0588716
-0.487841
-0.240041
-0.153981
0.0284274
0.114867
-0.698347
-0.67596
0.0451116
-0.132127
-0.680387
-0.00622315
-0.00974785
0.106404
-0.170923
0.0118386
-0.128064
-0.0876743
0.0449366
-0.170741
-0.702469
-0.292846
NA
0.0560628
0.0249796
-0.679324
-0.259142
-0.489828
-0.253472
-0.305433
0.0771411
NA
-0.137618
-0.415904
-0.410415
0.079838
-0.342132
-0.384401
-0.0643197
-0.24382
-0.914828
NA
-0.602816
-0.654204
-0.732067
0.0439734
-0.219321
-0.346531
0.0640495
-0.0756213
0.025023
-0.112478
-0.229414
0.233916
0.0251753
-0.642165
-0.157224
-0.436599
0.109114
NA
-0.120995
-0.370156
-0.341322
-1.59316
-0.366329
-0.378754
-0.506859
-0.42629
0.197826
-0.409237
-0.126393
NA
-0.191309
0.00579931
-0.179442
-0.159814
0.0781499
-0.489887
-1.23726
-0.515801
NA
0.0887441
NA
-0.747751
0.071241
-0.131185
0.0101311
-0.265225
-0.230435
-0.00368787
-0.255212
0.0387114
-0.332215
0.035498
0.0652204
0.0238594
-0.514236
-0.722142
-0.291749
-0.377291
-0.662035
-0.437362
NA
-0.205811
-0.146362
-0.575954
-0.293523
-0.173813
NA
-0.094555
0.0901766
-3.51
0.0809079
0.0857964
-0.724025
-0.299398
0.0632409
NA
NA
-0.0542285
-0.211903
-0.352692
0.0756658
0.0265321
0.0735429
0.0716341
-0.559544
NA
-0.607021
-0.241778
-0.0257899
-0.011852
-0.155683
-0.447034
-0.716102
-0.203735
NA
-0.384312
-0.0855876
-0.134939
-0.305748
0.00198942
-0.316308
-0.155989
-0.389782
-0.195905
0.000529426
-0.145442
-0.334116
-0.454304
-0.0857571
-0.0672147
-0.314018
-0.418291
-0.0257122
0.0191219
-0.490544
-0.657399
-0.545483
0.0481305
0.134257
-0.57074
-0.129602
NA
-0.476235
-0.436205
0.0402708
-0.320136
-0.722848
0.0800997
-0.0507315
0.0855313
-0.247969
-0.683644
-0.569853
-0.473398
-0.151329
-0.043106
0.101473
-0.321162
-0.296312
-0.0121442
0.0542463
-0.926639
0.0845881
0.0811291
0.194516
-0.101031
0.0467802
-3.6094
-0.742933
NA
-0.226735
-0.600197
NA
-0.219762
-0.394932
0.0547966
-0.81543
-0.0854455
-0.911985
-0.0986775
0.0447737
NA
-0.0529841
-0.556731
-0.350425
-0.518575
-0.105008
-1.21777
-0.39078
-0.712863
0.0651778
-0.0431352
NA
0.0515451
0.137714
-0.000942298
-0.478045
-0.0625209
-0.0414381
NA
-0.813963
-0.114616
-0.342701
-0.560226
-0.2365
-0.250437
-0.134724
0.0725109
-0.0686189
0.0738432
-0.0520332
-0.255001
-0.178619
0.0390365
0.0915411
-0.297916
0.0775624
-0.630028
0.0424296
0.0480775
0.219361
0.0490726
0.0630529
0.088374
-0.149475
0.0440541
NA
-0.1144
-0.154804
0.167509
-0.301734
NA
-0.119902
-0.156496
-0.32777
0.0436226
-0.571321
-0.209726
-0.160378
-0.274775
-0.654436
0.0438808
0.0908939
0.0142254
-0.00271428
0.0211392
-0.285129
0.0481921
0.03038
NA
0.0340187
-0.0566274
-0.634933
0.0105691
0.0799403
-0.750194
-0.361076
-0.0245116
-0.284946
0.0707066
-0.43006
-0.301978
-0.41654
-0.68956
0.00628242
-0.624273
0.027779
-0.117395
0.0443884
-0.215093
-0.521741
0.0682129
0.0479715
NA
NA
0.0471387
0.044422
NA
0.0429808
-0.164655
-0.137871
-0.00501737
-0.0715448
-0.518753
0.0538749
-0.603096
-1.1469
0.0704805
-0.451697
0.0620585
-0.506625
-0.341391
-0.203246
0.0566315
-0.208961
-0.498364
0.0890389
NA
-0.630104
-0.550811
-0.183185
NA
-0.867381
NA
-0.205252
0.0686648
NA
0.0229865
-0.162095
-0.06939
-0.328186
NA
0.0455522
-0.272309
0.0457588
NA
-0.292596
0.0570452
0.0151462
0.00922522
NA
0.11843
-0.452951
0.0505522
0.0678408
-0.290092
0.010025
-0.690031
-0.538073
NA
0.0923786
-0.00272489
-0.206521
-0.552227
-0.188767
0.000463102
-0.398818
-0.695046
0.0394477
NA
-0.288783
NA
-0.371586
0.0316667
-0.100542
0.0333468
-0.323914
0.0179417
-0.231879
-0.000940604
NA
-0.0367066
-0.246567
0.0818067
0.0138967
-0.108139
0.0446221
-0.24211
0.0589326
-0.135232
-0.706532
-0.0799637
-0.187276
-0.300382
0.0710488
-0.344897
NA
NA
0.024765
-0.187361
0.0556933
-0.0122204
-0.261159
-0.353927
-0.685379
0.104634
-0.288568
-0.0907666
-0.45034
0.163422
-0.368607
0.0278502
0.0624504
NA
-0.351252
-0.0927153
-0.578317
-0.336729
0.0901594
0.027354
-0.521978
-0.145439
0.0452161
0.0450191
NA
0.0698858
0.036363
0.0463537
-0.404569
-0.360788
-0.1128
-0.0935381
-0.372307
0.0522957
0.0762732
-0.610868
-0.340375
-0.339225
0.0153636
-0.666795
-0.182896
-0.74062
-0.154053
0.0194799
NA
0.0722664
0.0190105
-0.356033
NA
-0.132485
-0.364119
-0.0145961
-0.419261
0.0601479
-0.0346591
0.038328
0.138917
0.0797782
-0.576446
-0.324675
-0.380357
-0.158677
0.011767
NA
-0.388349
0.0921839
NA
-0.205157
NA
0.0686751
NA
-0.49892
-0.614666
-0.213211
-0.488639
-0.231502
-0.211598
0.0201152
-0.281805
-0.402084
-0.434678
-0.463591
0.0709005
0.0700307
-0.64167
-0.430463
-0.18601
NA
-0.338235
-0.292016
0.0174918
-0.476026
0.0746475
-0.178584
-0.127575
-0.0610588
-0.336033
-0.391236
-0.725877
-0.342366
-0.453526
-0.74286
-0.427379
0.0476487
-0.00199306
0.0316562
-0.355351
-0.309166
0.0755478
-0.362844
0.0379181
-0.294503
NA
-0.148517
-0.282438
-0.244372
-0.462608
-0.768351
-0.503341
-0.273897
-0.268728
0.0984071
NA
NA
-0.221337
0.0683387
-0.761563
NA
-0.209389
NA
-0.00523463
NA
-0.648472
0.0379295
0.0364485
-0.490276
0.0705402
-0.672709
-0.266433
NA
0.0205863
-0.253319
-0.0872246
-0.4823
NA
-0.696841
-0.661039
-0.2275
-0.0099407
-0.396557
-0.405259
0.0491514
NA
-0.480045
0.0782529
-0.320752
0.0437557
NA
0.121401
NA
-0.250179
0.0443499
-0.110237
0.0386436
0.0367213
-0.258801
-0.359652
0.0097468
0.0760671
-0.463909
0.0817628
-1.05077
-0.976865
NA
0.0691939
-0.413486
-0.419719
0.0986397
NA
-0.54727
-0.398065
-0.674974
-0.655617
0.0259887
-0.204724
0.0674628
-0.896483
-0.32561
-0.205538
-0.333617
-0.73536
-0.00759337
-0.037817
-0.323251
-0.657434
-0.661213
0.0778672
-0.271792
-0.133293
-0.519358
-0.342515
0.0893668
-0.301258
-0.32802
0.454906
-0.171899
NA
-0.0656837
0.0682847
-0.191262
0.0448422
NA
-1.04814
-0.277657
0.0782135
-0.165068
0.0380642
-0.362972
-0.638663
-0.523383
NA
NA
-0.0979732
-0.17232
0.031584
NA
-0.342065
-0.376375
NA
0.0479004
0.0826637
0.0743393
-0.20818
-0.102464
0.0719357
0.0733931
0.0263728
NA
-0.451007
0.0193345
0.0529908
0.0833062
-0.305605
0.0829516
0.0422892
-0.124509
-0.0253815
-0.850727
-0.41568
-0.0878378
-0.115572
NA
NA
0.0377209
0.0535435
-0.280661
-0.0419032
0.0395646
NA
0.0713556
-0.137503
-0.296296
0.0663836
-0.330539
0.0757438
0.0188702
-0.155204
0.0422742
-0.283104
0.0879431
-0.488105
NA
-0.338975
0.0727931
-0.147449
-0.00516026
-0.377816
0.0703195
-0.0930387
-0.413415
-0.0100796
0.0756468
0.0559078
0.0739719
-0.452719
NA
-0.203415
0.0906068
0.0584115
-0.817889
-0.241302
-0.125342
-0.492749
0.0620734
NA
-0.520079
-0.177491
0.0516747
-0.0452426
NA
-0.0196319
-0.337752
-0.171275
-0.183388
0.0722158
-0.0518938
NA
0.00368197
0.0644313
NA
-0.613814
-0.650758
0.105288
-0.43491
0.042578
-0.568244
NA
0.0408469
-0.0331077
-0.58206
-0.0153865
-0.448288
-0.577304
-0.084569
-0.885454
-0.381004
-0.511465
-0.173421
0.0364655
-0.466744
0.0467672
0.139164
-0.127663
NA
-0.374701
-0.640163
NA
NA
-0.328787
-0.120639
-0.703647
-0.684232
-0.356655
NA
0.0703292
0.0792043
0.0403174
-0.455671
-0.132607
-0.367982
-0.389873
-0.00373439
NA
0.0705025
0.0475705
-0.19811
0.11305
-0.17087
0.0870692
-0.290167
-0.291609
-0.0967892
-0.0937779
-0.014598
-0.416927
-0.374076
-0.110032
-0.0188827
-0.517997
0.137086
0.0702102
NA
-0.366826
-0.345925
NA
0.057445
NA
0.0576138
0.0619891
NA
-0.334852
-0.121966
-0.511674
-0.633562
0.101222
-0.100768
-0.0463419
-0.30336
0.0750747
0.0899998
-0.635562
-0.471702
-0.730856
NA
-0.04547
-0.0500533
-0.220957
-1.10551
0.0448582
-0.220963
0.0762299
-0.523337
-0.591047
-0.485127
-0.320508
-0.527294
NA
-0.201083
-0.363043
-0.820062
0.0555949
0.0438229
-0.465656
-0.134201
-0.405441
NA
NA
NA
-0.431986
-0.214936
0.0688698
-0.102874
-0.277551
0.0815677
0.13156
-0.809493
-0.537307
-0.0239415
-0.125602
-0.243338
0.0188233
-0.396739
NA
-0.633457
-0.27187
-0.224696
0.0474012
0.0378784
NA
-0.212254
NA
-0.282434
0.044838
NA
-0.327774
0.0142334
NA
-0.657898
0.0105675
0.0734853
0.0162619
0.0678745
0.0158371
0.0516237
-0.00888771
-0.423096
-0.612607
-0.0734005
NA
NA
0.0779975
NA
0.0356458
0.0787898
-0.323922
-0.767771
0.0626792
-0.373842
-0.020253
-0.255294
-0.123437
-0.296029
-0.0107071
NA
0.0902156
-0.174987
-0.326479
0.0735409
-0.00348582
0.0808678
-0.178066
0.0190986
-0.696213
-0.524897
0.0352526
-0.735816
-3.61461
-0.317158
-0.992911
-0.404186
0.0835673
-0.149868
0.602067
-0.388455
-0.528039
-0.360735
-0.101803
-0.09768
-0.496164
0.00997117
-0.334932
-0.353474
NA
0.0250134
-0.587389
0.0824378
-0.117387
0.0830039
-0.0833787
-0.539851
0.00162437
NA
-0.0678095
-0.151711
-0.250345
0.0500122
0.0803537
0.0833623
-0.106625
0.0760613
-0.505058
0.0746366
0.0594792
0.0717102
NA
0.070985
-0.639951
-0.504698
0.0545075
0.0453553
-0.283721
-0.277436
-0.0196413
-0.00295253
-0.0920506
NA
-0.377786
-0.276993
-0.822218
-0.375195
-0.325791
0.0254321
-0.410441
0.00229347
-0.180665
-0.530362
NA
NA
0.0494192
0.0478417
0.0748081
-0.325577
-0.412904
-0.0454046
-0.407277
-1.96366
0.0748679
-0.038357
-0.0403876
-0.140436
-0.370685
-0.032368
-0.111271
0.0774085
0.0569084
-0.328588
-0.547111
-0.778837
NA
-0.793139
NA
-0.40412
0.0670256
0.00303735
-0.399848
-0.106167
0.10157
NA
-0.630456
-0.599529
-0.0795939
-0.184032
-0.62651
-0.162017
0.14879
-0.273993
-0.601876
-0.484757
-0.151252
-0.432724
NA
-0.50414
-0.456056
0.0335227
0.036175
-0.405549
-0.0696114
-0.141812
NA
0.0503763
0.0562216
NA
-0.493611
-0.285128
-0.279641
NA
-0.226067
0.0571672
NA
0.0644521
-0.441063
0.0109305
0.0660409
-0.0511595
-0.523884
-0.276488
-0.612053
0.161403
-0.1004
0.104899
-0.131969
NA
-0.322424
-0.60135
0.0097225
-5.06173
-0.296485
-0.074149
-0.414263
-0.484396
-0.00180633
0.062622
-0.130252
-0.163042
-0.818956
0.099566
0.0133569
-0.220843
-0.165709
0.0858584
-0.806857
0.00705499
-0.471776
-0.278119
-0.538262
NA
-0.706473
0.0437807
0.0246531
0.0989212
0.078372
0.0433042
0.0594045
0.0593644
-0.135814
0.0439136
NA
-0.331098
NA
-0.534549
0.0968368
-0.46569
-3.07
-0.0580479
0.0461688
-0.000930689
-0.616071
-0.018848
-0.77484
-0.264257
-0.0180179
-0.441792
NA
-0.433442
-0.66356
-0.45466
0.015931
0.0784487
-0.0338108
0.00328069
-0.0319971
-0.169654
0.0137483
NA
-0.398202
-0.0178231
-1.20902
0.00913837
-0.179878
0.0845293
-0.57874
-0.0154787
0.0454248
-0.0183448
0.103372
-0.579126
-0.588872
-0.961816
-0.323526
-0.532636
NA
-0.420955
-0.309587
-0.249542
-0.0047178
0.0322424
NA
-0.191697
-0.0992635
-0.37354
-0.373077
0.0866971
-0.458491
0.261655
-0.0879066
0.0686013
-0.0428508
-0.17499
-0.297559
-0.435137
NA
-0.0965094
-0.000839321
-0.401852
-0.38391
0.0713729
0.0320199
-0.592284
NA
-0.372813
0.00906209
-1.05033
0.00607807
-0.164894
-0.530489
-0.54667
-0.777668
NA
0.0371715
-0.48688
0.00975483
NA
-0.0134305
0.0278189
-0.246876
-0.243426
-0.456694
0.0743403
NA
NA
-0.220333
-0.450744
-0.551081
-0.290342
-0.253735
-0.109424
-0.163904
-0.193873
-0.537573
0.0684272
-0.447367
0.0664282
0.0804302
-0.0340903
-1.00233
0.0824985
0.0497265
0.0881687
-0.217853
0.0654544
0.0328673
NA
0.0736306
NA
NA
0.0377144
0.0737901
-0.983142
-0.0135278
-0.477662
-0.18708
0.330456
-0.456503
-0.132253
-0.252225
-0.00540177
0.000809455
-0.226442
0.0757589
-0.0878222
-0.29882
NA
-0.352014
-0.681026
0.0855103
0.0886276
-0.817073
-0.320647
-0.548627
0.0267871
-0.0754166
0.0713278
-0.151732
-0.422706
NA
-0.218212
0.0623815
-0.279758
NA
-0.343824
0.0451229
-0.105214
-0.156591
0.0754721
0.0814984
0.0778052
-0.157782
-0.00239394
NA
NA
-0.288237
0.0401949
0.122537
-0.187543
0.0216575
-0.0230396
0.0744618
-0.165574
-0.349214
-0.34861
-0.333003
NA
-0.077649
-0.550881
0.0578282
-0.245252
-0.156662
-0.0386297
0.105834
0.0598217
-0.806081
-0.0870188
0.0276115
0.0248591
-0.0149526
-0.680171
-0.0469027
-0.419485
-0.239135
-0.170659
0.04505
0.269214
NA
-0.137027
-0.187163
0.0520592
-0.311288
-0.743437
-0.848459
-0.743593
0.0726423
-0.22164
-0.260803
-0.466156
-0.0999608
NA
-0.553684
-0.0546993
-0.191086
-0.444624
0.0257948
-0.0439003
0.0729981
-0.467086
0.0960342
0.0459535
-0.108498
0.0401881
-0.253122
-0.432095
-0.0460098
-0.399906
0.0385206
0.0751606
-0.387385
-0.474767
0.0383269
NA
-0.965442
-0.0734439
0.072212
-0.780598
0.0710356
-0.316557
-0.467461
-0.195597
-0.340558
-0.000567455
NA
0.0925554
-0.531706
-0.620596
-0.111587
-0.171121
-0.211944
0.0417265
-0.115204
-0.21653
-0.335047
-0.0901337
-0.57914
-0.0293608
NA
-0.109041
0.0475579
0.0790148
-0.0796659
-0.37976
NA
0.0442235
8.93648e-05
-0.461514
-0.549551
NA
0.0336619
-0.396222
-0.1705
NA
-0.335087
NA
0.0483022
-0.0199927
0.0112721
0.0665044
NA
0.0873808
-0.18256
0.0495025
0.0284261
-0.364684
-0.019541
-0.419456
-0.569931
0.0818625
-0.576124
NA
-0.0565911
-0.531489
-0.372178
-0.847474
-0.699855
-0.271553
-0.164455
-0.016036
0.00964377
-0.010908
NA
0.0145736
-0.334191
-0.21804
-0.269005
0.103818
-0.452981
-0.334416
0.105226
-0.0378622
-0.789714
-0.195068
0.0128003
-0.0430394
0.0846408
0.0441951
NA
-0.231788
0.0193774
0.0150759
0.0832626
-0.111828
0.00911255
NA
0.064724
0.0706755
-0.447515
-0.810542
NA
0.0294885
-0.27238
NA
-0.0360032
0.0340574
-0.67707
0.0798824
-0.180687
0.0561491
-0.326233
0.096185
-0.205291
0.0452308
-0.201401
-0.649951
-0.208399
-0.00953464
0.0552468
-0.432109
-0.345024
NA
-0.387863
0.0190974
0.0933295
0.03482
0.417
0.0736221
0.019681
NA
0.0570643
-0.107516
-0.264098
-0.0468778
-0.111067
0.0790041
NA
-0.0805762
0.0438346
0.0493333
0.0745586
-0.201088
-0.442972
-0.245658
0.0454102
-0.11562
0.0968539
-0.324394
0.014086
-0.223408
-0.607583
-0.39164
-0.695843
NA
-0.478149
-0.254148
NA
-0.332402
0.0729379
NA
NA
NA
-0.064095
-0.347285
-0.668345
-0.000526216
-0.88263
-0.100666
-0.283586
-0.0570003
-0.26175
-0.332147
NA
NA
0.048684
-0.180457
0.0712725
-0.199142
-0.00485602
-0.38436
-0.704935
-0.393353
0.0980154
-0.562156
-0.58661
-0.396199
-0.216333
0.0493911
-0.1777
0.0566083
0.0200804
-0.650236
0.00592974
-0.521079
-0.0449514
-0.353933
-0.376924
-0.635763
0.12797
0.345934
-0.612561
-0.114579
-0.223064
-0.424913
-0.413431
-1.04732
0.104087
-0.407003
NA
-0.217478
NA
0.0756807
-0.0186696
-0.195258
-0.373827
0.0121672
NA
0.044097
0.0872479
-0.745554
-0.088601
-0.495244
-0.0026437
0.130127
NA
0.056377
-0.00960223
0.0184411
0.0719392
0.0418126
0.0641532
NA
-0.169771
-0.327652
NA
0.0563861
NA
0.0496925
NA
-0.637541
0.652332
-0.0884286
0.0389901
NA
0.0831485
-0.0822491
NA
-0.332963
-0.401979
-0.177568
-0.265615
-0.731775
-0.290462
-0.387201
-0.174479
0.0787939
-0.557846
0.10832
-0.0733687
-0.392763
-0.676553
-0.126076
-0.149501
-0.411364
-0.0635332
0.0157927
-0.301892
-0.476493
-0.066877
0.0341586
-0.265762
-0.251021
0.0728767
0.0272879
-0.49093
-0.494929
0.0892084
-0.240077
0.0827386
-0.497746
-0.371818
-0.214127
NA
0.0765914
NA
-0.198765
0.0489417
-0.433293
-0.384747
-0.426075
NA
0.0268719
-0.755882
0.0896791
-0.164227
-0.480728
-0.51853
-0.201319
0.0350567
-0.034491
NA
-0.312462
0.0375386
0.0536169
0.0688206
-0.294947
-1.15139
NA
0.0670092
0.1442
-0.488738
-0.133374
-0.00203125
-0.207384
0.0398986
0.10742
-0.366099
0.0981288
-0.824075
-0.834767
-0.81733
NA
-0.332912
0.0785906
NA
-0.521864
NA
0.0172486
-0.340683
-0.279051
0.0675651
-0.107157
0.0851616
-0.274923
-0.595278
0.103993
-0.190762
0.0706113
-0.00871034
-0.523166
-0.111632
-0.797603
-0.216938
-0.483761
-0.528833
-0.6464
0.0626472
-0.485623
-0.447293
0.0922649
-0.0012778
-0.18332
-0.0166259
-0.241314
0.0655638
-0.343344
-0.286934
-0.0727622
0.0575101
0.0540364
NA
-0.31476
0.0447201
0.0900187
-0.680067
0.0225095
-0.429826
-0.826636
-0.542007
NA
0.132039
-0.125529
-0.46575
-0.0394017
-0.575553
-0.137543
0.0146392
-0.0597168
-0.113721
NA
-0.223865
-0.635791
0.0182194
-0.109371
NA
-0.0796161
-0.545362
-0.54989
0.071308
0.0707396
NA
-0.0483321
NA
-0.385132
-0.386966
0.103067
-0.268306
NA
0.00465425
-0.275616
-0.0384142
-0.400664
-0.19677
-0.487654
-0.0728257
NA
-0.813095
-0.44957
-0.535471
-0.427819
-0.200572
-0.408986
-0.23679
-0.744138
-0.0121179
-0.282108
0.0769148
-0.269871
-0.600419
0.000903777
-0.305001
-0.355548
0.0656733
-0.276785
-0.0106574
-0.396136
-0.337368
NA
NA
-0.55813
0.00497548
0.00367025
-0.447595
0.018209
-0.249069
-0.136028
-0.0638474
-0.227719
-0.493721
-0.509521
-0.165799
0.0742749
-0.122825
-0.0890644
-0.0952109
-0.48812
-0.51896
NA
NA
NA
-1.77685
-0.0558143
0.0789151
NA
-0.0359067
-0.0204177
-0.413001
-0.0791096
NA
0.0810678
-0.146332
-0.0253171
-0.106634
0.0351837
-0.476972
-0.0810278
-0.458651
-0.267978
-0.338488
-0.0295174
-0.180659
-0.285351
NA
0.671742
0.0723568
-0.00538271
0.13223
-0.346483
-0.502897
-0.525292
-0.477286
-0.324248
-0.00142194
-0.188921
0.0441924
NA
-0.160761
-0.523964
0.0676083
-0.229958
-0.62868
-0.24567
NA
0.0460345
0.0103447
-0.335382
0.0338124
NA
-0.155364
NA
-0.213109
0.0608405
-0.277064
0.0747236
-0.0345339
-0.485915
-0.301112
-0.0113273
-0.14702
0.0448554
-0.522205
-0.45334
-0.670652
-0.530708
0.0637945
-0.258429
-0.134961
NA
-0.190778
0.0226791
-0.608598
0.0957809
-0.215984
-0.288423
0.0677756
-0.101042
-0.707817
-0.650082
-0.00248225
0.0134992
0.0877507
0.075722
-0.0853831
NA
0.0673701
-0.0760122
-0.258106
-0.352112
-2.44333
-0.674732
0.0266709
-0.144265
-0.097028
-0.120228
-0.00207997
0.0657393
-0.452887
-0.12599
-0.542461
-0.257167
-0.875548
-0.15209
0.0644361
-0.602303
0.0545946
-0.513397
NA
0.0754244
-0.223265
0.0338381
-0.473233
0.0741069
-0.373458
0.0611014
-0.36227
0.000578716
0.0162489
-0.247425
0.0245295
-0.302128
-0.183188
-0.101209
0.104439
NA
-0.312677
0.0860434
0.0710402
-0.380637
0.373418
-0.127227
-0.664305
-0.819396
0.0543848
0.0597839
-0.108701
0.0645415
-0.165168
-0.0130545
-0.0968309
-0.0562986
0.0884504
-0.576831
-0.473298
0.072527
-0.584405
-0.839567
-0.23599
-0.523498
-0.549212
0.0492751
0.0664012
-0.0735722
-0.333982
NA
0.0601597
0.0311405
-0.826647
-0.388647
NA
-0.710985
-0.363005
-0.592308
-0.318931
-0.414692
-0.727481
-0.210895
0.0156968
0.0598217
-0.315839
-0.495135
-0.441826
-0.609567
-0.279336
0.0611679
-0.241899
-0.493271
-0.633021
-0.0468555
0.0641397
-0.152152
0.0966516
0.0708739
-0.458072
-0.34174
-0.430919
0.0575643
-0.162742
0.00808209
0.0398317
-0.64745
-0.303026
NA
-0.0632359
0.0602937
-0.47168
-0.18698
NA
-0.0183729
-0.454922
-0.649222
-0.291876
-0.196195
0.00471052
-0.101083
-0.562618
-0.797642
0.0719487
-0.245998
-0.129526
NA
NA
-0.360899
NA
-0.619189
-0.32406
-0.0701984
-0.582346
-0.048786
-0.282282
0.080905
-0.665615
-0.296852
0.0678151
0.0723156
0.0402102
-0.243261
0.0459237
-0.576711
0.064105
0.0703397
-0.491448
-0.734993
NA
0.0701531
-0.231865
-0.0687799
-0.684103
-0.0564542
0.0251594
0.086135
0.058072
-0.343087
NA
-0.128865
-0.0870367
-0.010966
-0.014144
-0.180655
-0.021771
-0.0144581
-0.0527879
0.0520656
-0.347964
-0.618743
0.148948
NA
-0.288657
-0.705032
-0.189755
-0.0247657
0.0751499
-0.204222
-0.0191033
0.0386833
NA
-0.635663
-0.300211
-0.331074
-0.348074
-0.122653
-0.221994
0.01364
NA
-1.00751
0.0321136
NA
-0.17943
-0.365813
-0.759553
-0.140508
0.021632
0.0099667
-0.109611
0.0850587
-0.684452
-0.272235
-0.511913
-0.540863
0.0153669
-0.587198
NA
-0.180424
-0.648068
-0.396936
-0.450214
0.0450721
-0.0907726
NA
-0.306109
-0.570014
-0.662865
0.0537788
-0.399282
-1.05595
-0.250874
-0.82096
-0.0126214
NA
NA
0.114785
-0.706973
-0.3928
0.0302898
-0.616167
NA
0.0758082
-0.652037
-0.918012
0.043411
NA
-0.301762
-0.0494924
0.0770013
-0.234205
-0.265599
-0.0394037
-0.155276
-0.0866658
NA
-0.608034
0.0179823
-0.492563
0.0773533
0.0644627
0.00969074
-0.0188497
-0.559166
NA
-0.453291
-0.456102
NA
0.0144101
-0.770914
-0.382035
0.0164714
0.0655746
-0.333457
-0.379135
-0.205564
NA
-0.322527
-0.281295
-0.055962
-0.0888703
-0.227196
0.0421458
0.00423874
0.0593407
-0.341475
-0.657899
-0.323489
0.0674732
NA
-0.275065
0.00971672
-0.4848
NA
-0.14138
NA
0.0584754
NA
-0.226373
0.0709065
-0.152411
-0.262989
NA
-0.371552
-0.534293
0.043692
-0.275701
-0.480669
-0.562101
-0.276125
0.00482088
0.0736643
-0.545793
-0.425858
NA
-0.846311
-0.530936
-0.543651
-0.479107
NA
0.0870128
NA
0.0810482
-0.363101
0.0682604
0.114657
-0.275392
-0.017625
-0.31173
0.00383097
0.048433
-0.144065
-0.605986
-0.593
-0.309682
0.0300009
-0.679171
0.0897269
-0.636278
0.0691181
-0.132272
-0.13219
0.0888214
NA
-0.0314982
-0.198332
0.046357
NA
NA
-0.468212
0.0717125
-0.46037
NA
-0.104066
-0.442733
-0.544381
NA
0.0614939
-0.233854
-0.0391157
NA
-0.372308
NA
NA
-0.00489214
-0.398825
0.0682734
-0.711575
0.0316109
NA
0.0655448
-0.372914
-0.0255375
-0.0631231
0.037365
0.0391598
-0.282117
-0.190966
2.93096
-0.286041
NA
-0.365802
-0.240373
-0.0137564
0.0911834
-0.271508
0.065555
-0.0842062
-0.331578
-0.299834
-0.581807
-0.0186589
-0.297584
-0.246109
0.069573
-0.346909
-0.522019
-0.372461
0.101994
0.00789319
-0.454852
0.0720259
NA
NA
0.0153534
-0.332253
-0.00752601
-0.520229
-0.677173
0.0495675
NA
-0.151497
-0.34548
-0.144495
0.061716
0.0392375
NA
0.145585
-0.489829
-0.379964
-0.294456
-0.0647362
-0.421333
-0.200512
-0.0575179
-0.0441419
-0.184862
-0.0896858
NA
0.0443491
0.0219498
-0.22538
-0.358489
0.0719959
0.0683528
-0.296804
-0.26243
-0.150835
-0.0267666
-0.170236
-0.0561756
-0.736802
NA
0.15672
0.0586358
0.0449231
0.0201074
0.0819386
-0.345168
0.0652289
0.0646711
-0.0881676
-0.411889
0.0617895
-0.633881
-0.19231
-0.0357153
-0.194048
-0.0576861
-0.00989124
NA
-0.324336
-0.707053
-0.0226361
-0.0203466
0.10383
-0.00893028
NA
-0.38082
-0.548575
-0.63023
-0.461535
-0.481988
0.024758
0.0788056
0.0173158
0.0791035
-0.293108
NA
-0.521058
0.110294
0.0540812
-0.0537548
NA
-0.149779
-0.717448
-0.0669021
-0.0968981
-0.151461
-0.575401
0.0451052
-0.0153765
0.0830128
-0.0847205
0.0433643
NA
0.0803112
-0.0463968
-0.233732
0.0580756
-0.375374
-0.00296857
0.0779117
-0.232246
0.0998891
-0.304224
-0.283602
-0.381546
-0.974617
-0.365196
NA
0.0765845
0.0643394
-0.108943
0.0568881
-0.117155
0.0210695
-0.543753
0.0465528
-0.358004
0.0909138
NA
-0.216988
-0.623467
0.0631261
0.0873303
-0.292292
NA
0.0822717
-0.11847
NA
0.167939
-0.000282818
-0.0976055
-0.484009
-0.354496
0.111564
-0.387875
NA
-0.553025
0.0425464
NA
-0.495955
-0.22542
-0.654638
0.0248517
-0.138629
0.00252149
-0.430197
0.0791795
-0.498507
-0.264065
-0.00643288
-0.470093
0.0461811
-0.258818
0.0586374
0.0648512
-0.143026
0.102504
-0.117652
-0.362848
-0.357547
-0.357869
0.0695972
0.0707723
NA
-0.383548
-0.028094
-0.253375
NA
0.0470788
-0.525789
-0.133048
-0.736198
-0.0785714
0.109443
-0.343413
0.0418853
0.069319
-0.453969
-0.0910811
-0.288658
-0.10459
0.0508433
-0.206773
-0.551652
-0.435452
-0.386968
0.109742
-0.0874213
-0.557088
-0.447216
0.0734964
-0.199657
-0.0920835
NA
-0.60371
-0.43574
-0.073159
-0.138538
-0.506647
0.0650241
-0.386352
-0.059463
-0.4634
NA
0.0467748
-0.213258
0.0570295
-0.436725
-0.195502
NA
0.12841
0.0777458
0.014781
-0.283351
-0.609553
-0.0448153
-0.535335
0.0615511
-0.0569769
NA
-0.167329
-0.514619
-0.00509456
-0.587315
NA
-0.068223
-0.202634
0.0126057
-0.193475
-0.0905827
-0.0437867
0.0444123
0.0448738
-0.536207
NA
0.0716736
-0.462887
0.12636
-0.157728
-0.201581
-0.788848
-0.0700969
0.0557583
NA
0.170393
0.0482779
0.0602488
0.0436606
-0.421554
0.0108066
-0.431852
-0.122539
-0.0383927
-0.422968
-0.184937
-0.787522
-0.33786
-0.142807
NA
0.0346947
0.0782596
0.0854196
-0.551773
-0.133807
0.0440591
-0.62895
-0.0582929
-0.427564
NA
-0.0916615
NA
-0.307997
-0.207142
0.0572129
NA
-0.458114
-0.418844
-0.398548
0.0734465
-0.39794
-0.366703
-0.564811
-0.0901669
0.0767972
-0.656027
-0.390196
-0.617376
-0.557197
0.0676988
-0.320034
NA
-0.617669
0.044381
-0.589351
0.0776922
-0.529347
NA
0.0608967
0.0555606
-0.498587
-0.230285
-0.637425
-0.492176
0.00420689
-0.314246
0.0460721
0.0651204
-0.698008
-0.0616659
0.250494
-0.521759
0.0680761
0.0527814
NA
-0.397639
0.325506
-0.0930471
-0.284687
0.0593446
NA
-0.155607
0.0777265
-0.309586
0.0908675
-0.778728
-4.31217
0.0795991
-0.697986
-0.382712
0.00486804
0.0457967
-0.251218
-0.336515
-0.174226
0.04373
-0.105109
-0.137571
-0.529993
-0.157347
-0.598114
0.0751019
-0.55055
-0.634654
-0.0749275
0.412087
-0.00311448
-0.418549
-0.368099
0.0865724
0.0740606
-0.052786
0.0764693
-0.44783
NA
-0.143508
-0.316238
-0.103309
-0.216826
-0.489778
0.0140752
-0.304837
-0.711093
NA
-0.0818738
-0.627071
NA
-0.0671744
-0.0545081
NA
NA
-0.0111834
-0.375317
-0.0478744
-0.654225
0.0488841
0.0453973
0.0579022
-0.588769
-0.401427
0.0921135
0.0434097
0.0375703
-0.304316
0.0726627
-0.752175
-0.531493
-0.325456
-0.101415
-0.446235
-0.37751
-0.192011
-0.392908
-0.380898
-0.530322
-0.610943
0.026747
0.00983276
-0.264915
-0.265079
-0.660235
-0.709956
-0.66008
-0.6774
NA
-0.2836
0.0611878
-0.254253
-0.145331
0.0646817
-0.710488
-0.16127
-0.29779
-0.542414
-0.11272
-0.332816
0.0967032
0.0535048
0.0138518
-0.0760849
-0.155081
NA
-0.317352
-0.430274
-0.378608
-0.302435
-0.90906
NA
-0.00840902
-0.452091
0.0428521
-0.473718
-0.133363
-0.37596
-0.0532093
0.0253034
0.0226099
-0.729761
-0.218421
0.0768258
0.0587927
-0.307122
0.0727973
-0.525644
-0.130652
NA
-0.952108
0.0938986
0.0592989
NA
NA
-0.217704
-0.550117
0.0470584
-0.266189
0.0745336
-0.645093
0.10009
-0.449694
-0.00538262
-2.73468
0.0269134
-0.0914737
-0.607558
NA
0.0766159
0.0167387
0.088489
-0.117953
-0.606275
NA
0.0723387
-0.40317
-0.0723058
-0.271954
-0.299897
0.00229643
-0.477224
-0.254459
-0.0405446
-0.167433
-0.00111678
-0.111779
-0.397005
0.0762653
-0.644113
-0.283984
0.0239948
-0.00102871
-0.438071
-0.182508
NA
-0.70181
NA
NA
0.0786002
-0.348298
0.0119123
0.0767913
0.070735
0.0966727
-1.13679
-0.400382
-0.0696499
0.0656729
-0.167892
-0.661068
-0.417647
0.0528261
-0.941784
-0.199115
-0.521318
-0.258484
-0.266597
0.0447249
-0.24085
NA
-0.0739128
-0.382435
-0.226505
-0.380287
-0.102868
0.0357688
-0.543099
-0.486636
0.0386862
0.0675952
-0.106545
-0.776789
-0.155028
-0.0259328
-0.379931
-0.58356
0.0268219
-0.0502167
0.026721
-0.256105
0.0486326
-0.478492
-0.527428
0.0591109
NA
0.0588529
-0.554159
0.0413866
-0.823474
-0.574015
-0.0423701
-0.229835
-0.530039
-0.512537
-0.650026
-0.203714
NA
-0.147096
-0.567185
-0.0706525
-0.372776
0.0713728
0.0459444
NA
0.0883666
-0.47893
0.0762429
0.055956
-0.491184
-0.0827352
-0.364505
-0.362277
-0.505599
NA
-0.556586
-0.14962
NA
0.0620974
-0.21909
0.088573
0.0758421
-0.677855
0.0568143
-0.0519473
-0.177176
-0.19866
-0.233908
-0.416443
-0.441321
-0.403381
0.0612217
-0.290105
-0.642758
-0.477339
-0.627987
-0.350648
0.0508459
0.00824496
NA
0.161088
-0.258008
-0.128054
0.0552799
0.081517
-0.0177415
0.417185
NA
-0.285382
0.0119563
NA
-0.151206
0.046977
-0.0453405
-0.401132
0.0399003
0.0575597
-0.246862
0.0689502
0.00969189
NA
-0.33015
0.00525469
NA
-0.416699
-0.385351
0.0583836
0.0442074
0.0481767
0.0365994
-0.463589
-0.0707587
-0.629206
-0.217586
-0.221982
-0.214609
-0.223417
NA
-0.298942
-0.0748279
0.064576
NA
0.293192
0.00706199
0.183
-0.0522375
0.0772909
-0.942133
0.0592341
-0.323219
-0.186043
NA
NA
-0.712618
0.0829129
0.112812
-0.440533
0.0086502
NA
-0.249722
-0.368089
-0.0418464
0.0439665
-0.0176327
-0.334628
0.0449238
-0.493082
-0.539982
NA
NA
-0.2815
-0.0370101
0.768609
0.0848946
-0.185684
-0.616272
-0.0478911
-0.506619
-0.340195
-0.497756
0.02876
-0.229905
0.0921961
-0.575607
0.165396
0.0530372
-0.460245
-0.483197
NA
-0.581969
-0.47697
-0.0570157
-0.596283
-0.506096
0.0875705
0.0109053
NA
-0.0070805
-0.894924
0.0503687
-0.218602
-0.580953
0.00449029
-0.384621
-0.0529077
0.0372058
-0.00902243
-0.558198
-0.323556
-0.12019
-0.131496
0.0694409
NA
-0.145079
-0.434752
-0.180173
-0.727978
0.0822078
-0.0594279
-0.301592
-0.0126781
0.0850084
-0.467366
NA
-0.53482
-0.565206
-0.691875
0.122839
0.0610426
-0.431127
-0.346498
0.0407098
0.0241311
-0.316244
-0.0529349
0.0396661
NA
0.016044
-0.635512
-0.20042
-0.538626
-0.345963
-0.312443
NA
0.00416726
-0.366137
-0.577389
-0.0137891
0.0105702
NA
1.36364
0.000328726
NA
-0.20871
-0.669192
-0.120352
-0.0635819
-0.018283
-0.147528
-0.28334
-0.578506
0.0518136
-0.429293
0.0644288
-0.276533
-0.0713763
-0.445123
-0.0899251
-0.173396
NA
-0.52795
NA
NA
-0.588449
-0.400646
-0.315384
0.0384532
-0.00624764
0.0804495
-0.176687
0.192827
-0.0173124
0.0869728
-0.168277
-0.648684
-0.28471
-0.0626217
-0.333373
-0.00632492
-0.459786
-0.0866532
-0.820632
-0.251128
-0.202248
-0.426404
-0.410727
-0.789599
0.010467
-0.750196
-0.325622
-0.165574
-0.239849
0.104764
-0.30925
-0.21683
0.0356392
-0.912206
-0.0545588
0.0769236
0.0904692
-0.135858
0.040126
-0.293877
-0.139757
-0.205418
-4.76515
-0.103065
-0.513566
-0.135948
-0.0729609
-0.632396
NA
-0.413717
-0.235812
0.799187
-0.385376
-0.802878
0.0573814
-0.282845
0.15064
-0.375399
0.069849
0.0832141
0.0693595
0.0453512
0.0552493
0.0772042
0.0530981
0.0682351
-0.0947898
0.122955
0.0322909
-0.309792
0.0293346
-0.333837
-0.0142331
-0.404458
NA
-0.384063
NA
-0.537027
0.068938
0.0438477
-0.0285797
-0.605912
0.0643811
-0.229401
-0.0957613
-0.167252
-0.00736315
0.0350394
-0.816128
-0.392348
-0.248303
-0.0728898
-0.376018
-0.62868
-0.55963
-0.017367
-0.0130042
-0.0605217
-0.688616
-0.270145
-0.132465
-0.095896
-0.277707
0.0778664
0.0762982
-0.308564
-0.225039
-0.598357
0.0652105
0.0263333
-0.522867
-0.0429301
NA
-0.0137437
-0.0350507
NA
-0.0400422
0.0971
-0.27743
-0.110187
4.93543e-05
0.075847
-0.0459458
-0.659826
-0.636792
0.0421152
0.0202591
NA
NA
-0.10901
-0.342967
0.0351577
NA
-0.426462
-0.385923
-0.494644
0.0596982
-0.226232
-0.623445
-0.370396
-0.531739
-0.421872
0.0712835
0.00790068
0.0685165
-0.348221
-0.000737769
-0.392284
0.0139057
NA
-0.578643
-0.00784917
-0.521579
-0.921558
-0.295972
NA
0.0224937
-0.00682563
-0.825032
-0.600347
NA
-0.418664
NA
0.045792
-0.365127
-0.415141
0.125965
-0.562
-0.197742
NA
-0.352388
-0.425829
-0.1543
-0.210015
-0.410742
-0.368186
-0.45011
0.0389991
-0.451724
-0.338359
0.0306481
-0.516192
-0.541869
-0.270173
NA
-0.402775
-0.239037
0.173055
-0.76789
NA
-0.0698831
0.0602501
-0.147057
-0.26145
-0.0204962
NA
NA
-0.205036
0.0534971
-0.110355
-0.037432
-0.0952221
-0.140958
0.00808688
-0.0386511
-0.41253
0.0933341
NA
0.0456177
-0.53811
0.205232
NA
-0.393309
-0.336592
-0.569609
-0.241113
-0.0217868
-0.167439
-0.457047
-0.158712
-0.495901
NA
0.375341
0.0349571
0.0619249
-0.521646
0.05805
-0.23924
-0.449805
-0.38756
NA
-0.572805
-0.351374
-0.0665129
NA
NA
-0.421344
-0.01333
0.0682885
NA
-0.461952
0.0643886
-0.487743
0.0729009
0.0186489
-0.351958
-0.403554
-0.593985
0.0785487
-0.00270648
-0.191373
NA
NA
0.0838598
-0.462231
-0.556699
-0.0399027
-0.165356
0.028796
-0.818684
-0.498508
0.065801
-0.39156
-0.400478
0.0163276
0.015797
-0.504354
-0.304381
-0.270508
-0.318515
-0.0232866
-0.108105
-0.0523853
NA
0.0428651
0.0223696
-0.317488
0.0654349
0.157338
-0.491142
-0.440379
0.029341
0.0231734
-1.06948
0.0540331
0.154524
0.0961063
-0.128443
-0.40616
-0.00592053
-0.383887
NA
NA
-0.619706
-0.397276
0.0461127
0.0426213
0.000677268
0.121595
0.0211722
0.0864506
-0.0947113
-0.0316973
-0.379366
0.0499077
0.0422927
-0.849266
-0.426817
-0.381491
NA
-0.560809
-0.321682
NA
-0.642956
-0.594742
NA
-0.188776
-0.0875216
NA
-0.360885
-0.818125
-0.793322
-0.169929
-0.621911
-0.0704978
0.0125763
-0.0717775
-0.583186
NA
-0.454761
-0.367557
-0.176929
-0.0233284
-1.01021
-0.373303
0.0352253
-0.204728
-0.495451
-0.352584
-0.466433
-0.794861
NA
-0.456953
0.0568758
-0.182411
-0.412522
NA
-0.759986
0.0827921
0.0210987
-0.829499
-0.393249
NA
0.0495536
-0.479521
-0.0455856
0.0621365
-0.243402
0.0132081
0.0685939
NA
NA
-0.0421144
-0.681216
-0.354772
-0.21807
-0.490434
-0.000664102
-0.423905
-0.0972541
NA
-0.275525
-0.582679
-0.0986913
-0.986438
-0.141962
-0.739701
0.00234869
-0.727178
-0.356425
0.0472986
-0.407123
-0.593181
-0.266563
-0.0374348
-0.432682
0.0653444
-0.901301
0.0501755
0.0589872
-0.55145
-0.306462
-0.494489
NA
0.0628603
-0.525957
-0.249092
-0.309368
0.0594478
0.133683
-0.296124
-0.149596
-0.430536
-0.00374595
-0.121557
-0.38276
0.0688958
-0.372746
-0.264987
-0.169258
-0.300288
-0.2912
-0.0263789
-0.354627
-0.198911
0.0715101
0.0429619
-0.144343
-0.434205
0.0459168
-0.606465
-0.403417
-1.01545
-0.106766
0.0708686
-0.0432787
-0.410523
0.0345218
0.079807
0.0747522
0.0677738
0.07814
NA
-0.732035
0.079819
0.0618383
NA
-0.11392
NA
-0.137191
-0.501451
-0.0894185
-0.185848
0.0887779
0.097335
-0.683018
-0.192679
NA
-0.0279037
-0.302082
-0.381149
-0.421974
0.165697
0.113437
0.0190971
-0.843309
NA
0.0624976
-0.0408124
-0.115347
0.0793033
-0.465216
NA
NA
-0.641981
-0.560849
0.0569953
0.0513408
-0.243329
0.0243919
-0.270647
-0.00174259
-0.210556
-0.22228
-0.762593
-0.107513
NA
-0.0286721
-0.361359
-0.214176
-0.00832919
-0.274998
NA
0.0354954
0.0806348
NA
-0.833417
NA
0.0734741
-0.725294
0.0903331
0.017382
0.1085
0.0636364
NA
NA
NA
-0.304117
-0.0717847
-0.18027
-0.493361
-0.212753
-0.728436
0.0342767
-0.372092
-0.000839987
-0.400795
-0.0366762
-0.627424
-0.455626
-0.258661
-0.231833
-0.687649
-0.306825
0.0773703
0.0881846
-0.173064
0.0153552
-1.11675
-0.44817
-0.00878237
-0.457109
0.0272712
-0.11783
0.0763771
-0.231695
-0.305547
-0.705112
NA
-0.565178
-0.0757326
-0.0692799
-0.0324551
0.00157087
-0.0267406
0.0141625
NA
-0.184965
-0.318934
0.0648494
-0.157523
-0.327534
0.0120527
-0.176367
-0.143619
0.0392623
0.0364726
-0.422313
-0.344681
-0.132453
0.0758851
-0.374739
-0.0574919
-0.0709616
-0.442685
NA
-0.45232
-0.240761
-0.587405
-0.373158
0.044914
-0.446842
0.0706483
-0.450246
-0.403558
-0.272159
NA
-0.41418
NA
0.0937936
-0.295661
-0.252621
0.0549159
-0.562636
-0.688752
0.0309003
NA
0.0337537
-0.23742
0.0541898
0.0203104
-0.409521
-0.151504
-0.0114344
0.0678717
-0.442817
-0.666493
-0.278767
-0.335031
NA
-0.573722
-0.407715
-0.0884027
-0.513167
-0.158812
-0.362191
-0.204502
-0.831589
-0.127545
0.0627706
0.0752764
0.0890149
-0.984168
-0.183194
0.0303183
-0.147017
-0.25046
0.0660773
-0.177229
-0.809149
0.120724
NA
-0.490107
NA
0.0243335
-0.369388
-0.0178481
-0.294725
-0.0123885
0.0449685
-0.397743
-0.314089
-0.305666
-0.515489
0.0409386
-0.192066
0.055556
-0.786527
-0.815843
-0.384297
0.0631905
-0.35229
-0.133036
-0.206379
-0.749598
NA
-0.0656595
-0.815726
-0.473763
-0.776965
0.0402389
-0.0775507
-0.566917
0.0285065
-0.471422
-0.0309837
0.0771425
-0.639407
NA
-0.743926
-0.281132
0.0138774
0.0453837
-0.162109
-0.43751
0.0793092
-0.162408
0.0740387
-0.242153
-0.115078
NA
-0.08476
-0.346651
-0.385798
0.0700177
0.0378152
-0.000972926
-0.175729
0.0920068
NA
0.0901683
-0.55429
-0.247217
-0.784079
0.0640202
-0.285026
-0.01532
-0.00412749
-0.549528
0.00218207
-0.182183
-0.220802
0.0768739
NA
-0.428711
0.173922
-0.338178
0.0657909
NA
0.0448187
0.000319486
-0.0269315
0.0656698
-0.0191076
-0.147804
-0.414953
-0.0911871
-0.00493101
-0.274588
-0.18257
0.0791822
-0.524872
-0.425216
-0.410246
0.0597798
0.0145483
-0.172234
-0.331479
-0.218775
-0.362647
-0.214933
-0.447598
NA
NA
0.0451804
NA
-0.216361
NA
-0.216883
NA
-0.67197
-0.241195
NA
-0.183613
0.0851892
-0.614231
-0.252167
-0.0343807
0.0829515
-1.13805
-0.559403
-0.556046
0.0852197
0.0699322
-0.697014
-0.134612
-0.341486
-0.337895
-0.0978899
-0.498052
-0.0937689
-0.242972
-0.348588
NA
0.0635847
0.0398537
NA
0.0677518
NA
NA
NA
0.0470207
-0.282392
0.0708166
-0.294907
-0.0050808
0.065038
-0.459188
-0.330562
-0.298565
NA
-0.0192049
0.0871303
-0.107176
0.042888
-0.578197
NA
-0.276238
0.103575
0.00849104
-0.600006
-0.0336835
-0.327177
0.0777938
0.0147369
-0.0844286
-0.428905
0.0406727
-0.678977
-0.400313
0.0188117
0.0521066
-0.266978
NA
-0.363115
-0.877782
0.0471863
0.117781
-0.366172
NA
0.0208632
-0.692081
-0.526686
-0.444942
-0.296266
-0.369934
0.0359035
-0.442283
-0.948161
0.0678296
-0.55892
-0.208394
-0.590177
0.128198
-0.426292
-0.093997
-0.204896
-0.264665
-0.541514
-0.216909
-0.459967
NA
0.0436174
-0.0501887
0.0263693
-0.721344
NA
-0.613564
-0.260329
0.00171997
-0.112125
-0.426435
-0.335839
-0.303254
-0.0440938
-0.213124
0.0809923
0.1158
-0.233305
-0.367424
NA
-0.407412
-0.364535
-0.565589
-0.2149
0.052252
NA
-0.474838
-0.137231
-0.00761599
NA
-0.466098
-0.293114
NA
NA
-0.288335
-0.419478
-0.444591
-0.423228
-0.170446
NA
0.00920446
0.0771937
-0.151632
NA
-0.0844259
-0.0740164
-0.53284
NA
-0.557174
-0.485694
0.124241
-0.585722
0.0451441
-1.09546
-0.172689
-0.0908615
-0.0333527
-0.0421559
NA
-0.159089
NA
0.014521
0.0654247
-0.3121
0.0706106
0.0434144
0.0150602
0.0844148
-0.243501
0.0606275
0.0510845
-0.641723
-0.248406
0.111626
-0.619469
0.0401466
-0.00270713
-0.552481
-0.0300043
0.073766
0.0878342
0.0565244
-0.343294
NA
0.0448959
-0.358136
0.109716
-0.360149
NA
-0.454204
-0.0447522
0.088624
-0.453575
0.075181
-0.0941174
0.029692
0.112981
0.0837791
-0.595539
-0.336809
0.013096
0.099788
-0.0801253
0.103274
-0.236034
0.0855275
NA
-0.0393629
0.043655
-0.637945
-0.127067
-0.547121
NA
-0.783374
0.0872585
-0.119841
-0.270655
-0.105695
NA
NA
-0.26128
-0.26442
-0.324512
0.0173054
-0.767127
NA
NA
-0.0786793
0.04139
0.0360129
0.0732634
-0.0849351
-0.177995
-0.107802
-0.21375
0.0794531
-0.325607
0.020607
-0.252384
-0.17734
0.0694802
-0.132269
-0.36362
-0.0463596
-0.850993
-0.546046
-0.283774
0.0272949
-0.244039
-0.514269
0.0746539
-0.467674
-0.698146
-0.482626
-0.0975913
-0.45023
0.0123081
0.0465198
-0.560294
-0.627471
-0.224834
0.0940769
-0.166606
-0.277552
-0.487813
0.0863971
-0.706532
-0.0694249
NA
-0.343276
0.0285889
-0.163443
NA
NA
0.012369
0.0442434
-0.190199
NA
NA
0.0676392
NA
0.051213
NA
-0.797116
0.0659951
0.0761972
-0.059623
-0.308828
NA
-0.123164
0.0518824
-0.0258084
NA
0.0453841
0.0778309
-0.104632
-0.207412
-0.0278628
-0.113283
-0.242502
-0.0688105
-0.436596
0.0816696
-0.264308
-0.253293
0.131853
0.0566138
-0.366495
NA
-0.338568
-0.105575
NA
-0.512258
0.080517
-0.0544528
NA
-0.0812203
0.0202296
-0.373047
-0.608751
-0.146512
-0.146508
-0.185912
0.0707595
0.0488336
-0.589963
0.0158619
-0.0333533
-0.309739
-0.179035
0.0816916
NA
NA
0.000742948
-0.465771
0.017012
-0.829143
-0.433621
-0.121242
0.112442
-0.288126
-0.578318
-0.244936
-0.832169
0.0645515
0.0565287
-0.465742
-0.204993
-0.134831
0.110395
-1.04173
0.0604056
0.0181571
-0.540789
-0.503951
NA
0.0696281
0.356825
0.103456
-0.315538
NA
-0.477647
0.0704107
-0.15082
0.0528276
0.0611605
-0.297021
NA
0.0496075
-0.528004
-0.25074
-0.523816
-0.433836
0.0584384
-0.534907
-0.511111
-0.41876
-0.459024
-0.441516
-0.67799
-0.0863128
0.0487235
-0.560093
0.00455193
0.0674626
-0.539253
-0.0112887
-0.151978
0.0605591
0.0774054
0.0700346
0.0436123
-0.50629
-0.223044
NA
-0.34072
-0.351992
-0.523973
-0.0352722
-0.560619
-0.555166
-0.106228
0.00260535
-0.821144
0.0779624
-0.17972
-0.277087
0.0690414
-0.0833716
-0.293055
-0.00202648
0.0620895
-0.0173826
-0.325561
0.0778809
-0.331444
0.0620172
-0.0458431
-0.312258
-0.112414
-0.0183967
-0.000211867
NA
NA
0.0722294
-0.40135
0.00102843
0.284561
0.129008
0.0892593
-0.265238
0.0143224
-0.477273
-0.452135
-0.368849
-0.453625
-0.371599
0.047665
NA
NA
-0.244544
0.00102094
-0.668553
-0.54141
-0.85451
-0.146257
-0.448218
-0.35575
-0.936582
-0.276503
-0.178388
-0.246339
0.0116252
-0.00820376
-0.0322996
-0.286759
-0.182981
-0.62964
-0.475229
0.00461191
-0.399437
-0.177417
-0.00905872
0.0744126
0.0422189
0.0737109
0.0600969
0.0553131
0.0821923
0.0204266
-0.348383
-0.308221
-0.582208
-0.433168
-0.599329
-0.230414
0.0449418
-0.124079
-0.404986
-0.268654
0.0623867
0.0732557
-0.708421
0.087908
-0.79613
0.135284
NA
-0.321714
-0.716732
NA
0.0897901
0.0730806
-0.384271
-0.419158
0.0668508
0.0308136
0.074664
-0.192991
0.138053
-0.555249
0.0398487
NA
-0.257917
-0.526338
-0.590155
-0.00881591
NA
-0.537583
-0.271323
-0.686977
-0.614001
-0.47268
NA
-0.240341
-0.200609
0.0204949
-0.235758
0.00256002
0.0453342
0.0810324
-0.484807
-0.129967
-0.00157872
-0.500229
-0.520573
NA
-0.382727
0.00298767
-0.410756
-0.757193
-0.470903
-0.438052
NA
0.0594985
-0.108538
-0.400394
0.0200397
-0.00488114
-0.488439
-0.167232
-0.519567
-0.545727
-0.236706
0.0398299
-0.38916
-0.122511
-0.406672
0.0350337
0.0676313
-0.522944
0.0869605
-0.425771
0.0454377
NA
0.0623541
-0.881152
0.0592096
-0.405022
-0.317479
0.0801259
-0.54855
-0.38815
0.0298828
0.0806308
-0.0642989
-0.646283
-0.463359
-0.575041
0.0733764
0.0467719
-0.108379
-0.60453
-0.209759
-0.700641
-0.233797
NA
-0.633762
-0.190924
-0.112409
0.0521687
0.0349526
0.0668171
0.0689243
0.0759674
0.0750824
0.0446532
-0.465286
-0.0112864
0.0981171
NA
0.0416258
-0.598759
-0.307896
0.0379564
0.0116506
0.10969
-0.124303
-0.0776222
0.0720851
0.0584468
0.0831661
-0.267523
NA
0.0705573
-0.924147
-0.251088
0.0400077
0.0952101
0.0428267
-0.90772
-0.36776
0.0027562
-0.337269
-0.0442828
-0.122888
-0.714604
-0.182485
-0.127637
NA
-0.232403
0.0682853
0.0305491
0.0853561
-0.516392
-0.66548
0.060408
0.0784136
0.0713254
-0.140511
-0.492927
-0.452735
-0.51455
0.0665958
-0.904445
-0.721577
0.0441604
-0.332291
0.0768978
NA
NA
-0.380616
-0.424917
-0.198658
-0.18654
0.0825963
-0.0703944
-0.485529
-0.0583777
-0.293709
-0.592249
-0.360114
-0.61616
-0.210714
-0.117196
0.0432062
0.0421188
-0.325692
0.0452798
-0.469236
-0.386917
0.0446596
NA
0.0399765
-0.488293
0.0659262
0.0476926
0.0268172
-0.509784
NA
-0.707734
-0.0662733
-0.205733
0.013755
NA
-0.275243
-0.697017
-0.513506
0.0991364
0.0793094
-0.449791
-3.17
-0.690454
0.0826626
-0.283319
-0.275208
0.0133617
NA
-0.977
-0.168592
0.0465416
-0.352171
0.00252061
NA
0.0838073
0.0470511
0.0436084
-0.435682
-0.0549331
0.0601094
0.0636408
-0.642957
0.0838845
0.0674858
-0.198651
0.0462118
0.118869
NA
0.0690548
-0.786913
-0.565133
-0.685692
-0.318428
-0.503951
-0.276268
0.0703659
-0.0434693
-0.555685
0.0580934
-0.34094
NA
-0.190655
-0.191656
NA
NA
0.0521347
-0.77737
-0.189865
-0.253228
-0.674016
-0.580796
-0.229554
NA
-0.392182
0.0183914
-0.579297
-0.304855
-0.101605
0.0387521
0.0298306
-0.0337873
-0.320728
0.0337436
0.033865
-0.36831
-0.831217
-0.83132
-0.416506
0.0289267
-0.335814
0.0681308
-0.235102
-0.357348
0.0309688
0.068121
NA
-0.0681054
0.0644401
-0.931645
-0.756602
-0.0859051
-0.174639
0.179082
-0.453968
0.0699958
-0.037639
0.0286761
-0.279199
-0.0301516
-0.249231
-0.0162017
-0.0240547
-0.280194
NA
0.0772773
-0.581727
-0.314084
-0.316088
0.0463327
-0.010738
0.0430046
-0.38571
-0.450003
-0.27696
-0.189623
-0.208098
-0.333117
-0.130611
-0.364378
0.0717688
0.096796
-0.167349
-0.00399782
0.120381
NA
-0.360481
-0.275271
0.176249
NA
-0.568266
-0.497211
-0.515326
0.079456
0.098884
0.0894796
0.0688454
-0.164119
-0.12874
-0.822231
-0.840023
-0.0971701
0.042207
-0.0727286
-0.298497
0.0820836
-0.0668986
-0.0815682
-0.146249
-0.585827
-0.023189
0.019736
-0.479503
-0.730269
NA
0.0338792
0.0318073
0.0684387
-1.15726
-0.12383
0.0965363
0.0651579
-0.426875
0.0411969
NA
-0.358966
0.0795653
0.116927
-0.648925
0.0648806
-0.0914568
0.0818362
0.0898222
-0.555465
-0.545212
NA
0.0418329
-0.279405
NA
-0.163261
0.0834127
-0.0101648
NA
-0.16511
0.154711
-0.243764
-0.0743798
-0.164446
-0.374004
0.0138134
-0.506557
-0.298091
-0.00057244
0.0693894
-0.606262
0.0670151
-0.0627275
-0.0529059
NA
0.0936189
-0.0976396
0.0464188
-0.348026
0.0902003
NA
-0.624675
-0.593412
-0.0473387
0.0633687
-0.770099
-2.32066
-0.446931
-0.921827
-0.195813
-0.817896
0.0628326
0.0466713
0.0449855
-0.60795
-0.388724
NA
-0.787648
0.0715085
0.0508968
-0.597323
0.0680932
-0.568576
-0.602178
NA
0.0539514
-0.535157
-0.480774
0.0129668
-0.0592299
-0.745871
-0.584243
-0.383046
-0.306227
NA
0.078019
-0.259618
0.11353
-0.121566
-0.532651
-0.318259
0.106716
0.0187453
-0.165436
0.0860266
NA
-0.395478
-0.0567071
-0.35821
-0.431443
-0.389601
-0.153413
NA
-0.0954969
-0.0919562
-0.232893
-0.314481
-0.423429
-0.272731
-0.207617
-0.848775
-0.335872
0.043604
-0.164228
-0.647394
-0.091905
-0.0616988
-0.13696
-0.321711
-0.250366
-0.272923
-0.432764
0.0751331
NA
NA
-0.435909
0.0710256
NA
0.0456005
-0.00602647
-0.0548538
-0.652158
0.0461779
0.0691359
-0.0133685
-0.349877
-0.668613
-0.379923
0.00706294
0.0583721
-0.176043
0.0113866
-0.229966
NA
-0.0898921
-0.605301
-0.0774137
0.0670858
-0.157082
NA
-0.0495913
-0.424731
-0.0998179
-0.298481
-0.017434
0.0709505
0.0588717
NA
NA
-0.620659
-0.570492
0.0811789
-0.203672
-0.498642
0.00849753
-0.360019
-0.487333
NA
-3.46
-0.181422
-0.467115
0.0505725
-0.343463
-0.502034
-0.387573
0.0381047
NA
-0.015928
-0.29953
-0.0266842
NA
-0.753642
-0.652783
-0.390475
0.0406732
0.0071949
-0.151307
0.0714561
-0.00282159
0.0984871
-0.199132
-0.706719
-1.46038
NA
0.0792499
-0.604155
-0.0700897
0.0440225
-0.399715
-0.418066
-0.465983
-0.400421
0.0196691
-0.0164942
-0.435714
-0.133876
-0.0883508
-0.631836
NA
-0.623083
0.086194
NA
0.0732517
-0.205485
-0.28091
-0.249345
-0.226865
-0.431151
NA
-0.395887
-0.211154
0.0152985
-0.0093594
-0.225405
-0.0619804
NA
-0.194734
NA
0.0584267
-0.15364
-0.534216
NA
0.0704309
-0.163543
0.0280183
-0.0895789
-0.38952
NA
-0.17206
-0.0389202
-0.175688
-0.634244
0.0886088
0.0884472
0.08603
0.0255743
-0.28925
-0.116214
-0.516051
0.072366
0.0462762
-0.327092
-0.676856
0.0457123
-0.457926
-0.36302
-0.0712785
-0.240475
0.108622
-0.466971
0.0821467
0.0444421
-0.359274
0.0524439
-0.125223
-0.0976146
0.0836219
-0.2743
-0.146189
NA
-0.544708
0.0879315
-0.448519
-0.466569
0.0736702
-0.0487772
-0.613748
-0.472999
0.0434793
-0.025526
NA
-0.203753
NA
0.106484
-0.690567
-0.062336
-0.190846
NA
-0.408356
-0.378813
-0.638258
NA
-0.422246
-0.0905753
-0.0600743
-0.0205306
-0.427182
0.0424588
-0.139151
NA
0.361856
-0.390881
NA
NA
-0.947229
0.0536131
0.0685367
0.060448
-0.296841
-0.281104
-0.0664307
-0.260975
-0.437843
0.0604208
0.0856952
-0.247624
-0.545609
-0.210097
-0.255676
-0.719906
0.077625
NA
-0.690362
-0.0277501
-0.654045
0.184973
-0.372755
NA
0.082806
0.0672279
-0.385251
-0.319375
-0.683521
-0.15939
-0.0395316
-0.08466
-0.403502
-0.378442
-1.29442
-0.620977
-0.8365
0.0904172
NA
NA
-0.0931421
0.0283215
-0.08236
-0.152762
0.0672577
-0.568998
-0.40701
-0.124304
-0.339538
-0.376524
-0.153045
-0.128946
-0.0863995
-0.332918
0.0725476
-0.0624508
-0.654894
-0.236697
-0.554021
NA
-0.196192
0.0553212
-0.569483
-0.00690016
0.0407657
-0.410285
0.0596438
0.0586006
0.0566908
-0.42722
0.01085
-0.157782
-0.331531
-0.624083
-0.244862
NA
0.0285412
-0.433921
NA
-0.19169
-0.0246386
-0.196101
-0.717664
-0.270769
-0.238259
NA
0.0530503
-0.672093
-0.416753
0.137887
0.0938712
NA
-0.491556
-0.201365
-0.0982042
NA
-0.14672
-0.0270172
0.000570086
-0.688776
NA
-0.146222
0.0608285
-0.445845
-0.0556579
0.0721731
-0.166724
0.066178
0.0504644
NA
0.0782884
-0.400932
-0.651862
-0.252999
-0.470712
0.0382888
-0.164262
-0.00246145
NA
-0.330342
-0.467511
-0.347197
-0.301344
0.000696725
NA
-0.565253
-0.509021
NA
0.0754684
-3.51
-0.759237
-0.52393
0.10363
-0.23591
-0.263783
-0.517085
-0.0418711
-0.00378631
-0.211748
-0.512029
0.0484609
0.0555891
-0.349833
-0.427289
-0.689522
NA
0.0786581
0.0425225
-0.432076
-0.699533
-0.24119
NA
NA
-0.296315
0.106749
0.0223881
-0.707465
-0.10288
-0.0547678
0.0711615
-0.851264
-0.369289
-0.355899
0.0317581
0.0669656
-0.512836
NA
-0.347336
-0.45091
0.0646253
0.0700043
-0.260772
-0.417881
-0.255621
NA
0.0221727
0.214284
-0.497715
-0.411702
-0.0129098
0.0908006
-0.512614
NA
-0.384628
-0.420491
-0.329503
-0.240357
-0.108382
-0.22312
0.0463012
-0.419301
-0.0520569
-0.102761
NA
NA
0.0916207
-0.0369264
-0.635732
-0.384756
-0.338472
-0.585166
-0.314719
-0.178569
0.0195676
-0.480682
-0.227934
-0.064788
NA
-0.495892
-0.0295557
-0.0476144
-0.27817
-0.366144
0.0266307
NA
0.0421528
-0.159201
-0.0303501
-0.258695
-0.260859
0.0167198
-0.130746
0.0820025
0.00277983
-0.148284
NA
0.100484
-0.645096
-0.698522
-0.373337
-0.424438
-0.189546
-0.377228
-0.673991
-0.0799242
-0.169457
-0.104599
-0.491832
0.0776802
-0.128743
-0.00563814
0.0585355
-0.126767
0.0300977
-0.475344
0.0708525
-0.0240543
0.0423322
NA
0.0205351
-0.551738
-0.452049
0.806095
-0.174445
-0.585814
NA
-0.437497
-0.0321816
0.0453792
-0.0970632
0.0258147
-0.993312
-0.22882
-0.134116
-0.212702
-0.50124
-0.355417
-0.043245
-0.538209
-0.164713
NA
-0.231073
0.0514578
-0.474828
-0.40586
0.0175909
0.0444877
-0.0273717
-0.609916
-0.488638
-0.168673
0.13887
-0.0463293
-0.0922325
-0.202854
-0.373919
-0.678201
0.0986155
-0.475724
-0.684583
-0.151874
-0.0136072
-0.0404711
NA
-0.749272
-0.450232
-0.195295
-0.596574
-0.773918
-0.536961
-0.195537
-0.773464
-0.710641
NA
NA
-0.0324557
0.109074
0.0716712
-0.121798
-0.70348
-0.501813
NA
NA
-0.404954
0.0479529
NA
-0.164481
-0.225321
0.066162
0.0531333
-0.359172
-0.618087
-0.18815
-0.267215
0.0728298
0.0183682
0.0283245
-0.525801
-0.423505
-0.294607
-0.16387
0.230521
-0.450373
-0.588166
-0.254978
-0.431693
0.0454303
-0.439297
0.0861899
NA
0.0789191
0.066239
-0.389414
0.0662008
-0.337726
-0.343987
-0.302806
-0.139576
-0.144943
-0.615618
-0.201742
NA
0.0488828
-0.259965
-0.231601
-0.266391
0.0725066
-0.0688777
-0.33113
-0.192807
-0.00889727
-0.0514693
NA
-0.166968
NA
-0.0917498
-0.461089
NA
0.0212957
-0.343514
NA
-0.32162
-0.293721
0.108051
-0.205116
NA
-0.356111
-0.179253
-0.0573902
-0.0201587
0.0793576
-0.29438
NA
-0.297204
-0.419542
-0.242615
0.0427148
0.064466
-0.679538
NA
NA
-0.434092
0.0204029
