-0.00868638
-0.114202
-0.0856267
-0.572638
-0.214329
NA
-0.142422
0.0607248
-0.612476
-0.101605
0.0882085
-0.356567
-0.318647
0.00566846
-0.35332
NA
0.0312744
-0.623478
0.0326149
NA
-0.0832082
-0.0951684
-0.0315692
-0.419472
0.068121
-0.330808
-0.298966
-0.931645
-0.71374
0.179082
NA
-0.00373651
-1.48654
0.0939732
-0.369592
0.0441794
0.118869
-0.174789
-0.476646
0.0460806
NA
-0.565133
-0.685692
-0.612156
0.078079
-0.498671
0.051783
-0.0843521
-0.0434693
-0.61437
0.0590024
0.0175951
0.00378948
-0.174022
0.0139969
-0.336413
NA
-0.394028
0.0692882
-0.312267
0.0797886
-0.189865
0.097501
NA
0.0620088
-0.251375
-0.615636
-0.56657
-0.339183
-0.580796
-0.151539
-0.198769
-0.578098
0.0673431
-0.513506
-0.355872
-0.553347
-0.2165
0.0758855
-0.449791
-0.0995397
0.070047
0.0241269
-0.548346
-0.573818
NA
0.025626
0.0913164
NA
-0.977
-0.514909
0.0931607
0.0753584
-0.201031
-0.119247
-0.0679352
-0.185123
-0.0844845
0.0737796
0.0461703
-0.103092
0.0436084
-0.0229349
0.0786942
-0.385583
0.0601094
-0.630395
0.0636408
0.0770123
-0.374477
-0.671972
0.116384
0.0465988
-0.22941
-0.904445
NA
-0.332291
-0.110856
0.00290108
0.102228
0.078686
-0.424917
-0.203061
0.0825963
-0.123031
0.0904424
-0.332691
0.0693432
-0.0307425
0.0421188
0.165123
0.0712242
-0.134844
-0.398085
0.0399765
-0.51049
-0.707734
-0.361305
-0.359969
-0.282147
-0.0529059
-0.245873
0.088359
-0.500266
-0.196908
-0.0330406
NA
-0.528444
-0.593412
0.0633687
-0.543396
-0.409562
-0.921827
-0.399288
-0.285698
-0.0909343
-0.611828
-0.73112
-0.001966
0.0794651
-0.676656
-0.354887
-0.113301
-0.568576
NA
-0.186375
-0.39503
0.0462048
-0.433975
NA
-0.686113
-0.0406323
0.0750305
-0.047955
-0.547542
0.0673253
-0.117828
-0.375981
-0.602024
0.00888559
0.116927
0.0102308
-0.285022
-0.311204
-0.525635
-0.0914568
-0.0442267
NA
NA
-0.620133
0.0826079
-0.38458
NA
-0.0743798
-0.629251
-0.151631
NA
NA
NA
-0.32861
-0.435607
-0.605987
0.0693894
0.0642985
NA
-0.285154
0.0359261
NA
-0.119689
-0.417234
-0.183857
-0.164119
-0.597733
0.0336755
-0.513974
0.0782205
-0.840023
-0.576648
0.042207
-0.0727286
-0.41976
-0.0668986
-0.0815682
-0.00838594
-0.023189
-0.67275
-0.0928539
-0.472752
-0.533278
-0.429815
0.0684387
-1.15726
NA
0.0769084
-0.303736
-0.12383
-0.599028
NA
0.0651579
-0.181281
-0.47242
-0.240619
0.0286761
-0.624036
0.12861
-0.158243
0.010825
0.0470987
-0.46847
NA
-0.214826
-0.314084
-0.266597
-0.373441
NA
-0.0504438
-0.364378
0.0722518
-0.070276
0.0679729
0.176249
-0.0370556
-0.143341
0.116279
-0.560847
0.0432371
0.079456
-0.515326
0.103864
0.38012
-0.0675903
-0.322626
-0.114337
-0.351922
-0.109804
0.0403359
-0.399437
0.00461191
-0.266596
-0.441325
-0.0323582
0.104233
NA
-0.433168
-0.532602
NA
-0.124079
-0.118164
-0.45526
-0.656981
0.0715583
-0.637225
0.0913285
0.135284
-0.44596
-0.408217
-0.0282588
-0.56749
-0.211409
-0.0971159
-0.238546
0.0768559
0.0459263
0.0897901
-0.526695
-0.110176
-0.231235
-0.325394
-0.196785
-0.192991
-0.226018
-0.555249
-0.10091
0.0740872
-0.029749
0.0495669
-0.855839
0.0596203
0.0722294
0.0352763
-0.302682
0.284561
-0.619963
NA
-0.486762
-0.178456
0.0892593
-0.244385
NA
-0.0332602
-0.110511
-0.0609076
-0.288943
0.145312
0.0663912
0.076285
-0.54141
0.0485694
-0.250106
-0.837524
-0.326075
-0.498437
0.0079058
-0.936582
-0.276503
-0.0168815
-0.526679
-0.302487
NA
-0.0998546
NA
0.0393806
-0.246339
-0.191059
-0.485177
0.0605591
-0.0933717
0.0774054
0.0637864
-0.0910039
-3.51
-0.409093
-0.34072
0.103901
0.0757116
-0.0352722
-0.560619
-0.555166
-0.0116372
0.0048074
0.00260535
-0.17972
-0.277087
-0.190149
-0.293055
-0.191556
0.0476034
0.0757607
-0.332173
0.0020978
-0.136652
0.0194693
-0.351031
-0.0498858
-0.80119
-0.0791299
0.0181571
-0.540789
NA
-0.186658
-0.42201
-0.477647
-0.150665
0.0704107
-0.783047
0.0240796
-0.626785
-0.536958
-0.25074
-0.665668
0.0884712
-0.414591
NA
-0.279183
-0.0919769
0.00455193
NA
-0.539253
0.0439475
-0.0129954
-0.151978
-0.227736
-0.523865
-0.253974
-0.225815
-0.0450378
-0.208364
-0.650088
-0.255755
-0.530177
-0.261189
0.0605525
-0.498273
0.0634276
-0.0963313
-0.440491
-0.5828
0.0780154
-0.714604
NA
0.0613038
-0.291911
0.0950214
-0.489537
-0.342301
0.034697
NA
NA
0.0784136
0.1036
-0.207773
NA
0.0644947
-0.332559
NA
0.049965
-0.148266
NA
-0.190924
NA
-0.60685
-0.862604
-0.534141
0.00233129
-0.0123642
-0.071565
0.0779559
0.0703934
-0.692435
0.0759674
-0.376882
-0.504366
-0.423292
NA
-0.235646
NA
NA
-0.117728
-0.0879589
-0.237889
-0.124303
-0.0136258
-0.12892
NA
0.0804192
0.0871077
-0.486432
-0.70265
NA
0.0347013
-0.52983
-0.267523
0.0666306
NA
-0.363945
-0.218765
0.0398299
-0.290608
NA
-0.591042
0.0421785
0.0557667
-0.0355857
-0.122511
0.0454361
0.0866194
-0.0289691
0.0138902
-0.0488792
NA
-0.536783
-0.291133
NA
-0.51331
0.0641836
-0.505141
NA
0.0773902
-0.279554
NA
-0.604573
0.0324505
0.0845708
-0.38815
-0.28922
0.0298828
0.0336635
-0.203282
0.0670519
-0.0189853
-0.428284
0.00976712
0.0924625
-0.341931
NA
-0.496329
-0.439728
NA
-0.340482
-0.442601
-0.943003
0.0670264
-0.18996
-0.286409
-0.000487527
-0.484807
0.0735222
-0.752492
-0.0656585
-0.129967
-0.177981
-0.711277
-0.381569
-0.130207
0.0648411
-0.061648
0.0385702
NA
0.0771867
0.153554
-0.72059
-0.118948
-0.178406
-0.419301
-0.451982
0.0447737
0.511777
-0.556731
0.080432
-0.456303
0.023325
0.0916207
-0.954271
NA
-0.712863
0.0907211
0.0651778
-0.107816
0.0799407
-0.680809
-0.314719
0.0195676
-0.701283
-0.000942298
0.0158576
-0.0740501
-0.389309
-0.401928
-0.495892
-0.0295557
-0.560226
-0.366144
0.0673192
0.0266307
-0.167315
0.0543614
0.0421528
-0.0686189
-0.159201
NA
-0.574994
-0.0520332
-0.255001
-0.268736
9.75551e-05
-0.133055
-0.623915
-0.178619
NA
0.0216541
0.0390365
0.0915411
-0.297916
-0.657399
-0.699533
-0.129602
-0.54381
-0.243742
0.0649255
0.072111
-0.0507315
-0.209601
-0.0547678
-0.421419
-0.459277
-0.355899
-0.481478
-0.347336
-0.244944
-0.29934
0.194516
-0.262766
-0.182856
0.214284
-0.328998
0.0812851
-0.528453
0.171403
-0.347224
0.0908006
-0.601783
0.0667134
0.0749136
0.0909316
-0.681728
NA
NA
0.0754684
-0.241778
-0.0751273
-0.0818152
NA
-0.759237
0.10363
-0.116854
-0.784441
-0.661557
-0.203735
-0.0308151
-0.100128
-0.305748
NA
0.0609108
-0.316308
NA
-0.389782
0.0740079
-0.327179
0.0644776
NA
-0.526744
0.0727833
-0.273477
0.0771998
-0.255212
0.0387114
0.137887
0.0426898
-0.332215
0.120046
-0.358721
-0.190595
0.0652204
NA
-0.532963
NA
NA
-0.417652
-0.722142
NA
NA
-0.244081
-0.0484035
-0.445845
-0.437362
0.0639681
0.0750803
0.0504644
NA
0.0782884
-0.564183
-0.299398
-0.0542285
-0.211903
-0.122937
NA
0.0725066
-0.0688777
0.0457588
-0.00123536
-0.83977
-0.0917498
-0.461089
0.0314532
NA
0.171868
-0.368269
-0.32162
-0.355846
-0.452951
-0.168575
0.0368077
-0.34172
-0.0194391
-0.0920802
-0.356111
NA
-0.138663
-0.188767
0.000463102
NA
-0.572873
-0.596784
-0.679538
NA
0.0695224
NA
-0.00581902
NA
0.0479529
-0.45744
-0.145839
0.0429808
0.0531333
-0.137871
-0.887795
-0.228696
-0.858634
-0.0239555
-0.702586
-0.00922658
-1.1469
-0.451697
0.0864158
-0.443627
-0.150456
-0.509382
-0.203246
-0.569895
0.230521
-0.588166
NA
-0.254978
-0.0217606
0.0861899
-0.29406
-0.162095
-0.328186
-0.101696
-0.4268
NA
-0.231601
-0.338335
-0.206813
-0.22882
-0.60254
-0.360635
-0.226764
NA
-0.545971
0.0789735
0.0527768
0.0418376
-0.19554
-0.598623
0.0091788
NA
-0.331507
-0.301722
0.0794887
-0.475724
0.0986155
0.0469346
-0.0245116
-0.0404711
-0.284946
0.371753
0.0669459
-0.0761066
NA
NA
-0.0324557
0.109074
-0.0896586
0.00640636
-0.373337
-0.648012
0.219361
-0.673991
-0.0799242
-0.0682426
0.0630529
-0.399358
0.0147574
NA
NA
NA
0.0455643
-0.60911
0.0320204
-0.154804
NA
0.0911474
-0.0267071
-0.535666
-0.0188233
0.0205351
-0.095293
-0.209726
-0.548185
NA
-0.0321816
0.0142254
-0.0970632
NA
-0.14856
0.0258147
-0.260473
NA
-0.337346
-0.171616
-0.297423
-1.46038
-0.708638
NA
-0.346276
-0.391043
-0.132458
-0.708418
-0.291518
0.0578045
0.0453013
0.0196691
0.0449282
-0.670318
-0.253039
0.0964686
-0.559901
-0.394859
0.0807543
-0.50897
0.0449251
0.0576719
0.0100071
NA
0.0276169
0.0814057
0.086194
-0.213564
0.0732517
-0.694135
0.0720645
NA
-0.582147
NA
-0.577477
-0.37298
-0.690805
-0.63187
-0.141063
-0.515012
NA
-0.613868
0.0637491
0.0163178
0.0842605
NA
NA
0.0293842
-0.21039
-0.159358
0.143585
-0.184741
-0.498642
NA
-0.0681288
-0.487333
-0.285344
-0.0418164
-0.241467
0.0328004
-0.364946
-0.549437
0.0505725
-0.276108
-0.5252
-0.387573
-0.3129
0.0757699
NA
0.0668779
-0.0266842
0.0308263
-0.0820717
-0.151307
0.0071949
-0.595397
0.0408829
-0.272515
-0.0910301
-0.496377
0.0203215
-0.106909
-0.13696
NA
NA
NA
-0.0754149
0.0605264
-0.435909
-0.26102
-0.302583
-0.295509
-0.475148
-0.81023
NA
-0.17111
-0.63266
-0.806967
-0.24968
0.0468642
-0.401557
-0.0133685
NA
-0.668613
0.0696821
-0.633506
-0.583345
0.0476335
NA
0.0711853
-0.376763
-0.0340883
0.068756
-0.0181914
-0.199993
-0.0542704
-0.809369
0.0788388
NA
-0.742683
-0.564025
0.190574
-0.605301
-0.0774137
-0.224954
-0.303329
-0.442843
-0.346509
0.0383791
-0.287413
NA
NA
-0.519571
-0.161365
0.11353
-0.318259
-0.0822406
-0.351936
-0.605503
-0.731063
-0.552044
-0.117295
-0.0011402
-0.159976
-0.564086
-0.0919562
-0.232893
-0.06682
-0.224569
-0.318454
-0.335872
-0.206697
0.04371
-0.334851
0.12925
-0.184561
0.0700706
-0.250156
-0.302055
-0.476735
0.0131664
NA
0.0540347
-0.317946
0.0605098
-0.341508
-0.205468
-0.210775
-0.250062
0.0733439
-0.112478
NA
0.06895
0.109114
-0.121482
0.0373378
-0.366329
0.0832006
-1.59316
-0.444649
0.197826
-0.236697
-0.0377716
-0.211348
0.0695967
0.0553212
0.074793
0.010048
0.0407657
0.0596438
0.0661939
NA
0.0887441
0.01085
NA
-0.331531
-0.546908
NA
-0.0595533
-0.624083
0.0318729
-0.316924
-0.465067
NA
-0.265225
-0.433921
-0.230435
-0.0619964
0.043125
0.0584881
0.0795272
0.045568
-0.153981
-0.132127
-0.375734
-0.129303
-0.690362
-0.268211
-0.372755
NA
-0.679324
0.0852532
0.082806
-0.193386
-0.489828
-0.269657
-0.123584
0.0771411
-0.15939
0.0778369
-0.554576
-0.11341
-0.048581
-0.08466
-0.181871
0.160394
-0.415904
-0.620977
-0.340491
0.0683799
0.0554704
-0.466569
-0.145936
-0.613748
0.0306188
0.0135446
-0.690567
-0.205243
-0.190846
-0.120769
-0.922007
-0.189993
-0.765428
-0.834433
-0.0423014
-0.335529
0.093168
-0.0205306
-0.502566
-0.421349
0.0424588
-0.139151
NA
0.00224579
0.0703492
-0.00291259
-0.0607512
NA
-0.0131139
-0.681606
-0.307258
NA
-0.163543
0.0704309
-0.736817
-0.237109
0.0886088
-0.135358
NA
0.0689289
0.046359
0.072366
0.0462762
-0.0799841
-0.676856
-0.327092
-0.0132711
-0.0729847
-0.570494
-0.171187
NA
0.094083
0.0992029
0.122677
0.0621512
-0.551131
0.108622
-0.466971
-0.668437
-0.359274
0.0524439
-0.125223
-0.195026
0.0442703
-0.211366
NA
0.0379366
0.0126744
NA
-0.544708
0.0879315
0.0644286
0.0170206
-0.165356
0.0656125
0.0341056
-0.583416
0.0259273
-0.496217
NA
-0.532126
0.0444881
0.0634
NA
0.0443826
-0.400478
0.0163276
0.0379839
-0.832349
-0.504354
-0.125192
-0.416396
-0.689807
0.00528682
-0.279681
NA
-0.510052
NA
-0.219347
-0.0874141
0.0853574
0.0220932
-0.847111
-0.484252
-0.0344445
0.00478259
NA
-0.631169
0.0223696
-0.0514755
-0.74213
NA
0.0407426
-0.334887
-0.491142
0.00303201
0.0582828
0.0231734
0.106998
-0.681586
-0.432941
-0.104723
-0.266786
-0.23924
0.0208289
-0.678432
-0.38756
-0.165088
-0.0665129
-0.0290256
NA
NA
-0.0591437
-0.279814
-0.329982
0.051967
-0.0293549
0.0479689
-0.251162
0.313995
0.0685455
0.0612605
-0.269101
-0.487743
0.0643886
NA
0.0729009
-0.204434
-0.299164
0.0785487
0.081624
-0.588935
NA
-0.418934
-0.0698831
-0.609272
0.0214758
-0.0492344
NA
-0.381827
-0.482548
0.0391505
-0.348729
NA
-0.140958
0.0142418
0.00808688
-0.194648
-0.397081
0.0888984
-0.34216
-0.786464
-0.305287
-0.0480138
-0.53811
-0.178311
0.0395293
-0.475166
0.0352812
-0.424049
0.0530843
-0.336592
-0.0530832
-0.339583
-0.176937
-0.523723
0.0508791
0.0360695
-0.0579039
-0.370396
-0.0902717
0.0495378
0.0753644
-0.479297
NA
-0.00784917
0.0714288
0.0568031
0.0492047
0.0685731
NA
0.049185
0.0392394
-0.245123
-0.562
-0.464194
-0.293589
0.0759744
-0.410742
NA
-0.161342
-0.451724
-0.304697
0.0819808
-0.0264697
-0.402775
-0.239037
0.0242019
-0.31725
NA
NA
-0.32215
-0.190304
-0.154491
-0.125628
-0.039074
0.074663
0.133683
-0.0898714
NA
-0.38276
-0.2912
-0.0434271
NA
0.0782861
-0.492932
NA
-0.113653
-0.0750508
-0.523544
-0.195578
0.078754
-0.0810061
NA
-0.243496
0.0747522
0.0701737
-0.0455856
-0.188249
0.013793
-0.255241
-0.065134
NA
-0.230993
-0.640078
0.0132081
-0.0421144
0.0683351
NA
0.0757091
0.0458519
-0.27763
-0.451169
NA
-0.000664102
-0.56846
-0.602195
-0.0299022
-0.205485
-0.582679
-0.428206
-0.141962
-0.217389
-0.373862
-0.0892845
-0.381293
0.0853557
NA
-0.740325
-0.286421
-0.268241
-0.136875
-0.338414
-0.048579
NA
-0.210993
-0.432682
0.0520555
-0.55145
NA
-0.273382
-0.242771
-0.124121
-0.459174
-0.10524
0.0626725
-0.0691814
-0.138077
-0.0704978
NA
-0.61128
-0.339486
-0.0331263
-0.174916
-0.184145
0.0441173
-0.495451
-0.183359
-0.037903
-0.196042
0.060752
0.0568758
NA
-0.412522
-0.182411
0.039726
-0.0720798
-0.242602
-0.207075
NA
-0.334991
-0.602831
0.0347171
-0.727221
-0.228286
-0.386414
0.0764298
0.044867
-0.0178673
NA
-0.218401
-0.798226
0.089474
0.154524
0.0961063
-0.194221
-0.522488
-0.155206
-0.159123
0.0411132
-0.0599377
NA
0.0744512
0.0211722
-0.00740619
-0.0316973
0.0499077
0.00891367
-0.00752741
0.0448056
0.0565126
-0.336558
-0.611142
NA
-0.47681
NA
-0.0497889
-0.386423
NA
-0.283403
-0.626335
-0.522105
0.0735059
-0.0957068
-0.952906
0.0682554
0.0815894
-0.188776
0.0465405
0.0776996
NA
-0.360885
-0.206054
0.0372363
-0.377257
-0.843091
-0.355328
-0.30127
NA
0.0747913
-0.20042
-0.635512
-0.261466
0.0550291
0.0463314
-0.345963
0.112847
-0.729398
1.36364
0.0841053
0.000328726
0.00808069
NA
0.0567985
NA
0.121689
0.0335571
-0.165027
NA
-0.135844
-0.33109
NA
0.0680543
-0.346058
0.00449029
-0.542404
-0.0529077
-0.525004
-0.162895
NA
0.0764422
-0.293833
0.0843486
-0.323556
-0.12019
-0.101172
-0.31736
0.0694409
-0.328757
-0.640805
-0.114394
NA
-0.40613
-0.227569
-0.39946
-0.082814
0.0898853
0.0822078
NA
-0.0126781
-0.360369
-0.26144
-0.467366
-0.266515
0.0851829
-0.621484
-0.515623
-0.660906
-0.539982
0.0463468
0.0236986
-0.0302168
-0.60147
-0.378861
-0.387668
-0.303391
0.047221
-0.264663
0.000180784
0.0483422
-0.205658
-0.842178
0.0729143
0.0356811
-0.185684
NA
-0.562049
-0.454947
0.0983873
NA
0.0562191
0.0703573
-0.501649
0.0645285
-0.309445
-0.411679
-0.122169
-0.369196
0.0648119
-0.248561
-0.596283
NA
NA
-0.0461212
0.0705045
-0.565502
-0.364308
0.0899471
-1.07565
NA
0.0481767
-0.578222
0.0214201
-0.34612
-0.146643
0.0674206
0.0713437
-0.0522375
0.0406466
-0.183932
-0.384479
-0.37555
-0.30684
-0.251634
NA
-0.249722
0.261836
-0.0969377
0.0297561
-0.305155
-0.0130042
-0.0794358
-0.688616
0.0623707
NA
-0.095896
-0.302206
-0.069876
-0.111886
-0.0457402
-0.323631
0.0762982
NA
0.0675645
0.0616964
-0.402567
-0.0137437
-0.097996
-0.526914
-0.149892
-0.041202
-0.0151347
-0.505264
-0.110187
4.93543e-05
-0.180194
-0.374796
-0.166103
0.0183393
0.0644381
0.0705625
-0.0918661
0.0351577
-0.475313
-0.494644
-0.479756
-0.137699
-0.236695
-0.226232
NA
0.025503
0.0707915
-0.578161
0.0322909
-0.0165861
-0.769657
-0.459052
0.14912
0.0466886
-0.318328
-0.337754
NA
0.089799
-0.496258
NA
NA
NA
-0.537027
-0.355061
0.0643811
-0.605912
0.0201872
-0.274672
-0.159357
0.0344503
-0.757969
-0.167252
0.0397621
0.00749501
-0.815587
NA
NA
-0.0603251
0.0350394
-0.160674
NA
0.0626133
-0.0728898
-0.335326
0.0514212
-0.270527
0.117536
NA
-0.55963
NA
-0.400515
-0.456171
-0.426671
0.0326594
-0.576067
-0.0898993
-0.498304
-0.19058
0.0461477
-0.16617
0.0760832
0.0769236
-0.368309
0.0904692
-0.314674
0.077102
-0.325782
-0.0578011
-0.341308
-0.0171087
-0.204198
NA
-0.593896
NA
-0.212506
-0.479947
-0.294538
NA
-0.193918
-0.375399
-0.0445835
0.108951
0.0832141
-0.0907863
-0.79051
-0.28334
-0.315279
-0.0687375
-0.264359
-0.263489
-0.239506
NA
NA
-0.00369803
-0.0713763
-0.257174
0.117293
-0.428118
-0.0899251
NA
NA
NA
NA
0.0412883
-0.0284679
0.0886332
-0.612487
0.0384532
-0.157862
-0.567275
-0.272506
-0.568333
-0.0265093
NA
-0.619761
-0.28471
NA
-0.314437
-0.0866532
NA
-0.202248
0.120408
0.0639752
NA
-0.239849
-0.399936
0.0698309
0.0150602
-0.0812871
0.07263
0.0771009
-0.0557086
0.0606275
0.0566741
-0.367867
-0.424617
-0.327868
-0.384031
-0.123245
0.111626
-0.490189
-0.619469
0.0401466
-0.798497
-0.0340585
-0.0908158
0.0565244
-0.343294
0.0607513
0.109716
0.0462918
-0.252797
-0.367605
-0.232724
-0.192041
-0.369187
-0.234538
-0.123613
-0.453575
0.029692
-0.0322512
-0.336809
-0.0170831
-0.446554
0.063129
-0.0357894
0.0518743
-0.109375
NA
NA
-0.196216
-0.444591
-0.190718
-0.423228
-0.243721
NA
NA
0.0670809
-0.428925
NA
NA
0.0358657
-0.557174
-0.424115
0.0703379
-0.10163
-0.00616802
-0.509042
0.137924
0.0142003
-0.0297504
-0.159089
NA
0.882473
-0.461444
-0.282635
0.0863573
NA
0.0359035
-0.442283
-0.103461
-0.30051
-0.451539
0.0652708
-0.080549
0.0896054
0.0457195
-0.119879
0.128198
-0.4611
-0.632448
0.110254
-0.329375
0.0822927
-0.106571
-0.196604
0.0263693
-0.0501887
-0.118711
0.0177493
0.00171997
-0.451299
0.0470117
-0.335839
-0.443904
-0.315728
-0.213124
-0.367424
0.1158
0.0475885
-0.121994
NA
-0.2149
0.0798025
-0.402234
-0.137231
-0.474838
NA
-0.495742
-0.0303607
-0.459188
0.0435185
-0.107176
-0.373708
-0.276238
-0.345669
0.0726159
-0.0632509
-0.166534
0.0788958
-0.595908
0.0713736
-0.450075
-0.327177
0.0685227
-0.485047
-0.428905
-0.0844286
-0.400313
-0.386786
0.0521066
NA
-0.418712
-0.0962978
-0.265982
-0.0887842
-0.152555
0.0787873
0.000717087
-0.247038
0.0574322
0.0208632
0.0243912
0.0524959
NA
-0.0788976
0.0509972
-0.734025
NA
0.0488336
-0.589963
-0.450051
-0.132942
0.0743448
-0.0416725
0.0429397
-0.0617653
0.0188353
0.028422
0.0789085
0.017012
-0.361423
0.0165507
-0.832169
-0.465742
0.0727382
0.0671661
-0.290356
-0.31604
NA
0.0458622
0.0466595
-0.402589
-0.345417
-0.612355
NA
NA
-0.518009
-0.369236
0.0761972
0.0239779
0.0183399
NA
-0.308997
-0.529762
0.0453841
1.82056e-06
-0.332056
-0.00474406
-0.18847
-0.0278628
NA
-0.242502
-0.585987
-0.431767
-0.726995
0.0876848
0.207137
-0.264308
0.104718
-0.125934
-0.363841
NA
NA
0.0496206
0.0523045
-0.366495
0.00126505
NA
-0.176289
-0.0231075
-0.397725
0.0425838
-0.487469
0.0599198
-0.180459
-0.0120454
0.0065068
0.0272949
-0.514269
-0.0235241
NA
-0.211052
-0.527442
-0.342837
0.0200869
-0.112987
0.024411
-0.364296
0.0939257
-0.345394
-0.466591
-0.620448
0.074888
NA
0.0837936
-0.487813
0.0863971
-0.0233331
-0.625547
0.086522
-0.259803
-0.689828
NA
0.0479084
0.0196744
NA
0.0440189
-0.431482
NA
-0.425672
-0.268865
0.0408909
-0.698591
-0.18145
-0.19289
-0.128864
-0.017326
-0.287432
NA
0.00816497
0.00711363
-0.00667725
-0.245338
-0.231399
0.0694858
-0.127067
-0.533654
-0.209928
-0.783374
-0.119841
-0.000280846
-0.646057
-0.672818
-0.1994
NA
-0.30103
-0.06988
-0.17901
-0.26442
-0.524834
-0.324512
0.0228055
-0.365093
0.0144476
-0.0849351
-0.177995
-0.431153
0.0794531
-0.59947
-0.0563991
0.000404137
-0.397417
-0.353267
0.0706598
-0.0709616
-0.134566
-0.322284
-0.641491
0.0480884
-0.45232
-0.240761
-0.291563
-0.149928
0.0753916
-0.294031
-0.26777
-0.446842
0.0428057
0.0731038
0.04799
-0.403558
-0.272159
-0.510424
-0.0545208
-0.172153
0.0596381
NA
-0.0576708
0.0445362
0.0926155
-0.453961
-1.12879
0.0337537
0.0458702
-0.435145
-0.864668
NA
0.0203104
-0.313535
NA
-0.151504
-0.241637
-0.0114344
-0.114621
-0.149715
-0.102229
-0.22136
-0.455626
-0.416919
0.038339
0.0833052
0.0582671
-0.36976
-0.342887
-0.306825
0.0773703
0.0567322
0.0783961
-0.457109
-0.0724207
-0.442943
0.0763771
0.0703792
0.106118
-0.126531
-0.705112
0.0479249
-0.304822
NA
-0.0691631
-0.0757326
0.0199849
-0.0324551
-0.95474
0.0199632
-0.0267406
0.0922992
-0.290797
NA
-0.304588
-0.551528
-0.484876
0.0811197
-0.442926
-0.189393
0.0332299
-0.0574919
-0.281511
NA
0.0416749
NA
0.0763458
-0.00832919
-0.0200014
0.223092
0.0903331
-0.697166
NA
-0.501728
-0.154358
-0.514584
NA
-0.473333
-0.488613
NA
-0.429106
-0.304117
0.0678583
-0.0717847
-0.340064
-0.0912298
-0.704076
0.0434828
0.219244
NA
-0.12656
-0.140468
-0.362661
NA
-0.477844
NA
0.0618383
-0.511412
-0.160372
-0.11392
-0.267732
-0.307003
0.0887779
0.0726531
-0.0166764
0.0637183
0.0126598
0.0754372
NA
-0.381149
NA
-0.460036
-0.584439
-0.103214
-0.654647
-0.421974
NA
0.00344225
NA
0.0464039
NA
0.0624976
-0.0292967
-0.391531
-0.603945
NA
NA
-0.64966
-0.641981
-0.560849
-0.020072
-0.221153
0.00871932
-0.711424
-0.241195
-0.257965
-0.30106
-0.51037
NA
-0.556877
0.110024
0.0498484
NA
-0.341486
NA
-0.363794
-0.486619
-0.242972
-0.268356
-0.452151
0.0730379
0.0462726
-0.224667
-0.512224
-0.153331
0.0633228
-0.392528
-0.354677
0.0205504
0.0286992
NA
-0.603075
-0.509046
0.0733814
-0.687454
0.0791822
-0.369338
-0.172234
-0.331479
-0.723993
-0.00488729
-0.362647
-0.690733
0.10151
-0.256265
-0.384983
-0.457142
-0.207376
-0.567515
0.0457235
-0.0137148
NA
0.0668157
-0.216883
-0.1306
NA
-0.62078
-0.0131549
-0.67197
-0.0376573
0.0464276
-0.141317
0.0783262
-0.443932
0.0661455
0.0224689
-0.323919
-0.633003
-0.0276212
-0.248096
0.0402389
-0.438993
-0.566917
-0.187941
0.0771425
NA
-0.503336
-0.743926
0.100453
-0.43751
0.0740387
-0.243353
0.0876762
-0.0943632
0.0578327
0.0158219
-0.670434
-0.244151
-0.0719417
-0.198979
-0.35417
-0.268019
-0.00696833
-0.211445
-0.191773
NA
NA
-0.01532
-0.103351
-0.11071
0.00218207
0.0768739
-0.220802
-0.428711
-0.154505
-0.582777
-0.338178
NA
0.0365774
-0.320738
-0.523913
0.230632
0.0434894
0.0854398
-0.691385
-0.223077
0.0678979
-0.150602
0.0473793
0.0890149
-0.132078
-0.545008
-0.053785
0.0660773
-0.298679
-0.0302469
0.104749
0.0828987
-0.0107016
NA
0.364363
NA
0.0243335
NA
0.0907381
-0.314089
-0.213319
0.0409386
-0.786527
-0.815843
0.0697574
-0.35229
-0.206379
-0.245164
0.0450721
-0.345162
-0.570014
-0.0085034
NA
NA
-0.250874
0.0468175
0.0301674
-0.706973
-0.345043
-0.0155826
NA
-0.449503
-0.405092
-0.616167
0.074936
NA
NA
-0.265599
NA
-0.386304
-0.482729
0.0782053
NA
0.0476278
0.0730164
-0.0484008
-0.0637275
-0.0350414
0.0644627
-0.354427
-0.0191033
0.0386833
-0.0955038
-0.0912196
0.139444
-0.129587
NA
0.0698524
-0.461883
-0.769284
-0.213398
-0.0362203
-0.331074
NA
-0.235084
-0.163497
-0.153818
-0.37105
-0.0782573
0.0099667
-0.684452
-0.317209
-0.0777838
-0.688435
-0.017003
NA
-0.510867
0.00678427
0.0836344
-0.325467
-0.368686
-0.00106419
0.0429278
-0.385856
-0.117615
0.0701531
NA
-0.116961
-0.59695
0.0678586
0.086135
NA
-0.244354
0.0707896
-0.11589
0.0773361
-0.0870367
-0.010966
-0.435916
-0.180655
-0.0527879
0.0520656
0.148948
0.4392
NA
-0.313798
-0.0688602
-0.180401
0.0206877
-0.0927072
-0.489197
NA
-0.162742
-0.180814
0.0157224
-0.206911
-0.215426
-0.0632359
NA
0.13072
NA
-0.565634
NA
-0.789399
NA
-0.187831
-0.693354
-0.360899
-0.0128933
-0.144713
0.0116706
0.080905
NA
0.0512907
-0.225398
-0.618708
-0.612869
-0.00934579
NA
-0.878881
-0.415076
-0.282117
-0.190966
-0.437527
-0.584022
-0.286041
NA
-0.301044
-0.369298
0.0392931
0.0911834
-0.271508
-0.655417
0.119478
-0.581807
0.0554615
0.491791
-0.0443005
0.0441929
0.162327
0.069573
-0.0381356
0.496633
-0.346909
0.101994
-0.238481
0.0237297
NA
0.048659
-0.401651
-0.552645
0.0869213
-0.679146
-0.41604
-0.13219
0.0805717
-1.19234
NA
0.202627
-0.486505
NA
-0.105846
-0.544381
-0.0468796
NA
NA
0.0583931
-0.154651
0.047245
-0.00990418
NA
0.0798288
0.0215929
0.0446054
0.0455146
0.0778296
NA
-0.280884
-0.219533
-0.0255375
0.46055
0.0344293
-0.101321
0.0709065
-0.569093
0.0711457
NA
-0.618783
0.167675
-0.276125
-0.545793
-0.704372
-0.230544
-0.36096
NA
0.142582
0.0144704
0.0870128
-0.230299
NA
-0.363101
0.0637121
-0.281462
-0.447492
-0.455486
0.00383097
0.048433
-0.144065
-0.109812
-0.605986
-0.148238
0.0994254
-0.224535
-0.180001
0.0300009
NA
-0.0156375
-0.168898
-0.000614402
-0.581378
0.0753546
NA
-0.294282
-0.203549
NA
-0.508854
-0.453291
0.0144101
NA
-0.141837
-0.785806
0.0451637
-0.0280458
0.0620138
-0.346991
-0.055962
-0.427555
NA
NA
-0.0766708
0.0455812
-0.105498
0.0749303
0.0674732
NA
-0.342529
0.103029
-0.312844
0.0345376
0.0969094
-0.888065
-0.203896
NA
-0.0599503
-0.226373
0.106619
-0.693906
NA
-0.213836
0.0163862
NA
-0.638482
-0.137096
-0.587916
-0.657352
-0.353811
-0.246911
0.0549543
-0.848848
-0.25501
0.0679135
0.0789151
0.0698808
-0.606205
-0.0359067
NA
-0.254322
-0.147865
-0.74983
0.0802813
-0.476972
-0.252694
-0.525546
-0.0295174
-0.180659
-0.233363
-0.212107
-0.162268
-0.334104
-0.465043
NA
0.13223
NA
-0.270418
0.0483254
-0.0772987
NA
0.0403484
-0.0384142
NA
-0.305502
-0.487654
-0.0728257
-0.510129
-0.467615
-0.535471
-0.523184
-0.539453
NA
-0.0121179
-0.269871
-0.754728
0.0817171
-0.355548
0.0656733
0.0658971
-0.958163
0.0187192
-0.252833
-0.337368
-0.549303
NA
-0.554875
0.0716766
-0.294263
0.0175345
NA
-0.211609
-0.133081
-0.138957
-0.406016
-0.80294
-0.722822
-0.528287
0.0540364
-0.332636
-0.673263
NA
-0.610425
-0.290062
-0.0803743
0.0225095
-0.222607
-3.94113
0.03003
-0.373246
-0.00662016
0.0784204
-0.00112003
0.132039
-0.46575
0.0769385
-0.575553
0.0146392
NA
-0.496984
-0.134154
-0.580467
-0.421278
NA
0.0552631
0.0461481
-0.00534691
NA
NA
-0.303432
0.0703135
0.0663205
0.103067
NA
0.076632
-0.268306
-0.306834
0.0393779
-0.366099
-0.750029
0.0981288
-0.81733
NA
-0.797267
NA
NA
-0.589589
-0.73727
0.0702287
-0.243422
-0.264512
0.116871
-0.0854347
-0.0635782
0.0172486
-0.611265
-0.279051
3.02541
-0.0725298
0.0851616
-0.274923
-0.701189
-0.0859574
-0.321942
0.062251
-0.0165434
0.0929233
NA
-0.485623
0.0922649
-0.0166259
0.068843
0.0856538
-0.199777
0.0548208
0.0492751
NA
-0.168203
-0.433145
-0.122235
-0.448251
0.00287075
0.0677715
0.0601597
0.0601052
0.0311405
-0.826647
-0.388647
0.0678553
0.100137
-0.592308
-0.363005
0.0430499
-0.187991
-0.414692
-0.0719549
0.0598217
0.0440786
0.0374565
-0.385082
-0.282597
0.0405472
-0.662854
NA
0.0611679
-0.536312
-0.0312584
-0.305057
-0.430307
0.0795886
-0.179845
0.0615894
0.0784727
0.0808528
-0.152152
0.0966516
-0.212391
-0.499181
-0.157732
0.0754244
0.253845
-0.369285
0.0696806
-0.373458
-0.146452
-0.360555
-0.139687
0.0537465
0.00294511
-0.178795
0.0452505
-0.247425
NA
-0.00134041
NA
-0.141323
0.0599386
0.104439
NA
-0.335846
-0.411617
-0.255091
-0.206198
0.0157663
-0.447007
0.208276
-0.127227
-0.664305
0.0543848
-0.785083
-0.521159
-0.339784
-0.792877
-0.0968309
NA
0.00880659
-0.473298
-0.131965
-0.190778
0.0226791
0.121012
-0.324312
-0.677111
-0.215984
-0.0240224
-0.315238
-0.188214
-0.288423
0.0653936
-0.397053
-0.71661
-0.350282
-0.333572
0.0254605
-2.44333
0.17023
-0.0185465
0.0655689
-0.257804
-0.199552
NA
0.0424701
0.231402
-0.0980302
NA
-0.354391
-0.148673
0.0678953
-0.513397
-0.448942
0.0551833
-0.000706306
-0.596501
-0.184722
-0.863773
0.0316368
0.0266721
0.147257
0.0967654
0.00720718
0.0543949
-0.430433
-0.585184
NA
0.0338124
0.0669815
0.0826282
0.0436701
0.0785239
0.0892003
-0.0603612
0.0801657
0.0608405
0.0398306
-0.606172
-0.301112
NA
NA
-0.14702
-0.899545
-0.681029
-0.366178
0.125062
-0.624223
-0.330565
-0.429645
-0.258429
-0.380326
NA
0.0967032
0.0535048
-0.0760849
-0.155081
-0.147515
NA
-0.270913
-0.378608
-0.137545
NA
-0.473718
-0.130178
0.0253034
0.0784663
0.0479371
0.00219414
-0.751933
0.0350648
-0.527355
0.0228023
-0.213397
-0.128661
-0.0954532
NA
-0.313284
NA
-0.0223647
-0.216986
-0.151538
-0.416774
0.0364524
-0.0895452
-0.312143
0.0726627
-0.45702
-0.11396
-0.0457223
0.0069574
0.0366649
-0.312448
-0.37751
-0.192011
0.0704963
-0.610943
0.0616655
-0.264915
0.0773012
-0.140902
NA
-0.101143
-0.660235
NA
NA
-0.709956
-0.6774
NA
-0.254253
-0.514143
0.0730407
0.0870611
-0.902234
-0.16127
0.0404028
-0.542414
NA
0.040494
-0.431506
-0.276638
0.412087
-0.380883
-0.418549
-0.304663
-0.0978995
-0.052786
-0.493588
-0.316238
0.0919009
NA
-0.606041
-0.104982
-0.0806317
-0.0671744
0.0447549
-0.264475
-0.0814604
-0.00274352
0.0921135
-0.547752
0.0225926
0.0527814
0.0776587
NA
0.0833578
-0.334726
0.325506
0.0773782
-0.256065
NA
0.038627
NA
-0.45499
0.0908675
-0.0994504
-0.00607609
0.0461056
0.0329227
0.0795991
0.0672563
-0.382712
NA
-0.00977348
0.0619754
-3.94035
-0.394597
-0.46762
-0.118587
0.175185
-0.688336
-0.657132
-0.477583
-0.337087
0.0782617
-0.710792
-0.598114
-0.262053
-0.21656
-0.314653
0.0468424
0.111001
-0.0519473
-0.19866
0.163005
-0.0573404
0.0656694
-0.0644327
-0.220814
NA
0.01726
0.119415
0.0704821
-0.401941
-0.464015
-0.852489
0.0601076
-0.0453405
-0.401132
-0.069914
-0.480291
-0.537577
-0.283432
-0.379443
0.0626261
-0.247637
NA
-0.0498327
0.0340221
-0.418708
-0.501771
0.0584217
-0.0868834
-0.399601
-0.290995
0.0487565
-0.791
-0.567181
0.0430114
-0.00364872
-0.111358
-0.359593
-0.475529
0.0332979
0.03408
-0.123954
-0.482478
-0.170484
NA
NA
-0.21232
0.0402921
-0.388991
-0.766206
-0.0423701
-0.650026
-0.448649
-0.265841
-0.567185
-0.309382
0.0874843
0.0709202
NA
-0.0845147
NA
-0.316162
0.12015
-0.629827
0.00323793
0.179678
-0.395118
0.096809
0.0679047
-0.505599
0.0548758
-0.540995
-0.550269
-0.333324
-0.556586
-0.574702
0.0620974
-0.14962
NA
0.088573
-0.590135
0.283022
0.0758421
0.0897977
-0.0905548
0.070735
NA
0.0435144
0.0602276
-0.380479
-0.594488
-0.00108562
-0.254507
-0.631007
-0.130472
-0.233
-0.374149
-0.0696499
-0.535477
-0.379269
0.0834586
-0.199115
-0.224399
0.0784157
NA
-0.415498
-0.614561
-0.70523
-0.328838
-0.0236072
-0.664791
-0.340259
-0.530316
0.0236811
0.0464602
-0.398509
-0.173441
0.0394449
-0.605935
-0.349459
0.0658
-0.318432
-0.657261
0.0675952
-0.155028
0.0979238
0.0219362
NA
0.06977
-0.266189
-0.580675
0.0795362
-0.868417
0.0982549
0.0145525
-0.607558
0.0167387
0.088489
0.0666819
0.0630004
-0.606275
-0.55169
-0.336243
0.0691055
-0.335786
-0.477224
-0.167433
NA
-0.505553
-0.0348473
-0.111779
-0.147723
-0.479628
0.0762653
-0.00102871
-0.302698
-0.585354
-0.70181
NA
0.00501201
-0.873928
0.0786002
-0.55211
-0.364833
0.00901863
0.0822717
-0.754674
0.00457624
-0.484009
-0.354496
-0.602623
0.0741572
NA
0.0759869
0.0613087
0.0285471
-0.143948
-0.145422
-0.654638
0.00252149
-0.488552
-0.399966
0.150358
NA
-0.180271
-0.391969
-0.258818
0.0666669
-0.117652
0.0611139
0.0674485
-0.132385
0.182488
0.0199381
-0.0669021
0.0480759
-0.0968981
-0.0614755
-0.253174
-0.523455
0.0313793
-0.611904
-0.297173
-0.113507
0.0830128
-0.0411673
0.117174
NA
0.0803112
-0.233732
-0.0463968
0.0580756
-0.536028
0.0222197
-0.553004
0.0586532
-0.974617
0.0993801
NA
0.0355521
-0.408636
-0.117155
NA
-0.543753
0.0752045
0.125914
-0.292292
-0.345168
-0.0881676
0.0657654
-0.327104
0.0239983
NA
-0.445913
0.0367585
-0.25413
-0.394038
-0.276769
-0.140516
-0.192136
-0.125549
-0.00893028
-0.585653
0.0832004
-0.118263
NA
0.0357423
0.0930523
0.0296967
-1.15166
-0.13471
-0.165173
-0.593337
-0.477268
0.0173158
NA
-0.364813
-0.452961
-0.000212407
-0.521058
0.0540812
-0.0537548
-0.314116
-0.213944
NA
0.0671715
0.108755
-0.132471
-0.553742
-0.344384
-0.112295
NA
NA
0.102728
-0.434004
0.0626876
-0.566024
-0.183555
NA
-0.0152011
NA
-0.58306
-0.0647362
-0.258741
-0.869592
-0.655455
0.0760575
0.0223102
-0.184862
NA
-0.22538
-0.264354
-0.341123
-0.296804
-0.441781
0.0467035
0.015644
0.0422363
0.00623522
0.0549279
0.0683278
-0.426838
-0.734125
NA
0.038685
0.0107344
0.0572129
-0.39794
-0.458456
0.0722511
0.0750275
0.0780416
-0.656027
-0.854868
0.0761435
0.0886516
-0.482968
0.00085816
-0.334726
-0.4648
0.00614355
-0.320034
-0.0147762
0.0342607
0.0334087
-0.0345017
-0.118267
-0.862569
-0.341907
0.0241021
NA
0.0297262
0.0894141
0.0532654
-0.498587
0.0449758
-0.618562
-0.0121389
0.0651204
-0.0616659
0.0466583
-0.475723
-0.38856
-0.363546
-0.157728
0.0933912
-0.201581
-0.606691
-0.556351
-0.515958
NA
-0.395611
-0.0541717
NA
-0.594836
0.0482779
0.0602488
-0.0762348
-0.0387026
-0.0383927
0.104166
-0.184937
-0.142807
-0.0241247
0.125312
-0.0557364
NA
0.0634571
0.0071641
0.01366
0.0962045
-0.216427
-0.113571
-0.427564
-0.448918
0.0474472
-0.0771399
-0.241963
-0.225712
0.0404696
-0.0752036
-0.59232
0.0313676
0.0670749
-0.177578
-0.354613
-0.209599
0.017667
-0.00273729
0.0202111
NA
NA
-0.0187747
-0.167329
0.0661851
-0.068223
-0.00436047
-0.361049
-0.202634
-0.0853037
0.0446648
0.0615398
-0.327361
-0.0437867
0.0775671
0.0507783
0.0171431
-0.192922
-0.235998
-0.660322
0.0716736
0.0176951
NA
-0.383548
-0.521344
0.057634
NA
-0.133048
-0.417094
-0.230933
-0.0785714
-0.288446
-3.25
-0.387246
-0.601508
0.069319
-0.171891
0.051617
-0.562285
0.219596
0.0106031
-0.326134
NA
0.0491601
NA
-1.00965
-0.617557
-0.206773
NA
-0.0874213
-0.110107
0.0783224
-0.0651437
-0.120739
0.0396115
-0.312042
-0.130295
-0.466264
-0.0927261
NA
0.0224016
-0.756439
0.0676059
-0.43574
0.0214907
-0.0270842
-0.400398
-0.291609
-0.691455
-0.0967892
-0.150839
0.0772124
-0.0443919
-0.110032
-0.441774
-0.508142
-0.468728
-0.385612
0.119268
-0.0529967
0.269282
-0.725963
0.105783
0.0768555
-0.161286
-0.0394761
NA
-0.0538884
0.0686437
0.0736224
NA
0.0186824
-0.334852
-0.177429
-0.450341
-0.498546
NA
-0.723026
-0.338627
0.189053
-0.532454
0.017326
NA
-0.608861
-0.254435
-0.448288
-0.577304
-0.250792
-0.619002
NA
-0.0191371
0.0681618
0.0743818
0.0851938
-0.127663
-0.583076
-0.156803
0.0250385
0.09964
0.0794419
0.0976415
-0.320357
-0.877402
-0.151546
-0.0942222
-0.570926
-0.498971
0.0223487
-0.124072
-0.0924669
-0.620187
0.070012
0.0663762
-0.366245
-0.684232
-0.108912
-0.472893
-0.61796
-0.0433901
0.0535392
-0.488383
-0.36895
NA
0.0331072
-0.509516
-0.750518
-0.407876
0.0430696
-0.720825
NA
-0.486133
NA
0.11305
0.0870692
NA
-0.0865659
-0.452719
NA
0.0804288
-0.203415
-0.0789462
-0.0501952
-0.372331
-0.241302
NA
-0.700889
-0.125342
0.0764436
-0.120369
0.0425081
-0.00974393
NA
-0.140194
-0.177491
-0.45606
0.0754867
NA
-0.183388
NA
-0.340499
-0.57717
-0.629727
NA
-0.198461
0.012876
-0.650758
-0.734683
-0.184045
-0.872296
-0.312453
NA
-0.0282159
-0.0331077
0.0408469
-0.0376008
-0.0169017
0.0985543
0.0688149
-0.00331782
-0.0419032
-0.194717
NA
-0.0884262
-0.15898
0.0102525
0.0417923
-0.618933
0.0667253
-0.223866
NA
0.0622285
0.0346978
-0.0473295
-0.155204
0.0422742
-0.365639
NA
0.0844456
NA
-0.462084
-0.36273
-0.080937
-0.488105
-0.338975
0.0727931
-0.147449
0.156548
0.0116138
0.0760941
-0.409968
NA
-0.540539
-0.248346
-0.58132
-0.0108289
-0.209913
0.0254321
NA
0.0728281
-0.546763
0.0634318
0.0571486
0.0863425
-0.147055
-0.115126
-1.96366
-1.20143
-0.032368
-0.659086
NA
-0.0214057
0.0774085
-0.224664
-0.547111
0.0471809
-0.630214
NA
-0.537681
-0.555501
0.0901163
NA
-0.453074
-0.189666
-0.324981
0.602067
-0.236752
-0.778708
-0.457599
-0.0947617
-0.188514
-0.101803
-0.422938
0.0802894
NA
0.161726
-0.496164
-0.767615
-0.258594
-0.587389
0.0306427
0.0229618
-0.127735
0.0730874
0.0681608
-0.0607418
-0.114737
0.0142193
-0.0678095
-0.114982
0.038788
-0.133942
0.00213649
-0.267146
-0.276193
0.0746366
0.0594792
-0.558185
NA
0.070985
0.0722061
0.0111788
-0.196445
0.0671154
-0.283721
-0.23694
0.018512
-0.67037
-0.394229
0.0734853
0.042906
-0.00602215
0.0651738
-0.319376
-0.278091
0.0458425
0.0402905
-0.262181
0.0908459
-0.571451
NA
-0.314181
NA
-0.00608571
NA
-0.610502
-0.323922
-0.21332
-0.525898
0.0127648
-0.000118569
-0.0195271
0.0714599
-0.123437
-0.249053
-0.0217293
0.0504222
-0.25284
-0.296029
0.00301677
NA
NA
-0.174987
0.0786793
-0.259874
0.0489892
0.0449036
0.0755044
-0.269436
-0.524897
0.0817742
NA
-0.4907
-0.404186
0.0835673
0.0837834
-0.146419
NA
-0.523337
-0.591047
-1.01394
-0.352107
-0.490988
-0.159725
-0.221719
-0.820062
0.0438229
-0.0964556
-0.179336
0.0575657
-0.0201309
-0.548377
-0.439942
NA
-0.300293
-0.522988
0.0815677
0.13156
-0.243801
-0.583111
0.0633711
-0.209384
0.0959327
NA
0.0142334
-0.0775567
-0.496899
-0.405721
NA
-0.390178
-0.0716538
0.0686751
-0.303632
-0.614666
0.0279919
-0.297061
-0.482275
0.060391
0.0709005
0.0227273
-0.488867
-0.713532
-0.338235
-0.292016
-0.65389
0.0174918
0.0746475
-0.476547
-0.384014
-0.801309
-0.405136
0.0180772
-0.178584
NA
-0.0610588
0.0281973
-0.0631857
-0.0935381
-0.1128
0.00297625
-0.182896
0.0473858
NA
-0.147171
-0.17607
0.0640648
-0.270207
0.0422437
0.294647
-0.0855687
NA
-0.458119
0.0435466
-0.127717
0.138917
-0.236412
-0.229883
-0.0916539
-0.380357
-0.315471
NA
-0.685379
-0.444733
NA
-0.0907666
-0.509577
-0.49727
-0.111227
-0.275826
-0.368607
-0.139472
0.107015
-0.213013
-0.330073
-0.239193
-0.0927153
-0.159489
-0.41101
0.0901594
0.0626398
0.112093
-0.209691
-0.16816
-0.123704
0.0847867
-0.182848
0.0803215
-0.524604
-0.056966
NA
0.0614361
-0.704865
0.0480141
NA
0.0367942
0.112358
-0.509851
-0.352299
-0.331658
-0.0107254
-0.275353
-0.389724
NA
-0.000940604
0.185244
-0.06942
0.0479818
0.0513683
-0.381509
-0.00233851
-0.154355
-0.16153
-0.615593
-0.43083
-0.186563
-0.706532
-0.352074
-0.635648
0.0138023
-0.344897
-1.01323
NA
-0.0456819
NA
-0.295596
-0.305335
-0.358483
0.456185
-0.454338
NA
-0.0721587
-0.131663
-0.005731
-0.277657
NA
-0.304137
-0.708203
0.0782135
-0.573208
-0.0227279
0.072935
-0.17232
0.0367388
NA
-0.26272
0.0441768
-0.376375
-0.262047
-0.0779102
0.0339001
0.0743393
0.0311492
-0.451007
-0.538319
-0.551008
-0.582149
0.0714363
0.0480609
-0.627017
0.0422892
-0.161583
-0.578293
0.276867
-0.0940823
-0.218652
-0.297511
-0.463088
-0.308627
-0.282997
-0.551461
0.0848993
NA
NA
NA
-0.704853
-0.0559472
NA
-0.32561
0.15496
0.0492033
-0.0477879
-0.378508
NA
NA
-0.661213
-0.104404
NA
0.0974157
-0.0660512
NA
NA
-0.562127
0.0565711
NA
0.00662401
-0.0649515
0.0922275
0.0688381
-0.473948
-0.607404
-0.139544
NA
0.0664919
0.0279546
0.0706522
0.0593221
-0.0362563
-0.250599
-0.480045
NA
NA
0.121401
0.0363922
0.073159
-0.258541
-0.336177
-0.206691
-0.528332
-0.110237
-0.163123
-0.199262
-0.335639
-0.75415
0.0716807
-0.0614445
0.0488505
-0.566894
-0.4706
0.0900864
0.0817628
0.0726023
-0.342366
0.105094
-0.453526
-0.184489
0.0250081
-0.74286
0.0476487
-0.00199306
-0.309166
-0.401439
-0.0936307
-0.252564
-0.0132061
-0.0610069
-0.112706
-0.148517
0.0174741
0.0448252
-0.503341
0.0031316
0.0816194
-0.0512417
-0.339235
NA
-0.221337
-0.3643
-0.0429498
-0.513703
-0.128086
-0.347584
NA
NA
0.0352517
0.0909302
NA
NA
0.0993706
0.026798
-0.409976
0.0716694
0.0205863
NA
-0.207229
-0.350533
-0.39164
0.00778768
-0.376522
0.0594785
0.0892829
NA
-0.353281
0.0561887
-0.175096
-0.12944
NA
NA
-0.264969
NA
0.0376205
0.0760884
-0.659811
-0.347285
-0.134855
0.0920788
-0.408485
-0.243611
NA
0.08175
-0.88263
-0.100666
-0.967241
NA
NA
0.0397219
-0.642016
-0.285983
-0.293865
-0.303677
0.0533605
0.0958201
-0.201401
-0.208399
-0.331282
-0.0638817
-0.432109
-0.564638
-0.0411061
-0.173308
NA
NA
0.0129554
0.0458638
NA
-0.111067
-0.0678569
-0.363932
NA
NA
0.0783505
-0.0805762
-0.0963712
-0.112809
0.122455
-0.201088
-0.0961808
-0.442972
-0.043259
0.0683508
-0.382584
-0.364684
NA
-0.642466
0.0818625
-0.476052
-0.270669
-0.0565911
0.0474214
-0.511218
-0.519607
-0.531489
-0.372178
-0.847474
-0.176729
-0.205541
NA
-0.0245035
-0.0298813
-0.643406
-0.269005
-0.08552
-0.541744
0.105226
-0.0378622
-0.404788
-0.514515
-0.671103
0.00691412
-0.288073
-0.283539
0.0832626
-0.310767
0.0730511
0.00911255
-0.111828
NA
-0.19208
0.064724
0.065553
-0.447515
-0.27238
-0.0360032
0.072212
-0.780598
0.0710356
-0.392543
-0.000567455
0.0644488
-0.171121
-0.215822
-0.56853
0.0417265
-0.335047
-0.617528
-0.109041
NA
0.0475579
0.0170985
-0.710653
-0.215606
-0.622593
-0.37976
8.93648e-05
0.0680285
-0.0635584
-0.766584
-0.0655499
-0.176787
NA
0.047053
0.0764131
-0.363041
-0.0614172
NA
-0.116061
-0.107875
NA
-0.492587
NA
-0.0356509
0.0268719
-0.341781
-0.331919
-0.418057
-0.40283
0.0814421
-0.0466028
0.00668065
-0.2391
0.0814252
-0.201319
0.0375386
-0.078188
0.0536169
-0.466936
NA
-0.2665
-0.622087
-0.294947
-0.488738
-0.395446
0.0967624
-0.154099
-0.0952887
NA
-0.254458
0.0762941
NA
-0.260996
-0.432022
-0.675159
0.107175
NA
NA
-0.255208
-0.392763
-0.146505
-0.783593
0.0157927
0.0940848
NA
-0.22416
0.0272053
-0.325336
-0.532761
-0.35263
-0.508144
-0.532296
-0.505466
-0.866875
0.0710126
-0.00360009
NA
-0.0825118
-0.614576
0.00393744
-0.824356
NA
-0.224673
-0.0401517
NA
-0.390185
0.0354706
0.044097
0.0910636
-0.319265
-0.557185
-0.0676726
-0.0468444
-0.088601
-0.0026437
0.0697687
-0.0182673
0.0325284
NA
-0.196006
-0.056718
0.0853372
-0.168851
0.0722116
-0.418356
-0.00853936
NA
-0.598339
-0.603088
0.0672864
-0.322505
-0.0258784
0.652332
-0.253892
-0.378508
-0.131388
-0.569125
0.0304297
-0.482221
-0.258532
-0.208214
NA
-0.177568
-0.00817574
-0.623055
-0.586657
-0.674167
-0.066641
-0.216333
0.0493911
NA
0.0948153
-0.122024
-0.374223
NA
-0.302408
0.0677187
-0.353933
0.0198116
0.0398097
0.345934
0.0482429
0.0320769
-0.413431
-0.424913
-0.260185
-0.18561
0.169704
-0.556371
0.0330107
-0.398674
0.0906944
-0.514278
NA
NA
-0.178124
0.0455847
-0.101008
-0.0473553
0.0748388
-0.800732
-0.856082
-0.13044
NA
-0.373077
0.0448741
-0.458491
-0.00143553
0.0686013
0.0530766
-0.297559
-0.0965094
-0.112012
-0.510293
NA
-0.606967
NA
0.00997459
-0.592284
NA
-0.372813
0.0848025
-0.889504
-0.690851
NA
-0.77486
NA
0.0190708
-0.433442
-0.509907
-0.542088
0.0132729
0.0429777
0.0882519
NA
0.118405
-0.330402
0.0775774
-0.159665
0.015931
0.0655487
NA
-0.398202
0.0436257
-1.20902
-0.30973
0.0845293
0.0927008
0.0954887
-0.402679
-0.154105
-0.729457
-0.289414
-0.579126
-0.105778
0.0322658
0.0214561
-0.588872
0.0698522
-0.532636
-0.457188
0.0205853
NA
-0.569867
-0.558063
-0.760385
-0.163042
-0.363327
0.0773187
-0.0121518
-0.220843
-0.165709
-0.359965
-0.471776
-0.579633
-0.325023
0.00307286
-0.441233
0.0782929
NA
0.0747784
0.0752787
-0.135814
0.0732963
0.0465293
-0.348706
0.089832
0.121609
-0.118837
-0.46569
-0.0697514
-0.534549
0.0377822
-0.0580479
-0.000930689
-0.492343
-0.514565
-0.441792
0.0764921
0.395589
-0.74501
-0.216137
-0.630456
-0.4882
-0.553496
-0.637284
-0.331171
-0.62651
-0.162017
0.0644413
-0.151252
0.0514675
-0.097631
0.0113068
0.0249269
-0.184612
NA
0.0380626
-0.366385
-0.233434
NA
NA
-0.288007
-0.277961
-0.0995285
-0.5627
-0.0696114
0.0556311
-0.279641
NA
0.0951402
-0.111134
-0.0511595
-0.59999
0.0425795
-0.612053
-0.602891
-0.0559424
-0.331158
-0.290466
-0.131969
-0.302817
-0.322424
-0.439879
-0.60135
-0.337467
NA
-0.440628
-0.340552
-0.104992
-0.602589
-0.311288
-0.677039
0.0225265
-0.34718
-0.257348
-0.0432445
-0.466156
0.0443508
0.0833623
0.0336482
-0.191086
0.0829224
-0.134908
-0.475203
-0.181553
-0.126249
NA
NA
-0.0112637
-0.158312
NA
0.0960342
-0.639739
-0.0123521
-0.313789
-0.253122
0.0435192
-0.568783
-0.278365
-0.387385
NA
-0.343108
0.0623815
-0.32142
0.0737146
-0.283585
-0.138867
0.00374403
NA
0.0670919
-0.156591
0.0778052
0.0387692
0.0758144
NA
-0.275882
0.122537
-0.569373
0.039118
-0.642218
0.083916
-0.0230396
0.0448413
-0.372401
-0.703034
-0.0794025
-0.103742
-0.491106
-0.156662
0.105834
-0.465116
-0.385721
-0.0149526
-0.0825246
NA
-0.680171
0.112932
-0.170659
-0.447057
0.0128524
-0.383924
-0.723287
-0.301172
NA
0.0444329
-0.00756999
0.0872465
0.0692275
0.0736306
NA
-0.349823
NA
NA
NA
-0.310962
0.00486111
NA
-0.392067
-0.32356
0.0807624
-0.18708
-0.17058
0.330456
0.0750717
0.000809455
NA
0.0757589
-0.146829
-0.324671
NA
-0.320647
NA
-0.548627
0.0713278
-0.274715
-0.381235
-0.777668
NA
-0.638851
0.0483289
-0.117548
-0.0134305
0.289576
-0.162658
0.0192331
-0.377281
-0.40608
-0.144176
0.0937129
0.0708826
-0.86269
-0.260289
NA
-0.220333
0.0764024
-0.306824
-0.573293
0.00974058
NA
NA
-0.0340903
0.07183
-0.00150184
-0.0349866
-0.362437
