-0.167255
0.068433
0.18034
-0.084875
-0.207661
-0.16338
-0.429531
0.0699381
-0.930183
0.0900003
-0.0814604
-0.246738
-0.0278987
0.0649273
0.0655082
-0.0806317
-0.104982
NA
-0.684441
0.0919009
0.023557
-0.711093
0.066093
NA
-0.582596
-0.216826
-0.451125
0.0284814
-0.44783
0.0740606
-0.533798
NA
-0.349001
0.0245363
-0.470783
-0.0832822
-0.368099
0.0468424
0.000298586
-0.27703
0.0571906
-0.529993
-0.105916
0.00594266
-0.244563
-0.463108
0.0437039
0.0379733
0.175185
-0.027262
-0.525761
0.04373
0.0657483
-0.251218
0.0672563
-0.396808
0.0329227
0.0686182
-0.309586
0.0274795
NA
-0.00607609
0.071978
-0.666435
0.0908675
0.0773782
0.0280961
NA
-0.557653
0.0527814
0.250494
-0.148282
-0.236346
0.325506
0.0924429
NA
-0.0226558
0.0833578
-0.743125
-0.120419
-0.0773477
0.109522
-0.416774
0.104505
-0.0643763
-0.675209
0.0498289
0.0151762
-0.0954532
-0.458159
0.0433451
0.0453404
-0.0626979
0.0253034
0.00219414
0.0973681
-0.0955318
0.0444311
-0.378608
-0.0015782
-0.452091
-0.34462
0.0967032
-0.477504
-0.296194
-0.0906229
-0.138242
0.466585
-0.708259
-0.343867
0.0597041
0.0872241
-0.16127
NA
-0.586902
0.0730407
-0.573745
NA
-0.254253
-0.514143
-0.140902
-0.543213
-0.265079
NA
0.732047
-0.240987
-0.0683157
0.0474079
0.0773012
0.08184
-0.610943
0.0366649
0.0843742
-0.195599
-0.293214
NA
-0.11396
0.0188065
-0.0328897
0.0979238
0.0219362
0.06977
0.0675952
0.0357688
0.0658
-0.657261
0.0642182
0.0236811
0.0464602
-0.398509
-0.464524
-0.0186157
-0.328838
0.0355128
-0.415498
-0.500469
0.0543458
0.0834586
-0.176571
-0.3608
0.0268329
-0.0696499
-0.167892
0.000682208
-0.535477
-0.631007
-0.405231
-0.0197809
-0.0610297
-0.747003
-0.112634
0.0602276
-0.0905548
-0.00108562
-0.064194
-0.809816
-0.27818
-0.70181
NA
NA
-0.547266
-0.302698
NA
-0.00102871
-0.00682167
-0.463962
-0.505553
-0.468953
-0.111779
0.0131275
0.0619218
-0.0723058
-0.55169
0.0630004
-0.553802
0.0723387
-0.0914737
0.0449949
-0.145628
0.088489
-0.645093
-0.449694
NA
0.0108815
-0.338935
-0.0199524
-0.495714
-0.266189
-0.550117
-0.201281
-0.00364872
-0.10845
0.0129771
0.0866665
NA
-0.290995
-0.33015
-0.518297
0.0487565
0.0689502
0.0107249
0.0496637
-0.0868834
-0.187332
NA
NA
0.119415
-0.454224
NA
-0.477339
-0.0780999
-0.627987
-0.283821
-0.625255
0.0552799
0.0508459
0.0567898
-0.0573404
0.0656694
-0.801509
-0.468282
-0.177176
0.0568143
-0.518095
0.0620974
-0.182168
-0.725741
0.088573
0.283022
-0.411435
-0.472476
0.0548758
0.0679047
0.0639607
-0.505599
-0.309698
0.0435567
-0.116149
-0.00099049
-0.395118
-0.358781
0.0874843
-0.100276
0.12487
NA
-0.512537
-0.433574
-0.567185
-0.309382
-0.448649
-0.21232
-0.500607
0.0413866
-0.766206
-0.0423701
-0.017351
NA
-0.170484
0.0588529
-0.0580633
-0.515489
-0.540524
0.0680534
NA
0.0746508
-0.0537548
0.0540812
-0.000212407
-0.206631
NA
-0.481988
0.0173158
-0.364813
0.0325244
0.0930523
-0.00554258
NA
-0.548575
-1.15166
-0.745207
-0.286496
-0.253803
0.0738458
-0.140516
-0.966494
0.0628681
0.143159
-0.334408
-0.124169
-0.415702
NA
-0.00989124
0.0548876
-0.25413
0.0668267
0.0399935
-0.445913
-0.345168
0.00834919
-0.0881676
-0.116235
0.0683278
0.00623522
-0.00426936
-0.297214
-0.296804
NA
-0.452105
-0.0267666
0.0443491
-0.184862
-0.0896858
-0.264354
-0.499615
-0.590099
-0.192794
-0.0898716
0.0389145
0.0626884
0.0787104
0.0223102
-0.0152011
-0.294456
-0.73055
0.145585
-0.496778
0.0626876
-0.0205478
-0.434004
0.0830501
-0.105355
0.0305278
-0.509668
NA
0.0495675
NA
0.108755
-0.249324
0.0937958
0.182488
0.00592078
-0.132385
NA
0.097396
NA
-0.258818
NA
-0.338466
-0.362848
0.102504
-0.498507
-0.180271
0.103163
-0.399966
0.0412269
-0.463529
-0.143948
-0.00693893
0.111564
-0.528113
-0.0961349
NA
-0.13164
0.0759869
NA
NA
-0.72911
-0.278439
0.0455586
0.167939
-0.754674
-0.000282818
0.00457624
-0.484009
0.0822717
0.0382858
0.0466771
0.103309
-0.292292
NA
0.0826009
0.0786205
-0.543753
-0.093178
NA
-0.229808
0.0355521
-0.408636
-0.512287
-0.283602
-0.304224
NA
-0.0494349
-0.241579
0.0639389
-0.974617
-0.381546
0.0993801
0.0228813
-0.113507
-0.0847205
0.0830128
0.103933
-0.636729
-0.0411673
-0.523455
0.0891307
-0.033799
-0.754674
0.0716736
0.104148
-0.592338
-0.235998
NA
-0.0437867
-0.489582
-0.384575
-0.216032
0.227515
-0.0905827
0.0939003
-0.0569769
-0.548328
-0.0187747
-0.518435
-0.00999201
0.0850948
0.0100473
-0.258814
-0.110707
-0.0448153
0.0533267
-0.609553
0.0313676
0.0457529
0.0670749
-0.177578
0.12841
-0.394067
-0.00604124
-0.394162
-0.0752036
-0.381434
0.0650241
NA
-0.241963
-0.653466
NA
-0.457183
-0.346982
-0.43574
-0.0651437
-0.559102
-0.551652
NA
0.0745414
NA
NA
-0.386968
NA
0.0491601
-1.00965
0.0508433
0.0246845
-0.0127711
0.219596
NA
0.0207734
-0.171891
NA
0.051617
0.0439954
-0.137585
0.0168743
-0.0785714
0.0709362
0.0717055
NA
0.109443
-3.25
-0.76721
NA
-0.525789
-0.366433
0.070341
-0.133048
-0.736198
0.057634
-0.588974
-0.0944814
0.00399936
-0.314246
-0.588023
-0.0616659
-0.105758
-0.498587
-0.684562
-0.239476
0.0241021
-0.0657861
0.0532654
-0.333921
-0.227109
0.015011
0.0342607
0.0235806
-0.862569
-0.334726
0.00085816
0.0332328
-0.257093
-0.557197
0.0761435
0.0725671
-0.475385
0.0380958
-0.343673
0.0750275
0.0572129
-0.591533
0.0504133
-0.113571
NA
-0.397773
-0.307997
0.0330833
-0.611938
NA
-0.0557364
0.076126
-0.694301
-0.422968
-0.122539
NA
0.0482779
0.0701804
-0.515958
-0.562951
NA
-0.0968495
-0.739348
-0.0541717
NA
-0.728253
-0.175449
0.0933912
-0.157728
0.0252301
-0.5722
0.4392
-0.0828594
-0.0129772
-0.313798
0.00948435
-0.180655
-0.361992
-0.470075
0.0520656
-0.347964
-0.426752
-0.863723
-0.021771
-0.0527879
-0.010966
-0.42784
0.0707896
-0.112975
-0.244354
-0.00715919
-0.438779
-0.11589
0.086135
0.116342
-0.0564542
-0.59695
0.0251594
0.0317908
-0.130133
0.0928725
-0.647839
0.0490124
-0.497979
-0.416247
-0.00106419
-0.325467
-0.709974
-0.722796
0.064105
-0.436143
-0.00934579
-0.612869
-0.362339
-0.186885
-0.0618053
-0.048786
-0.00265877
-0.0440082
0.0543554
-0.296852
NA
NA
NA
-0.674278
NA
-0.360899
NA
-0.825034
0.00471052
0.0808241
-0.789399
NA
-0.383952
-0.22887
-0.672502
-0.0928784
0.0773441
-0.373569
0.0693956
-0.0183729
0.0646543
0.0883053
-0.180814
NA
-0.0632359
-0.215426
-0.430919
-0.489197
NA
0.00548171
NA
-0.740276
0.0644627
-0.046927
0.0104617
0.00969074
NA
NA
0.241648
-0.0637275
-0.14639
-0.456518
-0.196507
0.149136
-0.335618
NA
-0.386304
-0.346417
-0.121815
-0.21576
-0.0222899
-0.65015
-0.652037
0.074936
-0.300931
0.0302898
-0.539909
0.0722663
-1.05595
-0.250874
NA
0.0466062
-0.706973
NA
-0.115399
0.0450721
-0.245164
0.0616065
NA
-0.0916595
-0.648068
-0.233056
-0.017003
-0.097421
-0.114878
-0.161933
-0.272235
-0.434127
-0.405904
0.021632
-0.0609839
-0.29818
-0.146616
0.0321136
0.0808426
0.0689564
0.0470162
NA
-0.251403
-0.235084
-0.635663
NA
-0.129587
0.139444
-0.163535
-0.0912196
0.0667692
NA
0.0844441
-0.13765
-0.336069
0.0386833
-0.619166
0.105
NA
-0.000614402
0.0789753
0.0449316
0.0691181
-0.186348
0.0753546
0.0994254
-0.224535
NA
0.0300009
-0.573833
0.00383097
-0.455486
0.048433
0.11902
-0.109812
-0.227165
0.0710557
-0.138154
-0.080726
-0.71293
0.0438687
0.114657
-0.479107
-0.14469
-0.246792
NA
-0.363101
-0.00411501
-0.440984
-0.673085
-0.644705
-0.472379
0.167675
NA
-0.275701
-0.618783
-0.461427
-0.262989
-0.640858
-0.569093
0.0709065
-0.173703
NA
-0.226373
-0.514578
0.0969094
-0.796372
0.103029
-0.888065
-0.203896
NA
NA
0.0674732
0.00423874
-0.703596
-0.719655
-0.0937616
-0.105498
0.0184083
-0.055962
-0.600344
NA
-0.479486
0.0320852
-0.333457
0.0164714
0.0620138
-0.205564
0.0750276
-0.770914
0.0144101
NA
-0.0280458
NA
-0.456557
-0.137189
-0.462541
0.0662582
-0.714487
-0.556611
0.0400699
-0.737644
-0.301368
0.0550918
0.0829526
-0.274333
0.101994
-0.238481
-0.246109
0.0615884
-0.0381356
-0.239723
-0.850288
0.496633
0.491791
0.0665489
-0.460815
-0.0933485
0.0216109
-0.0137564
0.0392931
0.0308189
0.0911834
-0.277601
-0.0888918
0.0589882
0.0780036
-0.271508
-0.0158605
-0.0842062
-0.301044
0.0253722
-0.0371183
-0.0832017
0.037365
-0.0255375
-0.0631231
0.46055
-0.584739
NA
NA
-0.215526
0.0734675
-0.0391157
NA
-0.372308
-0.00990418
0.0924237
NA
0.0456624
-0.545977
0.0644991
0.0445286
-0.198332
0.202627
-0.181774
-0.486505
0.0805717
0.0715705
-0.198054
0.076632
-0.268306
-0.386966
0.109404
0.0455207
NA
-0.5546
0.0119908
0.0144668
NA
-0.580467
-0.391552
NA
-0.134154
-0.529733
NA
-0.287135
-0.54989
-0.545362
0.0670391
-0.496984
-0.781847
-0.366824
NA
-0.575553
0.0769385
-0.30856
-0.0803743
-0.130982
-0.179548
-0.238398
-0.332636
-0.220387
-0.0751332
0.0645854
NA
0.172685
0.0722735
0.0273655
-0.447293
0.0626472
-0.485623
0.107946
-0.0283659
-0.216938
-0.483761
-0.274923
0.215691
-0.190762
-0.319993
-0.73727
-0.0847306
0.068377
NA
-0.0951088
-0.208177
NA
-0.824075
-0.133008
-0.0126041
0.0261461
0.0393779
0.13223
-0.00538271
0.06731
NA
NA
-0.0295174
0.0802813
-0.74983
-0.326865
NA
-0.748093
0.0708646
-0.242415
-0.00414656
0.0789151
-0.606205
0.071963
NA
NA
-0.612387
-0.618753
NA
0.0542098
-0.353811
-0.422857
0.127991
-0.0890644
0.0688738
-0.276015
-0.137096
0.342089
-0.509521
0.099442
0.0163862
0.0715993
0.041509
0.106619
-0.693906
0.0246879
0.0167756
-0.682948
-0.307142
-0.133081
-0.138957
-3.01
0.0592486
-0.249069
NA
0.0175345
-0.294263
0.0433757
NA
-0.399882
-0.297678
-0.118458
-0.219928
-0.211609
-0.337368
-1.92
-0.355433
0.0717901
0.0716766
-0.0793512
-0.588122
-0.444116
0.0187192
0.0817171
-0.355548
-0.958163
0.0658971
0.0656733
-0.239985
-0.311321
-0.302101
-0.260506
NA
NA
-0.191107
-0.510129
-0.487654
-0.821221
-0.523184
-0.535471
-0.109329
0.00465425
0.0295993
-0.270418
-0.224822
0.0403484
0.0551833
-0.438921
-0.199552
-0.354391
0.231402
0.0137757
-0.0812481
-0.351436
-0.413547
-0.385971
-0.52546
NA
-0.674732
0.0266709
-0.432014
-0.0185465
0.0673701
-0.00358578
-0.561104
-0.523531
-0.339594
-0.315238
-0.189648
-0.689294
-0.0131951
NA
-0.190778
-0.0458761
NA
-0.258429
0.324886
0.125062
0.0587427
-0.366178
-0.758866
-0.102395
-0.0958558
NA
NA
-0.14702
-0.00627197
0.0938737
-0.606172
-0.0208559
0.0469086
0.0543949
-0.160761
-0.501645
-0.00435931
NA
-1.38332
0.0338124
-0.350967
0.000208396
-0.863773
NA
0.00584078
-0.692768
0.0266721
-0.0476533
-0.313359
-0.000706306
-0.324248
-0.47056
-0.609333
NA
-0.412293
0.0966516
0.0590361
-0.157732
0.0708739
-0.194567
-0.241899
-0.305057
NA
-0.221749
-0.493261
-0.333266
0.065734
-0.212532
-0.229021
NA
-0.662854
-0.380368
NA
NA
-0.279336
0.0598217
0.0347248
-0.307146
0.0442249
-0.315839
-0.140233
-0.592308
-0.450774
-0.414692
-0.0719549
-0.826647
-0.527636
0.0213266
0.0311405
0.0601052
0.0678704
-0.257903
-0.540254
0.0677715
NA
-0.70066
0.0492751
-0.232691
-0.229756
0.00880659
-0.426614
NA
-0.473298
-0.282018
0.0182885
-0.0130545
-0.0968309
-0.115005
-0.165856
-0.127227
-0.180954
-0.521159
-0.108701
-0.30477
0.0543848
-0.363052
0.0599386
-0.86301
-0.447007
-0.577466
-0.700172
-0.00134041
0.067437
-0.472456
0.0755153
-0.354792
NA
0.00294511
-0.146452
-0.353711
0.0438203
-0.139687
-0.19934
0.067447
-0.23979
0.0586783
0.0836499
-0.447515
-0.346095
-0.0360032
0.0832626
-0.769774
-0.231788
NA
0.0442654
-0.111828
0.00883732
0.00911255
0.108308
NA
0.105226
-0.313871
0.0451757
-0.671103
0.00691412
0.0494082
0.0460527
-0.269005
NA
0.0730306
-0.416004
-0.541744
-0.120813
0.103818
-0.431144
0.0145736
0.0441377
-0.016036
-0.262939
-0.0681292
0.0427254
-0.519607
-0.380231
-0.176729
-0.531489
0.0555109
-0.364684
NA
0.0844587
-0.515178
0.0818625
-0.612111
NA
NA
0.0495025
-0.0199927
0.116296
NA
-0.598647
NA
0.0336619
-0.467707
-0.0474051
NA
-0.0635584
-0.141929
0.0580088
0.0735112
-0.171184
-0.196249
0.0475579
-0.0238901
-0.244228
-0.179509
0.0170985
-0.710653
0.0445932
-0.617528
-0.340128
-0.277835
-0.215822
-0.56853
-0.59088
NA
-0.780598
-0.526376
0.017513
-0.293865
0.066588
-0.00485602
NA
0.048684
-0.436481
0.0141934
-0.0570003
-0.967241
-0.387734
-0.644968
-0.348972
0.01248
0.021537
-0.155813
-0.0516212
-0.000526216
0.08175
NA
-0.0942837
0.0449335
-0.347285
0.0760884
0.15097
NA
-0.488529
NA
-0.239152
-0.314608
-0.353281
0.0462046
-0.39164
-0.415249
0.0342023
-0.0482047
-0.0961808
-0.682188
0.0230643
-0.363932
-0.533928
-0.0805762
0.161943
NA
-0.420575
-0.0303431
NA
-0.436683
0.0400517
-0.697308
0.080355
-0.107516
-0.266418
-0.101409
-0.285834
-0.268996
-0.345024
-0.432109
-0.00673376
0.0552468
-0.224336
NA
0.0798824
-0.280485
-0.0440971
-0.238043
0.0275139
NA
-0.258532
-0.00528969
-0.826123
-0.401979
-0.0896211
NA
-0.0371187
-0.369284
-0.533126
-0.358546
0.0389901
0.652332
0.0304297
-0.569125
0.0496925
-0.598339
-0.637541
-0.408952
0.0672864
-0.424017
NA
0.0757363
-0.442728
NA
-0.102155
-0.437269
0.0257215
-0.482089
NA
-0.418356
NA
-0.056718
-1.47813
-0.537149
-0.156466
0.0853372
-0.569712
-0.00960223
NA
0.064264
0.0697687
-0.495244
-0.0468444
-0.088601
-0.0026437
-0.379392
-0.390185
NA
0.044097
0.0910636
-0.244288
0.0354706
-0.788759
-0.373827
-0.18561
-0.353843
0.169704
0.0309575
-0.556371
-0.54666
NA
-0.260185
-0.224701
0.0398097
0.345934
-0.224567
-0.025331
-0.353933
-0.191587
-0.458986
-0.359999
0.0784174
-0.492998
-0.216333
0.0457778
-0.186218
-0.122024
-0.1777
0.0493911
0.0663836
-0.066641
0.218022
0.144032
-0.517558
-0.531547
0.0444177
-0.294947
0.0536169
NA
-0.180151
-0.825154
-0.0951608
0.0375386
-0.947768
NA
-0.423332
0.00668065
-0.2391
NA
-0.537244
-0.805361
-0.147422
NA
-0.523576
0.0398777
-0.371043
NA
0.0870755
-0.368801
0.0439651
NA
-0.374825
-0.519872
NA
-0.224673
-3.51
-0.00360009
0.0827386
NA
0.010352
0.00393744
-0.270767
-0.581323
0.0649897
0.0710126
-0.465972
0.0892084
0.0659989
0.0341586
0.0804613
-0.227602
NA
-0.532296
-0.209657
-0.476493
-0.044355
-0.186461
-0.301892
0.0730988
-0.174479
NA
NA
0.107175
0.609001
0.10832
0.0843845
-0.265615
-0.606159
-0.260996
-0.199341
-0.531313
0.0849601
0.0438303
-0.616071
0.0577169
0.0764921
-0.650048
0.0968368
-0.534549
0.078983
-0.46569
-0.80274
-0.118837
-0.223456
-0.348706
-0.307462
NA
NA
0.0745684
0.0752787
0.078372
-0.806857
-0.471776
-0.325023
-0.0602472
NA
-0.579633
-0.152657
0.0133569
0.0773187
NA
NA
-0.558063
-0.131969
-0.296485
NA
-0.597303
-0.337467
0.0425795
0.0885659
0.115818
-0.360629
-0.190214
-0.11301
-0.59999
-0.359488
0.0556311
-0.0885514
0.099481
-0.0696114
-0.233434
-0.330744
0.0231499
-0.00567077
0.0249269
-0.135742
-0.313684
0.0599205
-0.256526
-0.228398
-0.393098
NA
-0.273993
0.14879
-0.227594
0.0227877
-0.184032
-0.62651
-0.162017
0.0644413
0.0514675
-0.183426
0.149145
-0.74501
0.0464229
-0.637284
0.796557
-0.553496
NA
-0.193235
NA
-0.549581
0.0798631
0.0392177
0.034028
-0.690851
-0.491272
NA
NA
-0.0965094
NA
-0.246215
-0.842503
0.044545
-0.0375134
0.0686013
-0.369272
-0.0252679
-0.0473553
0.0748388
NA
-0.856082
-0.13044
NA
-0.178124
-0.457188
-0.171204
NA
NA
-0.429444
0.0454248
0.0710071
0.0214561
0.0322658
-0.961816
-0.579126
-0.244559
0.0163221
-0.580592
-0.0178231
0.0845293
0.0927008
0.0954887
NA
0.181043
NA
NA
-0.107046
-0.257096
-0.560688
0.0775774
-0.244939
-0.330402
0.015931
0.0690817
-0.433442
NA
NA
-0.509907
0.072097
0.0674697
NA
-0.0162558
-0.582276
-0.293958
0.0757589
0.048588
0.000809455
NA
-0.145451
-0.499067
-0.418341
-0.29882
-0.18708
0.330456
-0.17058
-0.32356
0.071004
-0.983142
0.080336
0.00486111
-0.0185882
NA
0.0736306
0.0692275
NA
NA
-0.00756999
-0.217853
-0.871809
-0.379695
0.0328673
-0.0349866
-0.590706
-0.0496344
0.0881687
-0.0934483
-0.572339
-0.0140144
-0.00150184
-1.00233
-0.573293
0.0759397
0.000340368
0.0664282
-0.402785
-0.253735
0.0392212
-0.725498
NA
-0.250519
-0.030396
-0.0177093
0.0497701
0.0482746
-0.338086
-0.220333
-0.246876
-0.117302
0.0707756
-0.162658
0.289576
0.073543
0.0700492
-0.777668
0.0483289
-0.0335502
NA
0.071858
-0.965442
-0.387385
NA
NA
-0.182455
-0.0123521
0.0586961
-0.313789
-0.0135176
-0.557393
0.0786417
0.0628496
-0.444624
NA
-0.134163
-0.0575771
-0.0999608
-0.710847
-0.475203
-0.553684
-0.191086
-0.858109
-0.366932
0.0456233
-0.311288
-0.468765
NA
-0.464874
0.0616931
0.00854064
0.112932
-0.480001
0.0425232
-0.680171
-0.239135
0.0858821
-0.283232
0.0598217
NA
-0.0946412
0.105834
0.0276115
0.0578282
-0.156662
0.0819136
-0.0794025
-0.456091
0.0448413
-0.0230396
0.0855158
NA
-0.372401
-0.609629
NA
-0.187543
-0.0855753
-0.569373
0.0216575
0.0778052
2.5851
0.0717451
0.0529498
NA
0.0475974
-0.157782
NA
-0.105214
NA
-0.252761
-0.455401
0.0737146
-0.00549954
-0.172877
-0.212452
-0.509601
0.0677055
-0.0296745
0.00442118
-0.312453
0.0570982
0.0280358
0.0799983
-0.629727
-0.183388
-0.340499
-0.312549
-0.315649
-0.744922
-0.00944565
-0.677462
0.0594808
1.07892
-0.535118
-0.436417
-0.572533
-0.241302
0.00556408
-0.287391
-0.120369
NA
0.0906068
-0.203415
-0.359802
0.0804288
-0.147251
0.0756468
-0.442147
-0.248346
-0.275224
-0.0112913
NA
-0.722242
-0.349105
-0.114155
-0.147449
-0.429326
0.135739
0.0329969
0.0703195
0.0116138
0.0518
-0.124994
-0.119057
-0.488105
NA
0.079879
0.0421923
NA
0.0422742
-0.00982048
-0.260622
-0.145024
0.0667253
NA
0.0757438
NA
0.0346978
0.0767098
0.0417923
-0.46945
NA
-0.608861
NA
0.017326
0.0729876
-0.254435
-0.723026
-0.0890189
-0.608634
-0.391914
-0.338627
0.069059
-0.450341
-0.498546
0.0549958
0.0435162
0.0212242
NA
0.0338122
NA
-0.0394761
NA
-0.371794
-0.313668
-0.100037
0.105783
-0.0967892
-0.254944
-0.272541
-0.331461
-0.152917
-0.0270842
NA
0.11305
0.0759609
-0.44088
0.0650879
-0.541054
0.086717
0.0870692
0.145345
0.0271766
-0.509516
-0.455671
-0.221753
NA
0.0838964
NA
-0.85368
-1.03562
0.0746529
NA
-0.151546
-0.0942222
-0.112248
-0.472893
0.0426622
-0.620187
0.0811015
0.0462836
0.0988591
-0.447013
-0.685353
-0.763953
-0.547284
-0.703737
0.0681618
-0.0140716
-0.10731
-0.520166
-0.52673
-0.0191371
-0.189626
0.00331748
-0.488504
-0.366734
0.0837834
-0.385279
-0.269436
-0.178066
-0.118012
0.0756337
-0.0107071
-0.383063
-0.424285
NA
0.0808678
0.087872
-0.259874
-0.25347
-0.570869
-0.296029
0.0504222
-0.00160456
-0.123437
NA
NA
0.0787898
-0.000118569
-0.341735
NA
NA
-0.612607
-0.660952
0.142039
0.111184
0.0402905
-0.262181
-0.00583417
NA
-0.190363
0.042906
0.0458425
-0.319376
NA
-0.113343
-0.404331
-0.657898
-0.257777
-0.323572
-0.953061
-0.0775567
0.0142334
-0.173622
0.0633711
-0.174799
NA
-0.150542
-0.296739
-0.0528779
0.00317508
-0.00623902
-0.0557163
0.0188233
-0.0801025
0.226827
-0.0823583
-0.442835
NA
0.0590397
-0.277551
-0.379197
0.0476951
NA
0.072316
-0.820062
0.0555949
0.0759101
-0.548377
-0.352107
0.063493
-0.293329
-0.523337
0.0762299
0.0849191
NA
-0.758195
-0.87451
NA
0.0514337
0.0901163
NA
-0.537681
-0.175574
-0.630214
-0.487533
0.0912498
0.0471809
-0.40412
0.0670256
-0.306737
-0.478988
-0.619259
NA
NA
-0.547111
-0.778837
0.0774085
NA
-0.494022
-0.392298
NA
-0.633827
0.00266227
-0.145218
0.0913394
0.0748081
-0.731677
-0.0454046
-0.268175
-0.115126
-0.498278
0.0871927
NA
NA
-0.236412
0.0863425
-0.325791
0.0442666
0.0666983
0.0728281
-0.546763
-0.394229
-0.276993
-0.197737
-0.2785
-0.110913
-0.277436
0.0111788
-0.283721
0.051466
0.018512
NA
0.070985
0.0722061
-0.639951
-0.558185
-0.626489
NA
-0.12778
-0.28168
0.00213649
0.0710768
-0.114982
-0.513893
0.0803537
NA
-0.807033
-0.439378
-0.193734
-0.542327
-0.136029
0.079096
0.00997117
NA
0.161726
-0.496164
NA
0.0824378
0.0306427
-0.716023
-0.167677
-0.188514
-0.101803
-0.457599
0.0438948
0.0445199
0.0463537
-0.704865
-0.367095
0.0738566
-0.0757995
-0.342776
-0.531136
-0.313694
0.475833
-0.0774333
-0.428602
-0.162002
NA
-0.274655
-0.159489
-0.578317
-0.0799883
0.0319538
0.027354
-0.239193
0.0278502
0.107015
-0.608887
-0.0966688
-0.275826
-0.0794458
0.0640225
0.268055
-0.0907666
-0.332697
-0.134301
0.456185
-0.312997
-0.187361
-0.280126
0.0418286
0.0273405
-0.57758
0.0556933
-1.01323
-0.393662
-0.0799637
-0.40413
-0.635648
NA
-0.200633
-0.0912112
0.0469677
-0.0562413
-0.615593
-0.00815736
-0.00233851
-0.16153
-0.276749
-0.154355
-0.287067
-0.408681
0.0556228
0.0513683
-0.381509
-0.0478376
0.112358
0.0316667
0.0333468
-0.275353
-0.389724
-0.546526
-0.531573
NA
0.0180772
-0.176606
-0.178584
-0.0610588
0.0746475
-0.299063
-0.801309
NA
-0.384014
NA
-0.338235
-0.65389
0.0174918
0.0709005
NA
-0.543874
-0.0894286
-0.211598
-0.339694
0.073473
0.0821409
-0.188895
-0.069599
-0.614666
-0.068792
-0.245433
0.0415377
-0.205157
-0.0716538
0.0472503
0.0822058
NA
-0.0243909
0.0921839
-0.481887
-0.315471
0.0329661
-0.324675
-0.236412
0.138917
-0.487378
-0.0446547
-0.114131
-0.0916539
-0.293793
-0.419261
NA
NA
0.0762377
NA
-0.182896
NA
-0.147171
-0.0201513
-0.339225
NA
-0.666795
NA
-0.0105385
-0.1128
-0.431778
NA
0.0760671
-0.0941708
0.0468214
-0.625036
-0.33787
-0.0614445
0.0716807
-0.566894
0.0488505
0.0443499
NA
-0.393954
0.0187625
NA
0.121401
-0.432387
0.073159
-0.26875
NA
0.0637888
-0.405259
0.021528
-0.250599
0.0706522
NA
-0.269362
0.0688381
0.0682308
-0.808014
0.0611072
-0.661039
NA
-0.0239091
0.0605357
0.0370451
0.00567792
-0.189395
NA
0.0205863
-0.291008
-0.137073
0.0993706
-0.130875
0.0909302
-0.860496
NA
0.0379295
0.0364485
-0.0429498
-0.221337
0.0608757
-0.3643
NA
-0.23091
-0.343876
0.0718603
NA
-0.148517
0.0031316
-0.503341
-0.0936307
-0.123197
0.056559
-1.17552
-0.309166
-0.797795
NA
-0.384367
-0.379889
0.105094
-0.453526
0.0250081
-0.617106
0.0316562
0.0450094
-0.453079
-0.161583
-0.481192
0.0453983
-0.850727
0.0447125
-0.365443
0.0480609
-0.259758
0.049009
0.0529908
0.100059
0.0743393
0.0339001
0.0263728
0.0719357
0.0697082
0.045089
NA
-0.0779102
-0.0136692
0.0367388
NA
-0.426659
-0.362972
0.072935
-0.0227279
-0.16245
-0.326124
-0.103535
0.0891499
-0.0721587
-0.708203
-0.005731
-0.592103
-0.429379
-0.519229
0.0565711
-0.0656837
-0.283219
NA
-0.661213
-0.323251
NA
-0.104404
-0.220673
0.00881118
0.15496
-0.333617
-0.018447
-0.055385
-0.32561
-0.037817
0.0247949
-0.844657
-0.896483
-0.365338
NA
-0.519236
-0.54727
NA
0.0775354
-0.282997
-0.419719
0.0490012
-0.0153651
-0.218652
-0.409453
-0.463088
-0.273477
NA
-0.314018
0.0191219
NA
-0.0677913
-0.37936
-0.349833
-0.0131454
0.000529426
-0.123874
-0.316308
-0.419335
-0.218373
-0.138042
0.0484609
0.0224783
NA
NA
-0.0618243
0.10363
-0.184929
-0.0498172
-0.187479
NA
NA
-3.51
-0.241778
-0.330342
-0.681728
NA
-0.36582
-0.299398
-0.0542285
0.0683168
-0.605699
NA
-0.173813
0.120989
0.0504644
-0.166724
-0.482069
-0.314465
NA
-0.0982042
-0.0216433
-0.377291
-0.498694
-0.551438
-0.417652
-0.491556
NA
0.120046
-0.672093
NA
0.0618633
-0.416753
0.137887
0.0216541
0.0390365
-0.630028
0.100484
-0.414544
-0.133055
-0.255001
-0.130746
-0.623915
-0.178619
0.0421528
-0.134724
-0.0520332
-0.495892
-0.366144
NA
-0.000942298
-0.478045
0.0158576
-0.401928
-0.0431352
-0.520247
0.0195676
-0.314719
-0.414017
-0.518575
-0.0369264
0.0916207
0.0907211
-0.906149
NA
-0.39078
-0.712863
0.511777
-0.419301
-0.157601
-0.451982
-0.115345
0.0463012
0.0812297
-0.657952
0.0812851
0.171403
0.0505372
-0.274707
0.349671
NA
0.0467802
0.0866646
-0.328998
-0.255621
NA
-0.0909125
-0.37983
0.0539536
-0.473398
-0.132115
0.133308
0.0709166
0.0650102
-0.0449591
-0.369289
-0.355899
-0.489354
-0.296315
-0.0547678
-0.412085
-0.39482
-0.516676
0.0556844
0.0791358
-0.57074
-0.699533
0.109074
0.0777534
0.0279897
0.00628242
NA
-0.284946
-0.0784386
-0.0404711
0.0649519
-0.331507
0.130362
-0.301722
-0.378112
0.0986155
NA
-0.609916
0.0789735
0.13887
-0.488638
-0.750194
NA
0.0175909
0.0444877
-0.40705
-0.599533
0.0122095
-0.993312
0.0711226
-0.437268
-0.861114
-0.0744931
0.0163809
-0.0321816
-0.437497
0.0258147
0.0491789
-0.209726
-0.245557
0.0498095
0.0611114
NA
-0.543326
0.0799262
-0.329809
-0.452049
-0.715848
NA
-0.171269
NA
-0.4417
-0.154804
0.0320204
0.167509
0.0300977
-0.387784
-0.469431
-0.149475
0.0674288
-0.350487
-0.87419
-0.529953
NA
0.0573478
0.0446275
0.0394477
NA
-0.683665
0.000463102
-0.558794
0.0933724
-0.188767
-0.295888
-0.613378
0.205087
-0.398818
NA
-0.206521
0.0678408
-0.0194391
-0.721506
-0.690031
-0.309683
-0.484118
-0.886546
-0.293721
-0.365798
-0.679545
NA
-0.192807
-0.00889727
-0.292596
0.0489406
-0.00298482
-0.00123536
-0.33113
-0.0917498
-0.461089
0.0769758
0.0725066
-0.0688777
-0.101696
-0.06939
-0.264318
-0.297233
-0.231601
NA
-0.29406
-0.162095
NA
-0.631022
-0.479659
-0.673494
NA
-0.450037
0.0861899
-0.208961
-0.569895
0.230521
-0.588166
0.0747897
-0.202143
-0.402256
-0.506625
-0.203246
-0.295355
0.068152
-1.12082
0.0183682
0.100661
-0.145839
0.0471387
-0.225321
-0.398326
-0.49037
-0.153566
-0.164655
0.0717322
-0.137871
-0.521741
0.0479529
-0.0774137
-0.605301
0.0311232
-0.493148
-0.0242876
-0.224954
-0.11898
-0.742683
-0.279905
NA
0.0711853
-0.288021
-0.113324
0.068756
-0.508468
-0.456326
0.0696821
-0.0257736
0.0476335
-0.633506
-0.20492
-0.434467
-0.541812
-0.0133685
0.0738529
0.0691359
-0.737344
-0.401557
-0.668613
-0.349877
-0.5162
0.0710256
-0.17111
-0.24968
-0.26102
0.0763304
-0.565299
-0.433139
NA
0.0890372
-0.678999
-0.340055
-0.106909
-0.13696
0.0605264
0.04371
-0.302055
0.12925
-0.184561
-0.250156
-0.279442
0.0435542
-0.335872
0.0345151
-0.0919562
-0.169567
0.0477123
NA
-0.564086
-0.2263
-0.492137
-0.35821
-0.552044
0.0114792
-0.153413
-0.331742
-0.351936
-0.437882
0.0860266
-0.161365
-0.295868
0.106716
NA
-0.340015
0.0433323
-0.170993
0.0383791
-0.141368
NA
-0.246468
-0.690805
-0.37298
0.0732517
0.00507744
NA
0.145197
-0.226865
-0.179821
-0.48607
NA
-0.380001
-0.269483
-0.133876
-0.569735
NA
0.0100071
0.00369914
-0.0542175
-0.559901
-0.394859
0.0807543
0.0964686
-0.0196188
0.308715
-0.33026
-0.399715
-0.132458
0.063221
0.0224764
-1.46038
-0.084181
-0.282554
0.0792499
0.00465984
0.0715451
-0.260473
-0.297423
-0.949517
-0.337346
-0.151307
-0.496377
-0.595397
-0.272515
-0.753642
0.0452724
-0.149907
-1.07224
0.0598318
0.0757699
NA
-0.467115
-0.181422
-0.661321
-3.46
0.0328004
-1.57227
0.0505725
-0.487333
-0.302954
-0.0809959
-0.444215
NA
-0.203105
-1.1389
-0.184741
-0.589078
-0.170974
NA
0.0763527
0.114716
0.0588717
NA
1.37862
-0.351103
-0.515012
-0.613868
NA
-0.0495913
-0.0914247
-0.0291078
-1.00694
-0.164628
NA
NA
-0.502566
0.093168
NA
0.0424588
-0.189993
-0.335529
-0.336922
-0.0423014
-0.408356
0.0405458
-0.29386
-0.638258
-0.55949
0.106484
-0.205243
-0.412815
-0.13219
-0.342613
-0.617836
0.0297559
0.0379366
-0.0847501
-0.458508
NA
0.048608
0.0836219
-0.125223
-0.0712785
-0.484848
0.108622
0.122677
-0.416966
-0.050781
-0.593339
-0.570494
-0.327092
-0.0799841
0.0884472
-0.135358
0.0886088
-0.732425
0.08603
0.0689289
0.043643
0.0482256
0.0761182
0.00824763
-0.424883
NA
-0.307258
0.131875
-0.269354
-0.0140031
-0.589599
NA
-0.433921
-0.316924
-0.238259
NA
-0.00769766
0.071241
-0.331531
NA
0.0781499
-0.437574
0.0887441
NA
0.0545469
-0.410285
0.0596438
-0.42629
0.197826
0.0887241
-1.59316
-0.131355
0.0492601
-0.361442
0.233916
-0.112478
-0.229414
-0.412898
NA
NA
-0.192092
-0.205468
-0.732067
0.0605098
-0.8365
0.0688951
-0.137618
NA
NA
-0.15939
-0.359564
-0.121515
0.0504184
-0.123584
0.0771411
0.0382486
-0.193386
-0.710478
-0.385251
-0.292846
0.0786278
0.00345826
-0.0377965
-0.0277501
-0.821021
0.0118386
0.00222655
-0.00622315
-0.368734
0.0505429
-0.289573
-0.437843
-0.206813
0.0359142
0.107599
-0.680387
-0.132127
-0.240041
0.043125
0.045568
0.0812733
-0.354231
0.0465988
0.116384
0.0601094
-0.920842
-0.238349
-0.448489
0.254276
0.0436084
-0.0930108
-0.592238
0.0786942
0.080987
NA
-0.551428
-0.0844845
-0.555763
0.0737796
-0.555882
NA
-0.0567508
0.0931607
NA
0.0241269
0.0691971
-0.425355
0.0621501
NA
0.0793094
-0.553347
-0.0995397
0.0826626
-0.449791
0.0758855
-0.167663
0.0673431
0.00919909
0.0363714
-0.449273
-0.361305
-0.849418
NA
0.0638576
-0.205733
-0.359969
-0.203461
-0.51049
NA
NA
0.0476926
0.0659262
-0.175452
-0.707734
-0.790644
-0.639779
0.0721098
-0.469236
0.0200361
0.0399765
-0.398085
-0.59061
-0.00326651
-0.0307425
-0.0799188
-0.325692
-0.21144
0.0851245
-0.123031
-0.332691
0.075076
0.102001
-0.485529
-0.28188
0.0231506
NA
-0.904445
-0.759723
0.0186315
0.0641048
-0.0387189
-0.332291
0.0360079
-0.316452
0.0699958
0.179082
-0.62148
0.0724677
0.068121
-0.443798
NA
-0.674578
-0.235102
0.0643526
-0.83132
NA
NA
0.0298306
0.0337436
-0.294394
0.0135279
-0.748435
-0.356567
0.0882085
-0.71455
-0.101605
-0.240454
0.0408553
-0.214329
-0.256144
-0.392182
0.0916794
-0.0856267
NA
-0.198769
-0.189865
0.0797886
0.0419756
0.0620088
0.0951052
-0.312267
0.0793575
0.0692882
0.00378948
-0.00492422
-0.522232
-0.330503
0.107302
-0.0843521
0.0803896
-0.503951
0.051783
NA
-0.565133
NA
-0.186946
0.0290021
0.0288992
0.0626688
-0.558851
NA
-0.413405
-0.640695
-0.12383
-0.17076
0.0807637
0.0651579
-0.181281
0.0769084
-1.15726
-0.489185
0.0259119
-0.0963961
NA
0.0819487
0.0684387
-0.023189
-0.16772
-0.607377
-0.423243
-0.67275
0.0752269
-0.0727286
-0.327513
-0.406117
NA
-0.0815682
-0.279803
-0.0668986
-0.0621772
-0.822231
-0.324926
0.0782205
-0.352661
-0.576648
-0.238153
-0.12874
-0.312757
NA
NA
-0.183857
0.0672018
-0.456228
-0.497211
0.0786211
0.079456
-0.109804
-0.304779
0.0642386
-0.143341
0.0432371
0.120381
-0.634302
0.176249
NA
-0.364378
-0.0388409
-0.6952
-0.322618
0.0430046
-0.161194
-0.373104
-0.297166
-0.358616
-0.224376
0.010825
-0.280194
-0.542735
-0.581727
-0.209893
-0.279199
-0.0146578
-0.158243
-0.370895
-0.131299
-0.547542
-0.0406323
-0.233702
-0.412803
-1.12329
0.0673253
-0.632069
-0.0768868
NA
-0.113301
0.0826664
-0.406404
-0.343324
-0.111976
-0.678329
-0.374292
0.0378244
-0.73112
0.0985882
-0.439693
0.0768478
0.0326686
0.0268934
NA
NA
0.0679369
0.0683704
-0.409562
-0.913142
-0.528444
0.0902003
0.0714825
-0.0670567
0.0936189
NA
-0.0529059
NA
-0.727744
-0.358329
0.0642985
NA
-0.285154
0.275658
-0.111553
-0.123662
NA
-0.506557
0.0138134
-0.0101648
NA
-0.629251
-0.0414126
-0.38458
0.0532734
0.0872036
-0.525789
-0.0914568
-0.0442267
0.0778001
-0.34025
0.0447427
-0.541478
0.0688387
0.00888559
0.332954
0.0416453
0.0801976
-0.112414
-0.492712
-0.00852008
NA
-0.293055
-0.00202648
0.0578894
-0.6051
-0.191556
0.0509778
0.0668462
-0.20989
0.0476034
0.0942369
-0.39227
0.3069
-0.821144
-0.554085
-0.0709104
0.0207085
-0.256649
0.100796
0.0585375
-0.484775
-0.8811
-0.223044
-0.0792933
-0.351992
NA
0.0774054
-0.409093
-0.114591
-0.151978
-0.413125
0.103413
-0.2629
NA
0.00455193
NA
-0.414591
-0.29834
-0.26653
-0.307319
-0.956873
-0.192596
0.0240796
-0.536958
NA
-0.477647
-0.150665
0.0455616
0.11698
-0.42201
-0.206567
0.0158045
-0.0711997
-0.702015
-0.0498858
0.0308136
0.074664
-0.192991
0.0897901
-0.110176
NA
-0.20085
0.0477616
0.0841721
0.0715583
-0.637225
-0.326991
-0.408217
0.0817428
0.135284
-0.0203112
-0.527187
-0.555806
-0.64202
0.0623867
-0.847024
-0.118164
-0.230414
-0.432578
NA
0.0744126
-0.266596
NA
0.00461191
-0.767804
NA
NA
-0.454816
-0.0322996
0.0479408
-0.276503
-0.0168815
-0.0301454
-0.498437
-0.278942
-0.0839879
0.0079058
0.145312
0.104322
0.0123421
0.076285
-0.265238
-0.572588
-0.106976
-0.683435
-0.0255576
-0.53327
-0.178456
-0.212168
0.0352763
NA
NA
-0.10091
NA
NA
-0.527965
0.0778687
-0.245535
0.00976712
-0.403594
0.0298828
NA
0.0344049
-0.889593
-0.0270114
-0.410497
NA
-0.695582
0.0443781
0.0641836
NA
0.0676182
0.060361
0.0212279
0.0623541
-0.291133
0.0555026
-0.591042
0.0557667
0.0421785
-0.0780252
-0.0627332
0.0138902
-0.661912
-0.423546
0.110093
-0.0142427
-0.690357
0.0303055
-0.566446
0.0377495
NA
-0.534568
-0.361105
-0.160608
-0.3115
0.129117
-0.711277
0.0735222
-0.365867
-0.0656585
-0.239656
-0.193152
-0.501855
-0.484807
-1.461
0.0958287
-0.442601
0.0670264
-0.496329
NA
-0.257917
-0.387328
-0.116847
-0.565875
-0.220053
-0.365244
0.0535626
NA
0.1036
0.0784136
0.0713254
-0.207773
-0.367342
-0.44606
0.034697
NA
-0.0440755
0.0853561
-0.0682649
-0.232403
-0.764786
-0.286157
0.0460182
-0.665079
-0.291911
-0.408341
0.0162184
0.0839741
0.104441
-0.122888
-0.197404
0.0780154
-0.397146
0.0027562
NA
NA
-0.882228
-0.255755
NA
-0.257721
-0.523865
NA
-0.267523
-0.308796
0.070112
-0.518606
-0.423595
NA
0.0852637
-0.662538
0.0498667
-0.382444
-0.0477514
0.0871077
-0.419709
-0.668318
0.0804192
-0.307896
0.10969
-0.124303
-0.265698
-0.0776222
-0.191769
-0.455401
-0.0112864
0.0290758
-0.118227
-0.132486
-0.389241
-0.523753
-0.00471164
0.089681
-0.487395
-0.504366
-0.1185
-0.463751
0.0580447
-0.282823
-0.862604
0.00233129
-0.4963
-0.190924
0.0600228
NA
0.0835484
NA
0.00130566
-0.148266
-0.431219
0.0444149
-0.0841111
-0.2149
-0.0542241
0.0798025
0.0597202
0.1158
0.00171997
-0.112125
-0.443904
-0.00404241
-0.303254
-0.335839
-0.00197559
-0.367268
-0.093997
0.0309443
NA
0.0822927
-0.4611
-0.29943
0.128198
NA
0.0367099
-0.55892
-0.3359
0.0359035
-0.166759
-0.444942
-0.369934
NA
-0.141968
0.364232
-0.536419
0.0243912
0.0208632
-0.526686
-0.117642
-0.265982
-0.183608
-0.01581
-0.877782
-0.0887842
0.126514
-0.400313
-0.403437
-0.285703
0.0521066
0.0821191
-0.327177
0.060741
-0.729398
0.0448674
-0.0506017
0.0923554
0.0452201
-0.0473579
-0.0818334
-0.38652
NA
NA
-0.163753
0.042888
-0.550287
-0.0632509
-0.166534
-0.0264238
-0.004433
-0.243157
-0.0946642
-0.175657
0.029692
-0.837244
-0.00621377
0.0768193
0.099788
0.091436
-0.123613
-0.709222
-0.397519
-0.691267
-0.552216
-0.453575
-0.666484
-0.361704
0.109716
-0.252797
-0.454204
-0.232724
0.269924
-0.192041
0.0699229
0.0565244
0.0739834
-0.284064
0.0401466
-0.422954
0.0718031
-0.329045
-0.424617
-0.490189
-0.343733
-0.621509
0.0841446
-0.499852
0.07263
-0.0557086
0.0175346
0.0844148
-0.359411
-0.331723
0.014521
0.0863573
-0.580801
-0.0410083
NA
NA
-0.00616802
-0.655059
-0.0333527
-0.539599
-0.117725
0.124241
0.0696152
NA
0.0263192
0.0931923
-0.452774
-0.151632
-3.02
NA
NA
-0.392379
0.0424164
-0.444591
-0.190718
-0.423228
NA
0.0496504
-0.544399
-0.240299
0.0332246
0.0451049
-0.0214675
-0.0170831
-0.740206
NA
-0.0257418
0.0518743
-0.284371
-0.125464
-1.06914
0.0440189
0.0681434
-0.561987
0.0408909
-0.268865
NA
0.0196744
0.0479084
0.0442434
-0.58641
-0.706532
-0.343836
-0.270561
0.0863971
0.0285889
-0.259803
0.0866112
0.00508344
-0.457852
0.0734168
-0.620448
0.0465198
-0.363411
0.17555
-0.0975913
0.15285
-0.736087
-0.112987
NA
NA
0.0433417
-0.307574
-0.0442003
0.0555777
-0.20749
-0.0235241
0.0509683
NA
0.0433877
0.0272949
-0.546046
-0.0120454
0.104065
0.0775121
0.000404137
0.0859334
-0.177995
-0.21375
0.0794531
-0.325607
-0.255609
-0.468585
NA
NA
0.0360129
0.648279
0.0228055
-0.672818
-0.344893
-0.0762648
0.063876
-0.368981
0.0762106
-0.063828
0.043655
-0.533654
NA
-0.119841
0.059803
0.0788517
-0.0393629
NA
-0.231399
NA
-0.38709
NA
0.118326
NA
NA
-0.0504437
0.110395
-0.289288
-0.402589
-0.253938
-0.083665
NA
-0.0862509
-0.134831
-0.288126
0.0165507
0.0686249
0.0727382
-0.832169
-1.03006
-0.536543
0.0278045
0.017012
-0.433621
-0.469948
-0.343497
0.0395268
-0.83546
-0.244291
-0.538207
0.0547971
0.0823715
-0.450051
-0.308884
-0.215613
-0.837991
0.0612772
-0.0835224
0.0488336
-0.589963
0.0707595
0.0509972
NA
0.087768
-0.397725
-0.375046
-0.258962
-0.537895
-0.369114
-0.474849
0.00126505
-0.480355
0.0447891
0.0833084
0.0565816
0.0934935
-0.253293
0.0496206
NA
-0.436596
-0.172698
-0.231063
0.0816696
-0.55209
-0.431767
NA
-0.242502
0.06399
NA
0.0300939
-0.00474406
NA
0.0183399
-0.369236
0.0155673
-0.308828
NA
-0.110964
0.00191161
-0.173082
-0.362661
-0.136115
0.0765672
0.0419496
-0.475736
-0.627424
0.0508199
NA
NA
-0.12656
-0.140468
0.0724346
-0.340064
-0.100053
-0.0717847
-0.0412396
NA
0.0840163
-0.646233
-0.5274
NA
0.0297409
0.0451105
-0.300998
NA
-0.363425
-0.0670495
-0.514584
-0.418101
-0.492752
0.0903331
-0.725294
-0.363275
0.000187709
NA
0.0354954
-0.00636473
-0.117107
0.0797263
-0.0782584
NA
0.0858104
-0.641981
0.0751327
-0.0292967
0.0624976
-0.421974
-0.00844677
0.0464039
1.90362
-0.460036
-0.155657
NA
NA
-0.633077
0.0887779
-0.185848
-0.262234
-0.192679
-0.267732
-0.536305
-0.302667
-0.158064
0.106303
-0.573722
NA
0.0453188
0.0727156
-0.435145
-0.241637
-0.492033
-0.313535
-0.151504
-0.409521
-0.00757078
NA
-0.0576708
0.0445362
0.0926155
0.0898983
-0.337866
-0.314418
-0.688752
-0.0167144
-0.0665666
0.0719098
0.0596381
-0.172153
0.297336
0.0945826
-0.0545208
-0.41418
NA
-0.0678389
0.0744126
-0.446842
0.0428057
NA
-0.101459
-0.45232
-0.663984
0.0753916
-0.373158
-0.114663
0.0186119
-0.167953
-0.175314
-0.0709616
0.0790203
-0.636081
-0.422313
-0.0574919
NA
-0.272711
-0.340046
0.0180745
3.57329
-0.484876
-0.0449858
-0.0324551
-0.0691631
-0.583421
-0.139829
0.126155
NA
0.106118
0.0588079
-0.126531
0.0796556
-0.0724207
0.0791666
-0.11783
0.0881846
-0.32548
NA
-0.306825
0.0317547
0.0773703
-0.605731
NA
-0.416919
0.0784346
0.0531852
0.0669698
-0.220802
-0.419763
0.0768739
NA
-0.292886
-0.154505
-0.428711
-0.334956
NA
-0.0960954
-0.313682
0.107581
-0.669634
1.09462
-0.386801
0.0158219
-0.08476
-0.198979
-0.162408
-0.162109
-0.558753
-0.153627
-0.239908
-0.131257
NA
0.0453837
0.0771425
-0.281132
-0.0276212
0.0402389
-0.776965
-0.471422
0.0464276
-0.352722
0.0328174
-0.388971
0.0224689
0.0661455
-0.235466
-0.815843
-0.35229
-0.206379
-0.749598
NA
0.0409386
-0.192066
-0.57935
NA
NA
-0.0163652
-0.0918792
-0.217103
NA
0.0727176
-0.213029
0.0660773
-0.0965557
-0.0951921
NA
0.120724
-0.147017
-0.329543
-0.423262
-0.984168
0.0890149
-0.183194
0.0627706
-0.127545
NA
0.0678979
0.158158
0.230632
-0.0884027
-0.606669
0.0454629
0.0744579
-0.253948
-0.640675
-0.268909
-0.40458
-0.162872
-0.562728
-0.467768
NA
-0.633238
0.0721419
0.0470207
0.0462726
NA
0.0335189
-0.224667
-0.449029
0.0711509
-0.329226
-0.448132
-0.242972
-0.341486
NA
0.0582947
0.0812391
-0.498052
NA
-1.13805
-0.102633
-0.556877
0.110024
-0.160947
-0.12169
-0.166794
NA
NA
-0.704427
-0.30106
-0.13194
-0.0343807
-0.259073
-0.345464
-0.188398
-0.0131549
0.112498
0.0566272
-0.453081
NA
-0.059828
-0.181156
NA
-0.362647
-0.447598
0.0133823
0.0762792
-0.172234
-0.331479
0.178315
-0.513967
-0.687454
-0.0904844
NA
-0.456025
0.0716294
0.0740249
-0.137536
0.0286992
-0.354677
NA
0.115261
-0.369825
0.0584356
0.0499671
NA
NA
-0.0500692
0.0508791
-0.495901
-0.394801
-0.321337
-0.298715
0.07778
-0.815947
0.0625075
NA
-0.53811
0.205232
0.0530843
-0.424049
-0.0621201
NA
NA
-0.842589
0.0561757
0.0100949
-0.0480138
0.0933341
0.0888984
-0.612156
-0.137822
-0.197119
-0.348729
NA
NA
-0.0492344
-0.340109
0.146423
-0.594877
-0.0698831
-0.461161
-0.00662708
-0.418934
0.173055
0.132773
-0.303719
-0.147057
-0.0264697
0.0819808
-0.465054
-0.451724
-0.338359
-0.410742
NA
0.0042424
-0.304697
0.102328
-0.352388
-0.0654963
-0.0580748
-0.0367061
-0.652514
-0.204282
-0.245123
-0.365127
0.0636056
-0.433817
0.0991813
NA
0.0618108
-0.893099
-0.328331
-0.415744
-0.418664
-0.791506
-0.392284
-0.623445
0.103656
NA
0.0685165
0.0925693
0.0582828
0.0231734
-0.257602
-0.0589642
-0.652888
-0.0100836
-0.0514755
-0.491142
-0.440379
0.157338
-0.0344445
0.00478259
-0.0694307
0.0269051
-0.308971
0.00528682
-0.639467
-0.767251
-0.255973
NA
0.0487484
-0.125192
NA
NA
-0.400478
-0.642533
NA
0.0341056
-0.583416
-0.818684
0.0440294
0.0444537
NA
-0.588935
NA
-0.634984
0.129653
-0.593985
0.0186489
-0.204434
-0.351958
-0.239286
0.0675575
-0.327674
NA
-0.487743
0.0643886
NA
-0.223282
0.313995
0.0479689
0.00289225
0.0612605
NA
0.0766966
NA
NA
-0.22868
-0.0665129
-0.999981
-1.14472
0.0451831
-0.732666
-0.364659
-0.18165
-0.104723
-0.681586
-0.42309
0.0358758
-0.393249
NA
-0.370732
-0.727221
-0.602831
-0.0165556
-0.113718
-0.178598
-0.242602
-0.670267
-0.00628453
NA
-0.0645522
NA
0.039726
-0.368761
-0.495451
0.0857195
0.00765863
-0.196042
-0.037903
-0.0331263
-0.367557
-0.184145
-0.661943
-0.312418
-0.747576
-0.34993
-0.339486
-0.138327
-0.586287
-0.4765
-0.242771
0.0809959
-0.188776
0.0815894
-0.335388
NA
NA
-0.0529472
-0.0957068
NA
0.0671073
-0.194918
0.0447013
0.0706989
-0.626335
-0.145991
-0.0578725
0.0563271
-0.0816631
-0.0497889
0.0448056
-0.312754
0.0499077
-0.457789
-0.611868
-0.306519
0.0879336
-0.477291
-0.436882
0.018881
0.0800872
0.0744512
-0.522488
-0.0664653
NA
0.154524
-0.155206
-0.537868
-0.251484
0.07814
-0.474646
0.0701737
NA
-0.186197
-0.681354
0.00958249
0.0233513
-0.0810061
NA
-0.0721377
-0.674555
-0.505359
-0.403417
-0.0456915
-0.0442211
-0.103118
-0.113653
0.0726945
-0.268206
-0.2912
0.0717355
-0.0434271
-0.296124
-0.38276
NA
-0.631129
-0.309368
-0.125628
NA
-0.224206
0.133683
NA
NA
-0.0859226
-0.187048
-0.210993
-0.626855
NA
0.0501755
NA
-0.55145
-0.181311
-0.268241
-0.286421
NA
NA
NA
-0.217389
-0.592154
NA
-0.667942
0.000557827
-0.373862
-0.145903
0.00786382
NA
-0.21807
-0.142087
-0.582679
-0.56846
-0.642601
NA
-0.27763
0.0683351
-0.451846
0.037275
-0.13338
-0.559267
NA
0.00667937
-0.341594
-0.166098
0.0185354
-0.255241
-0.479521
-0.188249
-0.158503
-0.0743443
-0.441651
-0.0414272
-0.623532
0.0899471
-0.364308
-0.585223
NA
-0.0829975
-0.596283
-0.55093
0.0729773
0.0703573
NA
NA
-0.497756
-0.575607
0.0712179
0.334367
-0.391313
NA
0.0442211
NA
-0.264663
0.000180784
-0.42694
0.0848946
0.0698221
-0.00976476
0.0966067
-0.12365
-0.117974
-0.525392
0.0236986
-0.443717
0.0485886
-0.378861
-0.405538
0.0828405
NA
-0.497949
-0.493082
-0.220836
-0.251634
NA
NA
NA
-0.249722
-0.152474
-0.384479
0.0829129
-0.323219
-0.183932
-0.247077
0.0399243
-0.00533463
NA
-0.37476
-0.942133
0.0872746
-0.0522375
0.0440136
NA
-0.214609
0.064576
-0.0748279
-0.393883
0.0481767
-0.35443
-0.34612
0.0682529
NA
-0.201341
0.0713889
-0.72967
0.0867136
NA
-0.196631
0.0303895
-0.320485
NA
-0.499473
NA
-0.0778541
NA
0.0634055
0.168955
-0.404086
0.112847
NA
0.0194871
-0.066186
-0.417651
-0.30127
0.0787426
NA
0.0407098
-0.476058
0.0241311
-0.377257
-0.0136332
-0.234949
-0.26144
NA
-0.467366
-0.266515
-0.163352
-0.0594279
-0.231101
-0.0126781
-0.0461886
-0.39946
-0.433281
-0.114394
0.054591
-0.227569
-0.501138
-0.082814
0.0822078
0.0356156
0.0745557
-0.101172
-0.640805
-0.328757
0.0205568
-0.323556
-0.293833
0.0843486
NA
-1.20735
-0.107672
-0.542404
-0.471126
-0.137734
NA
0.0267881
-0.580953
-0.346058
NA
-0.297633
0.0503964
0.0680543
0.0682351
-0.888551
0.0990927
0.0530981
0.047154
0.0452055
0.158573
0.0832141
0.0814458
-0.375399
-0.0445835
0.0772042
0.0552493
-0.374038
0.0788483
-0.385376
0.799187
0.0105914
NA
-0.632396
NA
-0.406051
-0.204198
-0.381901
0.102826
NA
-0.527438
-0.538782
-0.407365
0.040126
0.0812239
0.077102
-0.622482
0.0504771
NA
0.0769236
-0.123683
-0.0898993
-0.16617
NA
0.06762
-0.426404
-0.239849
0.0698309
-0.165574
0.00109847
-0.195927
-0.260421
0.0279568
-0.202248
NA
0.120408
-0.333373
-0.00624764
0.0747885
-0.568333
0.0804495
-0.272506
-0.00133425
-0.567275
-0.0173124
-0.176687
-0.337507
-0.186509
-0.603132
0.0423205
NA
-0.428118
-0.443667
-0.0489432
-0.239506
-0.158113
-0.315279
-0.28334
0.00602491
-0.276533
-0.0348785
0.025503
-0.0423644
0.0773217
-0.426462
NA
0.127172
-0.636792
-0.166103
0.0202591
0.0644381
0.0183393
-0.849468
-0.140613
0.113222
-0.00673144
-0.518063
0.0725047
NA
-0.522867
-0.402567
-0.097996
-0.526914
0.0675645
-0.308564
-0.0457402
0.0762982
0.0319988
NA
-0.129042
NA
-0.277707
-0.302206
-0.663018
-0.688616
NA
0.0678253
-0.348158
-0.270527
0.117536
NA
-0.125308
-0.537828
-0.55963
0.023172
NA
0.0361142
NA
0.0658843
-0.0728898
0.0626133
-0.603117
-0.442648
-0.159357
-0.274672
-0.757969
-0.539086
NA
-0.537027
-0.0944558
0.0718085
-0.769689
-0.490037
0.0466886
-0.574957
-0.309792
0.0258042
