-0.378812
0.0231506
-0.755625
0.0638148
NA
-0.460578
-0.528071
-0.332691
-0.123031
-0.194006
-0.208689
0.0690117
0.042021
-0.328164
NA
-0.332291
0.0186315
NA
-0.162742
-0.22941
-0.904445
-0.208082
-0.424917
0.0157224
-0.0632359
0.0204825
-0.571492
-0.119896
NA
-0.599961
0.0440606
NA
0.0721098
-0.105539
NA
0.042143
-0.707734
-0.225398
-0.0440082
-0.854757
0.0116706
-0.21159
-0.359969
-0.770156
-0.243261
-0.79132
0.068082
-0.361305
-0.187831
-0.383952
-0.0466546
-0.403155
0.0708629
0.00471052
-0.398085
0.0484103
-0.715625
0.0200361
0.0399765
0.0732691
-0.252807
NA
NA
-0.283319
-0.425355
-0.530337
0.0730645
NA
-0.41085
NA
0.0267661
0.0213437
NA
-0.171522
-0.116961
0.0465416
-0.470646
0.0354267
-0.672818
0.00678427
-0.639304
0.0363714
-0.722796
0.0459237
0.056126
-0.374693
-0.38312
0.0440553
-0.325467
-0.00106419
-0.696744
-0.731482
0.0520656
0.0672505
-0.952557
-0.16339
-0.293884
-0.354231
0.0322025
0.148948
-0.671972
0.0442806
0.0450841
-0.11589
-0.0621417
-0.116986
0.0838073
-0.386088
0.0707896
0.080987
NA
0.0331713
-0.177862
-0.0930108
-0.533689
-0.103092
0.0436084
-0.562819
-0.751606
-0.601551
0.078079
-0.0229338
-0.343673
0.221962
-0.0458249
-0.283397
-0.251403
-0.251512
0.0580934
0.00360474
0.0610571
0.105
0.0626688
0.118869
-0.69363
-0.685692
NA
0.0447356
-0.723505
NA
-0.495618
0.0290021
-0.163699
-0.310322
-0.388053
NA
-0.584055
0.139444
-0.565133
-0.261368
NA
-0.684452
-0.279942
-0.151539
-0.198769
-0.097421
-0.339183
-0.490234
-0.635026
0.00487165
-0.336413
NA
-0.323286
-0.118134
0.0863936
0.021632
0.0604865
0.0452901
0.0599935
-0.0782573
0.0326149
NA
0.0414112
0.00566846
-0.294394
0.043411
-0.0600824
-0.570014
0.0808142
-0.306109
0.0839874
-0.245164
-0.615755
NA
NA
-1.05595
-0.722998
-0.381502
0.0774452
-0.931645
-0.419472
0.241648
0.068121
0.0610722
0.0287237
0.0699958
0.0644627
-0.83132
-0.00165778
NA
-0.39346
0.149136
-0.17995
0.063127
-0.0926659
0.0365731
0.0782053
NA
-0.523555
-0.456518
-0.320457
-0.00441902
NA
-0.373441
-0.224376
-0.322527
0.0259831
0.0655746
-0.148704
0.0320852
-0.358616
-0.316088
NA
-0.203227
-0.27696
-0.600344
-0.0766708
-0.055962
-0.010738
-0.0888703
-0.427555
0.0184083
-0.0301516
0.0855247
-0.156263
-0.722178
-0.0188497
-0.239582
NA
0.0286761
-0.203549
-0.279199
0.04333
0.356617
-0.588154
-0.135356
0.0144101
-0.203896
0.0879349
NA
0.103029
-0.796372
-0.143341
-0.312844
0.0778117
-0.384061
0.0403359
-0.226373
-0.115689
NA
0.098884
-0.0675903
-0.439327
0.0521843
-0.109696
-0.333117
-0.130611
0.00423874
-0.703596
-0.342214
0.049987
0.0373566
0.0679729
-0.360481
NA
0.120381
-0.644705
0.0736808
-0.00411501
-0.576648
-0.246932
-0.704372
-0.214044
0.0447971
-0.363101
-0.0815682
0.142582
0.042207
0.0654434
-0.0727286
NA
-0.298497
-0.177656
-0.183857
-0.196357
-0.173703
0.0709065
-0.4375
-0.262989
-0.569093
-0.12874
-0.210402
-0.107418
-0.973774
-0.618783
0.167675
-0.573833
0.0300009
0.0994254
-0.375791
-0.224535
NA
0.00275496
-0.296624
0.0965363
-0.12383
-0.352462
-0.607377
-0.67275
-0.513709
0.0232239
0.0209699
-0.0489368
-0.84229
-0.420869
-0.284632
0.0710557
0.0468175
0.11902
-0.447492
0.00383097
0.0767328
-0.578865
-0.473058
-0.389611
NA
NA
NA
NA
0.0924237
-0.544381
-0.0802491
0.0582436
-0.392115
0.0416453
0.0744882
NA
NA
0.0454564
0.116927
-0.062792
0.0399773
0.202627
-0.730658
0.046357
-0.598638
-0.435607
-0.213409
-0.221586
-0.169705
-0.584552
NA
-0.16649
-0.0631231
-0.14373
-0.38247
0.0344293
0.0465751
0.0593944
-0.341378
-0.00990418
-0.545968
-0.123221
NA
-0.129904
-0.811241
-0.422815
-0.251691
0.0603068
0.0554615
-2.32066
0.0463071
0.119478
0.0416321
-0.581354
0.0421365
0.0449855
-0.0909343
-0.618789
-0.817896
-0.378398
-0.488609
NA
0.0816831
0.177234
-0.291807
-0.301044
0.0662603
-0.462364
-0.00268716
-0.271508
NA
0.0633687
0.0900202
-0.0330406
0.0464188
0.0392931
-0.0137564
-0.528444
-0.00766218
-0.355309
-0.739321
-0.125331
0.0720321
0.0400699
0.048659
NA
-0.685595
-0.0768868
-1.12329
-0.385786
0.0441035
-0.714487
0.0284987
-0.0900031
0.0662582
0.0424422
-0.0406323
-0.413112
0.0855464
-0.000828505
0.0985882
-0.240475
NA
-0.611828
-0.246109
NA
-0.0527203
-0.151388
-0.597323
-1.03092
0.0423759
-0.343324
0.0453336
-0.111976
0.094883
0.0704107
-0.73727
-0.399032
-0.417697
-0.528004
NA
0.0172486
0.0240796
0.00245139
-0.956873
0.0910969
-0.364535
NA
0.0231335
0.0406583
0.356825
NA
-0.0925743
-0.0951088
-0.162951
NA
NA
0.050262
-0.2629
NA
0.0734454
0.0273655
0.103413
-0.227736
-0.701189
0.0584384
-0.398521
-0.321942
0.0782115
-0.534907
-0.00210871
0.0851616
-0.00377937
-0.405082
-0.483761
0.0929233
-0.0165434
-0.0283659
-0.125539
-0.500675
-0.216938
-0.0178767
-0.8811
-0.596698
-0.575553
-0.00662016
NA
0.0648856
0.0715635
-0.256649
0.100796
-0.370333
NA
NA
-0.332636
0.103901
-0.34072
NA
-0.126602
-0.16777
0.0768285
-0.482256
0.109404
0.0734774
-0.708899
-0.268306
-0.861962
0.103067
0.0811336
0.0611199
0.036014
0.0194693
0.171855
0.0670391
0.0690414
-0.408783
NA
NA
-0.0851651
0.095122
-0.149476
-0.223865
-0.580467
-0.0483321
-0.618763
-0.39227
0.0427258
-0.00202648
-0.584451
-0.191556
-0.950647
-0.178456
-0.161962
0.0892593
-0.0121179
0.0954755
NA
-0.968995
0.036636
0.047665
NA
0.0644431
0.0397029
-0.265238
-0.280542
-0.270888
0.0143224
0.0679659
NA
-0.184288
-0.244413
0.0647646
-0.173724
NA
NA
-0.855839
-0.14372
-0.212168
-0.487654
-0.599393
-0.510129
-0.391612
-0.0301454
0.0668981
0.0724253
0.0412857
0.0532455
-0.276575
-0.00820376
-0.0322996
0.0393806
NA
NA
-0.0106574
0.0841384
-0.85451
-0.110511
-0.588122
-0.205527
-0.427936
-0.0793512
-0.713413
-0.549303
0.0079058
-0.241261
-0.837524
-0.531786
0.0452037
0.00314182
0.0751866
-0.337368
-0.0890644
-0.230414
-0.17492
0.123261
-0.343707
NA
-0.425354
-0.161707
0.0835345
NA
-0.847024
NA
-0.599329
-0.348106
-0.122825
-0.154496
-0.166707
-0.153769
-0.587916
-0.134112
-0.353811
0.100042
0.122802
0.0889172
0.0737109
-0.174463
-0.62964
0.106619
0.085752
-0.473326
-0.213836
-0.321081
-0.459708
-0.190059
-0.209869
0.0220127
-0.493721
-0.325631
NA
-0.775003
-0.256868
NA
NA
-0.203887
0.0747168
-0.526695
-1.6356
0.0408801
0.13223
-0.196785
0.0606587
0.138053
-0.334104
0.074664
-0.159135
0.0817428
0.0913285
-0.0791096
-0.247506
-0.848848
-0.606205
-0.0204177
0.0768559
-0.326865
-0.64266
-0.00435931
0.0669815
-0.174532
0.0453342
-0.160761
-0.365867
-0.480169
0.0826282
NA
-0.038328
-0.667913
-0.756467
-0.155364
-0.609333
-0.220053
-0.459978
-0.000706306
-0.0326525
-0.496329
-0.439728
0.0675092
-0.943003
-0.0476533
-0.286409
0.0967654
0.0328315
-0.132054
0.0641577
-0.0975713
-0.47268
NA
-0.340482
-0.200609
-0.136444
0.0441924
-0.366178
-0.364933
-0.666853
-0.236021
-0.530708
NA
-0.23619
-0.606172
-0.137611
-0.564432
NA
-0.14702
NA
-0.638204
NA
-0.186422
-0.240865
-0.291133
-0.0889251
-0.71661
-0.476061
0.0410998
0.0623541
-0.411506
-0.35953
0.067173
-0.653827
NA
0.0212279
-0.742379
-0.0471561
-0.0613518
-0.49107
0.0899254
-0.423546
0.0434264
0.0728059
NA
-0.0204563
-0.164664
-0.288423
0.121012
NA
-0.0627332
-0.345802
0.0421785
-0.215984
-0.0240224
NA
0.0631661
0.231402
-0.709135
-0.756645
0.00976712
-0.403594
-0.245535
-0.199552
0.0328658
-0.465346
0.0541379
-0.572283
-0.527965
-0.144987
-0.695582
NA
0.0328282
0.106763
0.0321659
0.0336635
-0.413547
0.0856329
-0.0448773
NA
-0.507668
0.00163
0.00787549
-0.1185
0.0162489
0.00294511
-0.282823
-0.178795
0.0638452
-0.774388
0.07281
-0.101326
-0.466148
NA
0.141261
-0.491822
-0.384314
0.0499657
-0.132486
-0.349612
0.0457282
0.0835484
0.00233129
-0.071565
0.0611014
-0.19934
-0.360555
0.0456731
0.0438203
-0.862604
-0.115005
-0.00541291
-0.0512409
-0.370395
NA
0.0461647
-0.423595
-0.284065
-0.355575
-0.267523
-0.153564
NA
0.0666306
-0.767485
-0.237889
0.106491
-0.124303
-0.447007
-0.0136258
0.0205047
-0.86301
-0.694094
-0.363052
-0.114518
-0.382444
-0.539537
-0.517742
0.0027562
NA
-0.295083
0.0601597
-0.826647
0.00955353
-0.547221
-0.414692
-0.148117
0.0780154
-0.853591
-0.323642
-0.0715623
-0.0599079
-0.0442828
NA
-0.267364
-0.2331
0.0162184
0.0839741
-0.337269
0.0445006
-1.13571
-0.232691
-0.530177
-0.168203
-0.628934
-0.0450378
-0.221749
-0.305057
-0.570078
-0.430307
-0.0363774
-0.212391
-1.06021
0.0535626
NA
0.0620439
-0.259348
-0.365244
0.244651
NA
-0.777746
-0.00416984
-0.489537
0.0442249
-0.224652
-0.714604
0.0598217
0.0911738
NA
0.0595348
NA
-0.628206
-0.232403
-0.764786
-0.0440755
-0.0982412
-0.0203897
-0.229021
-0.0994504
0.0836433
-0.377291
-0.0982042
-0.0216433
0.0637291
-0.365791
0.10218
0.0329227
0.0679983
0.00121016
-0.522561
0.137887
-0.236346
0.0781696
0.0527814
0.0530503
0.067355
-0.551721
0.00761206
-0.654034
-0.0312483
0.120046
-0.491556
0.0652204
-0.104149
0.0809079
-0.710792
-0.105916
0.0793307
0.057375
-0.529993
-0.122937
-0.211903
-0.593331
-0.417606
-0.299398
-0.00977348
-0.00390872
-0.454646
0.0981493
-0.269959
-0.600848
-0.233344
NA
-0.550799
0.205828
-0.330678
-0.525761
0.0197462
-0.784441
-0.476911
0.0781969
-0.661557
NA
0.0919009
0.06173
-0.524745
-0.385171
-0.468051
-0.201385
-0.627071
-0.420583
-0.286691
0.103546
-0.166152
NA
-0.368099
-0.11156
0.142453
-0.181162
0.0764693
0.0236099
0.0184395
0.0754684
-0.44783
NA
0.0644776
-0.427289
-0.588769
-0.465129
-0.311629
0.0191219
-0.285554
NA
NA
NA
-0.440431
-0.00626282
-0.419335
0.0328129
-0.327179
-0.64338
-0.627426
-0.316308
-0.489354
-0.355899
0.08184
-0.369289
-0.0755314
0.0230677
-0.321162
-0.0683157
0.0448718
0.0773012
0.0539536
-0.313996
-0.699533
0.0455257
-0.545483
0.0726627
-0.516676
-0.446235
0.0841577
-0.308702
0.349671
-0.202229
-0.345397
-0.528453
0.0730407
-0.450137
-0.912208
-0.498271
0.00673376
0.0597041
0.466585
-0.224181
0.0804358
-0.925267
0.0971289
NA
-0.567477
NA
NA
-0.37983
-0.103006
-0.265079
-0.255621
-0.514143
0.0261742
0.0467802
-0.325014
-0.680809
-0.314719
0.0444311
0.0706803
-0.520247
-0.0236518
-0.382037
0.0620924
-0.70967
-0.0431352
-0.0740501
-0.298204
-0.478045
-0.000942298
NA
-0.064788
0.0973681
NA
-0.222593
0.0283351
-0.556731
-0.324108
-0.451982
-0.0760849
-0.231285
0.511777
NA
0.090986
NA
0.0916207
-0.317352
-0.384212
-0.0695699
-0.378608
0.0617414
-0.313284
-0.130746
NA
NA
-0.133055
0.100484
-0.414544
-0.416774
0.0794618
0.0443792
-0.257016
0.0364524
-0.630028
-0.0895452
0.0368841
-0.303762
-0.495892
-0.342701
-0.310911
-0.0954532
-0.574994
-0.134724
0.0421528
0.0528255
0.0114962
0.0674288
0.0666819
-0.491817
0.0115463
-0.149475
-0.479054
-0.0914737
-0.336243
0.0594795
0.167509
-0.31343
0.0630004
-0.553802
-0.60174
-0.0464674
-0.347593
NA
-0.580304
-0.0217271
-0.277545
0.0947091
-0.500922
0.0620997
0.0895143
-0.580675
-0.258837
-0.645093
0.0745336
-0.673991
NA
0.0611114
NA
0.0952441
-0.174445
0.0762653
-0.623568
0.0390175
0.00501201
NA
-0.873928
0.0258147
NA
-0.0321816
-0.0970632
-0.809816
-0.426132
-0.0723058
-0.202752
0.0911474
NA
-0.0348473
-0.289615
-0.111779
0.108608
-0.274837
-0.0781029
0.0175909
-0.0946411
0.000682208
-0.471242
0.0656729
0.0723265
NA
0.0216647
-0.224399
-0.750194
0.13887
0.0789735
-0.15916
-0.240403
0.0580339
NA
-0.064194
-0.438174
-0.233795
-0.0610297
0.0122095
-0.747003
-0.134873
-0.36356
-0.405231
-0.60254
NA
-0.631007
0.03038
-0.435312
-0.773464
NA
-0.798469
-0.605935
-0.330165
0.0597055
-0.0896586
NA
0.0732438
-0.279362
0.0356383
0.0313061
-0.192103
-0.301722
0.0469346
-0.614561
-0.449914
-0.231553
0.076271
-0.986185
-0.151874
-0.749272
0.0406137
0.0236811
0.0440183
NA
-0.0875565
0.0785768
0.0402921
-0.18815
0.0360188
-0.823474
-0.574015
-0.233452
-0.702586
-0.506625
-0.258394
-0.448649
-0.433574
0.0283871
NA
-0.309382
-0.530039
0.0456225
NA
0.0449358
-0.162441
NA
NA
-0.482478
-0.492762
-0.137871
-0.449481
NA
0.0588529
-0.170484
-0.45744
0.0471387
NA
-0.017351
-0.205213
NA
-0.645778
-0.199969
0.096809
-0.29406
-0.590135
0.283022
0.0758421
0.0620974
-0.434524
0.0747897
-0.588166
-0.107279
NA
-0.100276
-0.47818
-0.450037
NA
0.0861899
-0.639751
-0.395118
-0.309698
-0.318118
NA
-0.559808
-0.0217606
0.171868
-0.679545
-0.477339
-0.295827
-0.293721
-0.337382
-0.452951
-0.368269
-0.258601
-0.250205
NA
-0.416443
-0.414869
-0.20315
0.0455522
-0.468282
0.0570452
-0.0916331
-0.491792
0.0314532
NA
-0.292596
-0.290995
-0.695046
0.0427148
-0.258148
0.000463102
-0.572873
0.0933724
NA
-0.126308
0.0432771
-3.5
0.0464295
-0.475529
-0.359593
0.0691433
NA
NA
NA
NA
-0.00364872
-0.381603
0.0601076
-0.503105
-0.480291
0.0505522
NA
-0.0498327
NA
NA
-0.553583
-0.379151
0.0626261
-0.197008
-0.463162
-0.434004
0.0399392
-0.496778
0.106716
0.0784564
0.0287889
-0.0407547
-0.415522
-0.483651
0.0860266
NA
-0.0822406
0.0276008
-0.360309
-0.218704
-0.132471
-0.0133056
0.116578
-0.475378
-0.520229
-0.170993
0.0495675
-0.210238
0.16294
0.0175996
0.12274
-0.696384
-0.335265
-0.423804
-0.335872
-0.0267666
-0.224569
-0.296804
-0.21736
-0.250156
0.00878488
0.036478
-0.334699
0.0422363
-0.206697
0.04371
0.0683278
-0.0441419
-0.174086
0.0207116
NA
0.0715845
-0.28797
-0.869592
-0.2263
-0.192794
0.0664836
-0.106286
-0.443242
-0.159976
-0.232893
NA
-0.913867
-0.270832
NA
-0.24968
-0.81023
-0.5162
-0.0357153
NA
NA
-0.668613
-0.334408
NA
-0.326998
-0.585653
0.0691359
-0.401557
NA
-0.552621
NA
-0.345168
-0.488586
0.0399935
-0.438516
-0.25413
0.0548876
NA
-0.193019
0.0457856
-0.327104
0.0859103
NA
-0.133522
-0.351565
-0.135749
-0.26285
0.0670858
-0.40367
0.021524
-0.333695
NA
-0.410563
-0.286496
0.0296967
0.0738458
-0.562227
-0.0257736
NA
-0.508468
-0.0181914
-0.199993
-0.13471
-0.0750562
NA
-0.165173
0.0711853
-0.540315
0.0747869
0.0464175
-0.0354994
0.0580756
-0.184741
-0.407332
-0.229362
0.0902648
-0.0524075
-0.233732
-0.0418164
-0.207516
0.0853443
-0.251493
-0.302954
-0.0681288
0.023522
0.0454131
0.0779117
NA
-0.18059
0.0840704
-0.571872
-0.351103
-0.532083
NA
0.0163178
-0.143021
-0.0301273
-0.407046
-0.170974
0.103933
-0.183108
-0.297173
-0.632391
0.0763527
0.0451052
-0.521315
0.0722682
-0.0847205
0.0830128
0.0465528
0.0752045
-1.07224
-0.496377
-0.172886
0.171545
-0.413888
-0.974617
0.0505725
-0.241579
-0.052647
-0.630818
-0.283602
-0.304224
0.0328004
0.0282003
-0.00176869
-0.467115
-0.175818
-0.408636
NA
NA
-0.367454
0.0222068
0.0134024
NA
0.0224764
NA
0.0453013
-0.693178
-0.143302
-0.0436024
-0.139536
-0.399715
-0.765499
-0.495955
0.0653397
-0.559901
-0.123275
0.0618914
-0.143948
0.0382858
0.0822717
0.00901863
-0.55211
-0.260473
-0.087295
-0.130444
0.00164676
-0.464063
0.00457624
-0.484009
NA
-0.697455
-0.346775
0.0433949
0.167939
NA
0.102504
-0.0571395
0.0628358
-0.117652
-0.362848
0.0724502
NA
0.0720645
-0.690805
-0.224833
0.0471027
-0.132385
0.00520363
0.182488
0.100147
-0.0453494
-0.246468
0.062104
0.113873
0.030044
0.0695972
-0.0276322
0.0449251
-0.117151
-0.145422
0.00252149
-0.180271
-0.100812
NA
0.0834111
0.051617
0.0439954
NA
-0.679809
0.125013
-0.116214
NA
0.0886088
-0.135358
-0.133903
0.0884472
-0.194734
NA
NA
-0.133048
-0.685333
-0.0273741
0.0298615
-0.028094
-0.307258
-3.25
-0.719188
-0.230933
-0.681606
-0.0785714
-0.195026
-0.197306
-0.533525
-0.223689
-0.447216
-0.466971
-0.158121
0.0444421
-0.0316006
0.0699846
NA
-0.346982
-0.43574
-0.327092
-0.0799841
0.0457123
-0.10459
NA
-0.161452
-0.050781
0.0491601
0.00198999
-0.551131
-0.484848
-0.557088
0.0783224
-0.0712785
-0.551652
0.094083
0.12841
-0.357013
0.0670749
-0.354613
0.0405458
0.0113878
-0.922007
-0.445557
NA
-0.241963
0.0683799
NA
-0.4634
-0.151647
-0.0752036
-0.0249601
-0.223021
-0.394162
NA
0.0772124
NA
-0.327361
-0.0437867
-0.489582
-0.45189
-0.186799
0.0354415
-0.360298
-0.547421
-0.00906413
-0.235998
-1.00694
-0.660322
0.0703492
0.0697681
0.0217238
0.0658084
0.0448738
-0.423288
-0.484103
-0.271846
-0.335529
NA
NA
-0.0569769
-0.495301
-0.0905753
-0.160991
-0.139151
0.0424588
-0.108935
NA
-0.427182
-0.502566
-0.371331
-0.594836
-0.0672337
-0.143481
0.0695657
0.0488217
-0.0377965
-0.333825
-0.126103
-0.485246
-0.586102
-0.595677
0.045568
0.0141968
-0.175449
0.043125
-0.240041
-0.363546
-0.395611
0.114867
-0.515958
-0.729263
-0.67596
0.160394
0.0468747
-0.407826
-0.171656
-0.646313
NA
0.0071641
-0.409622
-0.15939
-0.137618
-0.0582929
0.01366
0.0188687
0.0733818
-0.113571
-0.620977
-0.384401
-1.03467
0.060086
-0.170741
-0.0115525
-0.0707032
-0.22618
-0.193386
-0.114535
0.0771411
-0.326089
-0.679324
0.0731621
0.0671629
0.0334324
-0.500172
-0.124304
-0.367503
0.0761435
0.0251753
-0.518368
0.0767972
NA
-0.257093
0.0332328
0.0492601
0.0886516
-0.334726
0.0452739
-0.317946
0.0605098
0.0309037
-0.193472
0.152577
-0.654204
NA
0.0572129
-0.708871
-0.213701
-0.546908
-0.738792
NA
-0.239476
0.0318729
0.10256
-0.903682
-0.153027
0.0438388
0.121153
NA
NA
-0.906944
0.0820098
-0.317628
-0.609035
-0.607283
-0.270769
-0.316924
0.0460721
0.0651204
0.044381
-0.410354
0.06038
-0.191309
0.0553212
-0.187307
-0.510456
-0.17122
-0.366329
0.0302847
-0.674327
-0.0377716
-0.410285
-0.333921
-0.0284763
-0.489887
0.0781499
0.0679906
NA
0.0586006
NA
-0.341907
-0.370606
NA
-0.529347
-0.295972
NA
-0.15898
-0.231578
NA
0.0417923
-0.578643
-0.00784917
-0.0859635
0.0346978
0.0392394
NA
-0.260622
NA
0.0788609
-0.164075
0.103656
NA
-0.0376008
-0.392884
-0.294922
-0.638267
-0.00291022
-0.0169017
-0.114777
0.0688149
-0.679638
0.0042424
-0.304697
-0.267163
0.0727931
NA
-0.338359
-0.451724
-0.349105
NA
-0.141054
-0.604496
0.0644697
-0.164298
0.0559078
NA
-0.328384
-0.204282
-0.20044
-0.245123
0.04412
0.0758523
0.0422742
-0.0580748
0.0421923
NA
0.0718222
NA
-0.667935
-0.352388
0.102714
-0.295039
-0.617886
0.0651509
0.060218
-0.436417
0.073915
-0.00974393
-0.153906
-0.137822
-0.00205438
0.00808688
0.333299
0.132773
-0.147057
-3.27
0.0906068
NA
-0.0865659
-0.0458972
-0.452719
NA
-0.237716
-0.340109
-0.0204962
-0.0492344
0.0214758
NA
-0.248474
0.0754695
0.0644293
-0.298715
-0.237011
-0.650758
-0.176937
-0.457191
-0.282696
0.00442118
-0.0331077
-0.509601
-0.0480138
0.044163
-0.412912
-0.312549
0.0253958
0.0456177
0.0365564
-0.334853
0.00598928
-0.0621201
0.00368197
-0.278602
-0.178311
0.0625805
0.105445
-0.573188
NA
-0.10731
0.06847
-0.423057
-0.127663
0.139164
-0.645328
-0.248823
NA
0.0743818
NA
-0.0133819
-0.0293549
NA
NA
0.09964
0.0794419
NA
-0.885454
-0.27482
-0.0153865
-0.2259
-0.0191371
0.0208289
-0.00607877
-0.999981
0.0492233
0.0789553
-0.407876
-0.423815
-0.191373
-0.351958
NA
0.0542379
0.129653
-0.509516
-0.0307461
-0.0317621
-0.634984
0.0870692
-0.654934
-0.19811
-0.588935
NA
NA
0.121696
-0.620187
-0.56155
0.0609637
-0.498971
0.00289225
-0.223282
NA
NA
NA
NA
-0.0935678
-0.161286
0.0768555
-0.313668
0.119268
-0.30192
0.0917498
0.0369863
NA
-0.689807
0.0170206
0.0810183
0.0456939
NA
0.0644286
-0.444134
0.0813973
-0.498508
-0.0937779
-0.851187
0.189053
0.083897
0.00303201
-0.37164
-0.0890189
-2.925
-0.30336
-0.437168
-0.477004
-0.723026
-0.652888
NA
0.029341
0.0231734
-0.501517
-0.308971
0.0338122
0.0220932
0.069537
-0.138524
NA
0.104866
-0.545019
0.0223696
0.069059
0.0954635
0.0951198
-0.0947113
-0.420534
0.0211722
-0.397085
-0.218124
-0.267468
NA
-0.608838
-0.405441
-0.457789
-0.547745
-0.522159
-0.00752741
0.0555949
NA
0.0145116
0.0353801
NA
NA
NA
-0.194221
0.0762299
-0.680683
-0.200356
0.0648763
0.0875702
-1.01394
0.0448582
-0.290599
0.108088
-0.232949
-0.296739
NA
-0.347358
0.0866441
0.0474012
-0.953061
-0.360885
-0.657898
0.0571449
0.0565759
0.044838
0.0776996
-0.404331
0.0243394
0.0815677
-0.0816631
-0.489146
-0.300293
-0.431986
-0.0210385
-0.0801025
-0.252297
-0.0942663
-0.522105
0.0735059
0.00317508
-0.381491
-0.178971
-0.312418
-0.373783
0.0441173
-0.571451
NA
0.0761981
-0.0357021
-0.0331263
-0.0120857
-0.175356
-0.319376
0.0529706
0.0458425
0.118662
-0.494507
-0.793322
-0.586287
-0.61128
-0.00583417
0.0125763
-0.106935
0.0417531
0.0768622
NA
-0.0165556
NA
NA
-0.0679846
-0.370732
NA
-0.418667
-0.393249
-0.140156
-0.42309
0.0817742
0.0210987
-0.189626
-0.123437
-0.0217293
NA
-0.0195271
-0.0645522
-0.182411
-0.670267
0.045068
0.0842929
-0.289268
0.0272426
-0.52657
NA
-0.929908
0.0731263
-0.632361
0.081537
0.0453283
-0.681216
NA
0.318048
NA
-0.0421144
0.0015906
-0.542327
0.0836822
-0.27763
-0.807033
-0.56846
-0.151711
-0.520421
-0.0299022
-0.250345
0.0180877
-0.0134169
NA
NA
-0.114737
0.0142193
-0.0678095
-0.368168
-0.371375
-0.090628
0.0445199
0.0659723
-0.623532
-0.188514
-0.265902
0.0455534
-0.479521
-0.188249
-0.388455
0.0749912
0.013793
0.0201466
-0.328235
0.0685939
-0.424167
-0.00943182
0.00667937
NA
-0.522869
-0.334932
-0.559267
-0.468624
NA
0.0277346
0.106667
-0.103773
-0.193997
-0.55145
-0.181311
NA
NA
-0.210993
-0.307853
-0.631706
-0.373862
-0.276193
-0.739701
0.0534065
-0.375349
NA
NA
-0.229267
NA
0.0853557
NA
-0.617576
NA
-0.38276
-0.234913
-0.149596
-0.145218
0.0569171
-0.264987
-0.0938282
-0.00501511
-0.710557
-0.0434271
-0.2912
NA
-0.399271
0.0763309
-0.268206
-0.574452
0.0694869
-0.0403876
0.0254321
NA
0.0459799
NA
-0.627752
-0.398423
0.0242019
-0.31725
NA
NA
-0.604392
-0.095203
0.033908
0.0871927
-0.631129
NA
NA
NA
-0.330626
0.0682149
-0.401474
0.0572602
-0.555501
0.0233513
-0.20809
-0.406262
0.0205698
NA
-0.355472
-0.547111
-0.0370391
0.0429619
-0.0750508
0.0643671
NA
-0.659086
-0.306737
-0.195578
-0.155017
-0.523544
-0.0721377
0.195479
-0.4087
-0.197767
-0.0201938
-0.173058
0.0469677
-0.615593
0.0525808
NA
-0.0748279
-0.606187
NA
0.0406116
0.0800916
-0.270756
-0.409698
NA
0.0549302
0.0513683
-0.0478376
-0.610219
-0.278116
-0.000940604
-0.0745659
NA
-0.264246
NA
0.0915394
NA
-0.358483
-0.138264
0.0273405
-0.0910931
NA
-0.251634
-0.295907
-0.355567
-0.139056
NA
0.0938732
NA
0.0297561
-0.242545
-0.635648
-0.0520838
-0.344897
0.0230913
0.0399243
NA
NA
-0.393662
0.0674827
-0.440533
-0.157456
-0.162225
0.0829129
-0.384479
-0.462586
0.0483422
0.107015
NA
-0.570938
-0.31729
NA
0.0475448
NA
NA
-0.405538
-0.378861
-0.110783
-0.525392
-0.443717
-0.450881
-0.0308828
-0.490183
0.0443495
0.0374031
0.0770186
0.00366832
-0.391595
-0.0461212
NA
0.0161571
-0.0472714
-0.524604
0.0492688
-0.128412
-0.501649
-0.309445
-0.147961
0.0742949
-0.531136
NA
NA
0.0875705
0.0463537
-0.0852913
-0.113771
0.334367
0.0468487
-0.159489
NA
-0.209691
-0.0131406
-0.123704
0.0165193
0.011625
NA
0.0746086
0.00995239
-0.182896
0.150144
NA
-0.0299356
-0.12019
-0.131496
-0.291487
-0.360668
-0.372307
-0.218602
-0.471126
-0.815668
0.0420213
-0.107672
0.00449029
-0.304375
-0.487378
NA
NA
-0.0789442
-0.280268
-0.324675
0.0653118
NA
NA
-0.520427
-0.450544
0.0601479
-0.386422
-0.364119
-0.479911
0.038328
0.0429021
-0.231101
0.0435466
-0.0594279
-0.358263
0.112847
-0.283727
-0.24555
-0.729398
0.0287071
-0.183687
-0.00542681
0.0649164
NA
NA
-0.361693
0.0618639
0.0420684
0.0673162
-0.355328
0.0249423
-0.476058
0.0407098
-0.0223423
-0.271221
NA
-0.168316
-0.0716538
-0.384014
NA
-0.819459
-0.801309
0.037421
0.0867136
-0.20871
-0.399671
0.0713889
-0.0406216
-0.458324
-0.791565
NA
-0.299063
0.004063
-0.0610588
-0.336033
-0.33109
-0.156813
-0.546526
0.000328726
-0.145099
-0.122276
-0.158237
-0.0778541
-0.139409
NA
NA
-0.469672
0.0739261
-0.338235
-0.118768
-0.000534121
-0.512232
-0.148517
0.457336
NA
-0.0559731
-0.244372
-0.603132
NA
0.0886332
-0.336221
NA
0.0363967
NA
-0.575433
-0.453526
-0.413447
0.0250081
-0.429293
-0.184489
0.0426065
NA
-0.181906
0.066382
0.0444506
-0.189777
-0.309166
-0.0936307
0.056559
-0.428118
0.0705402
NA
0.0785544
-0.567231
-0.202248
0.120408
0.026798
-0.4488
-0.415588
NA
0.0218165
0.0205863
NA
-0.165574
-0.266433
NA
-0.761563
-0.337507
-0.0533326
-0.243274
-0.612487
-0.3643
-0.104977
-0.00624764
-0.0429498
0.0804495
-0.0661779
NA
-0.860496
-0.474919
0.0727602
-0.333373
0.0909302
-0.396557
0.0593221
-0.269362
-0.35163
-0.622482
-0.351913
-0.171066
-0.527438
0.0706522
-0.480045
NA
0.0248598
-0.483699
-0.381901
NA
0.0605357
-0.912206
-0.16617
-0.176071
0.0836775
-0.0898993
-0.576067
-0.277903
-0.801009
0.0786694
NA
0.0760832
NA
-0.0869199
0.0453512
-0.466408
0.0453221
-0.359652
-0.566894
-0.375399
0.0447969
0.0363327
NA
-0.569935
NA
0.158573
0.0586725
-0.33787
-0.63051
0.0832141
-0.0614445
-0.0987824
0.0817628
-0.0947898
-0.84679
NA
0.0760671
-0.4706
-0.431778
-0.258541
0.0437332
-0.750503
-0.61743
-0.378539
-0.0503128
NA
NA
-0.632396
-0.146938
NA
NA
-0.551032
0.050692
NA
-0.806619
0.0788483
-0.294538
-0.333134
-0.54727
0.0727515
-0.539086
-0.605912
-0.0634163
-0.844657
-0.463088
-0.0165861
-0.769657
-0.355004
-0.29213
-0.427017
0.0258042
-0.0153651
0.0486363
-0.211376
-0.0944558
-0.551461
-0.55963
-1.07308
-0.125308
-0.242331
-0.0660512
-0.270527
-0.426671
-0.318699
NA
0.0326733
-0.0185057
-0.124133
-0.00736315
0.0227234
-0.32561
-0.36149
-0.018447
NA
-0.104404
0.0708288
-0.0728898
-0.220673
NA
NA
-0.477661
-0.323251
0.0658843
NA
-0.225039
-0.532746
0.105618
0.0795926
-0.0055817
0.0762982
0.0675645
-0.362972
-0.237192
-0.140225
-0.0137437
-0.097996
-0.306232
-0.184188
NA
0.0367388
NA
-0.561482
-0.788295
-0.191262
-0.0130042
-0.0605217
-0.302206
-0.365761
-0.127578
-2.2628
-0.0331327
NA
-0.458702
-0.627017
0.127172
NA
-0.340581
-0.0410381
0.302856
-0.538319
-0.582149
-0.577837
-0.0658013
-0.494644
-0.414101
0.0520534
-0.473542
NA
-0.0779102
0.0244509
0.0455662
-0.376375
-0.248323
NA
-0.518063
-0.525778
-0.496413
0.0719357
0.0311492
-0.0635767
-0.123603
0.0183393
-0.701346
0.0743393
-0.374796
-0.428694
-0.166103
-0.38652
0.0656918
-0.0252787
0.0452201
0.00616715
-0.454067
-0.555024
-0.383008
0.0685227
-0.544795
0.0442235
0.0694096
-0.244228
-0.0238901
0.0170985
-0.710653
NA
-0.0482531
0.060741
0.015206
-0.175657
-0.0946642
-0.243157
-0.780598
0.0726159
-0.0632509
-0.629117
-0.171121
-0.202484
-0.215822
-0.0999228
-0.479387
-0.373708
-0.053838
NA
-0.018821
0.0243912
0.0483022
0.364232
-0.247038
-0.31461
-0.0964845
NA
-0.00593147
-0.376377
0.0821191
-0.502928
0.0666291
-0.0527515
-0.382864
-0.0655499
-0.418712
-0.265982
-0.01581
-0.176787
-0.119879
-0.599063
-0.477806
-0.0926851
-0.372392
-0.43375
-0.319857
-0.0606076
0.0253698
-0.121775
-0.025528
-0.515341
-0.449278
0.0731217
-0.204896
0.0682891
NA
0.0818625
-0.337988
-0.248645
-0.166759
-0.453819
-0.590919
-0.709791
-0.30051
NA
0.0359035
-0.713537
-0.640091
NA
NA
0.0706986
0.0474214
0.108308
-0.0159943
0.0734605
-0.1406
NA
0.0441951
-0.726746
NA
-0.769774
-0.449265
-0.496844
-0.384632
NA
0.0475885
0.00226629
0.0836499
0.123969
NA
NA
-0.120813
-0.416004
0.0709216
0.0556663
-0.83561
-0.285443
0.0284115
0.0494082
-0.266929
0.0474844
-0.671103
0.0435103
-0.0891941
-0.00404241
0.0177493
0.0189203
0.050554
-0.423228
-0.215911
-0.208399
-0.397279
-0.196216
-0.660524
-0.432109
0.0865431
-0.148953
0.00920446
-0.151632
NA
-0.125464
-0.0257418
-0.109375
NA
-0.00761599
-0.177595
-0.0440971
0.0662251
-0.657406
NA
-0.193675
-0.288335
-0.00800742
NA
NA
0.137924
-0.52952
0.0142003
-0.159089
-0.0963712
-0.642075
-0.503371
NA
-0.168488
NA
-0.271948
0.0186295
NA
NA
-0.201088
NA
0.0931923
-0.639826
NA
0.0759925
-1.09546
0.073898
NA
-0.24875
-0.280065
-0.557174
-0.818618
-0.353281
-0.111646
-0.175096
-0.490189
-0.332402
-0.314608
0.0892829
-0.342436
NA
-0.155871
-0.197184
0.0844148
0.0887077
-0.0482047
-0.325898
0.0265055
0.0606275
-0.432861
0.0812696
-0.0778021
0.0617446
-0.437368
NA
NA
0.0141934
0.0697235
-0.397519
0.091436
NA
-0.40457
-0.123613
0.0768193
0.0692853
-0.862763
0.0934872
NA
-0.423486
0.111616
-0.33494
-0.167812
-0.285983
NA
0.0565244
0.0689489
NA
-0.356521
-0.155813
-0.134855
NA
-0.372667
0.0920788
0.10933
0.0371608
-0.330713
-0.232724
-0.100666
-0.192041
-0.348972
-0.967241
-0.454204
0.109716
-0.47933
-0.268693
-0.345901
0.035728
-0.269177
-0.359999
-0.239345
-0.132107
-0.209928
-0.1994
0.165571
-0.30103
NA
-0.0762648
-0.90646
-0.147381
NA
NA
-0.128864
NA
0.218022
NA
0.144032
-0.698591
-0.356843
-0.1777
-0.231399
-0.245338
0.00711363
-0.415724
-0.232013
NA
NA
0.0309575
-0.556371
-0.21375
0.0794531
-0.353843
-0.325232
0.070692
0.0694802
-0.0562436
-0.348307
-0.394353
-0.06988
0.0198116
-0.31375
NA
-0.413431
-0.693292
-0.478
0.15285
NA
-0.736087
0.0853372
-0.749765
-0.284657
-0.00885114
-0.387154
0.0578173
-0.159578
-0.345394
0.00769568
-0.482089
NA
-0.620448
-0.240143
0.0460514
NA
-0.557185
-0.390185
0.0555777
-0.20749
-0.370957
-0.569125
0.0442434
-0.58641
0.0450803
0.0458622
NA
-0.268865
-0.669998
-0.177568
NA
0.0408909
-0.00528969
-0.201377
-0.347643
-0.168123
-0.216506
0.0563861
-0.689729
0.074888
-0.364262
0.0432863
0.0672864
-0.259803
-0.0048599
-0.313584
0.0285889
-0.598339
-0.706532
-0.332056
-0.511304
-0.347929
0.0486619
-0.0290614
NA
1.82056e-06
0.056034
NA
-0.184563
-0.429606
-1.38
0.0473203
0.00191161
-0.260996
-0.449997
-0.0413232
-0.300821
-0.612355
0.0441401
-0.557846
-0.308828
-0.255208
NA
-0.167435
0.107175
NA
0.0821718
-0.33255
-0.379865
0.0566138
-0.592467
0.0290015
-0.495114
0.0193176
-0.433935
NA
0.0843585
-0.375046
0.0765914
-0.397725
0.0816696
-0.321243
-0.431767
-0.460927
-0.975557
0.0293029
-0.231063
-0.398096
0.207137
NA
-0.227602
-0.325336
0.0892084
-0.363841
NA
0.0496206
-0.296331
NA
-0.308465
-0.413065
0.0710126
-0.092287
-0.0647403
-0.450051
NA
0.0547971
-0.281695
0.00533532
-0.667597
0.0395268
-0.190054
NA
-0.117094
-0.433293
NA
-0.13162
-0.341781
-0.589963
-0.403514
-0.0835224
-0.825154
0.0899572
NA
-0.29318
NA
-0.0862509
-0.134831
-0.294947
0.110395
-0.324736
-0.465771
-0.617528
-0.433621
NA
-0.51853
0.000742948
0.0789085
-0.192679
NA
0.0380626
-0.606585
-0.262234
-0.228398
-0.55415
-0.633077
0.0761651
-0.184612
-0.155657
NA
0.0507168
-0.460036
-0.584439
1.90362
0.0126598
-0.411796
-0.408134
-0.183426
NA
-0.74501
-0.599558
-0.184032
NA
-0.415844
-0.229769
-0.612053
-0.337467
-0.565984
-0.296485
-0.159802
0.0848353
-0.439879
NA
0.0190971
-0.163128
-0.0128924
-0.421974
0.0556311
-0.322245
0.0503763
-0.302452
0.0708611
-0.00944997
0.0109305
-0.331754
-0.481806
NA
NA
-0.0292967
-0.47371
-0.725294
0.0903331
NA
-0.181005
-0.166498
0.0364179
-0.33415
-0.473333
0.0989212
-0.251347
-0.240701
-0.295457
0.0501344
-0.560835
-0.760385
-0.274998
0.0731623
-0.558063
-1.00972
NA
-0.541118
0.0133569
0.0773187
0.0453779
-0.0734061
0.0314622
-0.0938437
-0.000930689
-0.534549
-0.611877
-0.650048
-0.522563
-0.477844
-0.492343
-0.0428148
-0.441792
-0.261011
0.0577169
-0.372092
-0.199341
0.0438303
-0.0180179
-0.531313
0.0474577
0.0762185
-0.300998
0.0745684
-0.307462
-0.426216
NA
-0.274285
-0.630092
0.0209061
0.0439136
0.0458485
0.0213728
-0.831691
0.0763771
-0.919626
0.0784487
0.0726576
-0.330402
0.0775774
-0.159665
0.00328069
-0.521916
0.0182429
0.106118
-0.257096
-0.22915
-0.0645967
0.0666995
-0.00878237
0.0690817
-0.605731
NA
-0.306825
0.0773703
-0.579126
-0.189393
-0.521373
-0.103779
-0.0574919
-0.051001
-0.457188
0.00157087
-0.227095
0.0141625
-0.0757326
-0.0324551
0.0152985
-0.0217502
NA
-0.712084
0.024604
-0.484876
-0.721797
-0.244559
0.066007
0.044545
-0.101459
NA
0.0209698
-0.00143553
NA
-0.401852
-0.41418
-0.105416
-0.278551
0.297336
NA
-0.178124
0.065192
-0.00513382
-0.510034
-0.175314
0.0186119
-0.0047178
-0.608506
0.0733615
-0.369272
-0.45232
-0.00327498
-0.0252679
0.0541898
-0.712802
-0.47822
-0.170722
0.0392177
0.0122744
0.0534011
-0.0687395
NA
-0.0402815
0.0799803
-0.193235
-0.0319025
NA
-0.239073
-0.28861
0.0774726
NA
-0.595309
0.0926155
-0.336547
-0.521221
NA
0.0473793
NA
0.0623511
0.289576
NA
0.0192331
-0.47325
NA
NA
NA
-0.290342
NA
0.0937129
0.086633
NA
-0.268909
NA
-0.510911
-0.148251
0.0454629
-0.606669
0.230632
-0.128025
0.0434894
0.0449685
-0.585688
-0.470707
-0.572339
-0.548497
-0.0934483
-0.35229
-0.123079
0.0698825
-0.17599
-0.643802
0.0559714
-0.0951921
-0.416375
-0.101264
0.0392212
0.0664282
0.0115339
0.0452258
0.0346144
-0.188154
-0.573293
-0.222987
-0.639407
0.0771425
NA
-0.481021
-0.155931
0.0736306
NA
0.0805104
-0.187253
-0.162408
-0.0658579
-0.0817445
-0.535648
0.0783262
-0.484278
-0.0145071
-0.447057
-0.804643
-0.406501
-0.1222
-0.471422
-0.0276212
-0.248096
0.0295245
0.0402389
-0.199123
-0.170268
-0.292886
0.0509611
NA
0.0325128
-0.582777
-0.548627
0.0768739
0.0378152
-0.211445
-0.175729
-0.604309
-0.50841
-0.669634
-0.18708
-0.244151
-0.64477
-0.29882
-0.417469
-0.440254
-0.00928518
0.0438694
-0.157782
-0.00493101
0.0453102
NA
-0.603075
0.0754721
0.039507
-0.368903
0.122537
NA
0.0791822
-0.636275
-0.161545
NA
-0.0530398
-0.257786
NA
NA
0.0623815
0.0448187
-0.252761
NA
-0.263463
-0.187029
-0.253821
0.0680689
-0.110416
NA
-0.652079
-0.569806
NA
0.0276115
0.105834
-0.0131549
0.0679104
-0.436559
0.0423178
-0.691019
0.00854064
-0.34861
-0.447598
0.0448413
-0.141121
-0.451988
NA
NA
-0.13883
-0.179326
-0.567515
NA
NA
NA
-0.7643
0.0582947
-0.553684
0.0814962
-0.475203
0.0833623
NA
-0.0322283
0.0336482
0.0480288
-0.301681
-0.0236195
-0.13194
-0.38115
NA
-1.00236
-0.247254
0.110024
0.0186361
-0.2266
-1.13805
-0.559403
-0.311288
-0.00028309
0.0435192
0.0630495
-0.0605993
0.0385206
-0.235527
0.0431618
0.0470207
-0.49429
-0.633238
-0.392528
0.065038
-0.668743
NA
-0.171114
0.0734876
-0.341746
-0.18729
-0.341893
-0.154876
-1.66645
NA
-0.181553
-0.449029
-0.444624
0.0711509
NA
-0.126249
0.0245721
0.0564952
NA
0.122695
-0.615304
-0.313789
NA
-0.268356
