-0.597895
NA
-0.414665
0.0793575
0.0692882
-0.0689222
0.0604865
NA
-0.118134
0.107302
-0.174022
0.0791517
-1.08166
-0.115623
-0.151539
-0.393782
NA
0.0797886
-0.13061
0.097501
0.0620088
-0.629642
-0.786913
-0.408734
0.04291
0.204581
-0.199743
-0.43724
-0.285186
-0.163699
0.0290021
-0.510824
-0.388053
-1.48654
-0.369592
0.0626688
-0.366512
-0.365543
0.118869
0.0610571
-0.155329
-0.686155
-0.249622
0.0580934
-0.00575385
NA
0.000719964
-0.190655
-0.492175
0.0502569
-0.286838
-0.0471386
0.0561387
-0.0404172
NA
0.0843275
-0.00410485
0.0409524
-0.235102
0.0202902
-0.560813
-0.30331
-0.292075
0.033865
0.0781215
-0.831217
-0.714242
0.0620657
-0.0900249
-0.0974255
0.0360079
-0.174639
-0.379279
-0.0969419
-0.24422
0.0699958
0.068121
-0.330808
-0.156155
-0.0962606
0.0610722
0.43497
-0.252537
0.0774452
-0.931645
-0.0822734
-0.304855
-0.142422
-0.381744
-0.69365
-0.683637
-0.173795
NA
0.0916794
-0.115898
NA
-0.375232
-0.0856267
-0.089814
0.0737324
0.0870314
0.0586952
-0.474913
0.0826341
0.048062
-0.0267926
0.0748227
0.0915178
0.0735326
-0.0117744
0.00566846
NA
-0.457744
-0.505679
-0.254561
0.0312744
-0.432012
0.0832405
0.0446596
0.0484103
0.0918091
-0.331024
0.104912
0.0554567
0.0251608
0.0432062
-0.704529
NA
-0.856371
0.0883415
-0.142089
-0.275243
-0.282147
NA
0.0199125
-0.4635
-0.203461
0.0721098
-0.0662733
NA
-0.707734
-0.479041
0.042143
0.0704522
-0.138696
-0.790644
-0.0913604
0.078686
0.0766711
-0.224984
NA
-0.424917
NA
-0.103826
-0.22941
-0.521744
-0.206245
NA
-0.600459
-0.365696
-0.264329
-0.332691
-0.881766
-0.293709
0.0851245
0.0851537
-0.208689
-0.328164
-0.23847
-0.152166
-0.734248
0.075076
-0.0847008
-0.213742
-0.18654
0.102652
0.0825963
-0.460578
0.0231506
0.0565386
0.0465994
-0.426808
-0.0302596
0.0436084
0.0331713
-0.755466
-0.227772
0.0737796
-0.40208
NA
-0.0621417
-0.310457
-0.0671906
0.085493
0.0442806
0.116384
-0.309639
0.0462118
-0.293884
0.0707349
0.0601094
0.0474915
0.0770123
-0.696744
0.0674858
-0.986984
0.0672505
-0.374477
0.0708253
-0.596373
NA
0.0793094
-0.25608
-0.500839
-0.449791
-0.0995397
-0.156216
0.0705788
0.00919909
0.0527883
-0.00292962
0.0673431
0.0721121
0.0363714
-0.642923
0.0913164
-0.00303557
0.0465416
-0.500559
NA
NA
0.0753584
-0.432774
0.0471077
-0.548346
-0.897399
0.120543
0.0621501
-0.734964
-0.537554
NA
-1.01352
-0.16511
0.154711
0.0470089
-0.629251
-0.512576
-0.164446
NA
-0.341378
0.00731844
NA
0.127347
-0.606262
-0.124864
-0.241243
0.0642985
-0.646085
-0.329676
-0.38247
-0.169705
-0.298091
NA
-0.276693
-0.653357
-0.0631446
-0.598638
NA
NA
-0.221586
-0.406621
-0.469932
0.116927
0.0868724
-0.3294
-0.0419739
0.0219753
NA
0.0416453
-0.170485
-0.0275184
-0.602024
-0.116375
-0.358966
-0.418447
-0.152573
0.105227
-0.521448
-0.598291
-0.280082
0.0872036
-0.163261
-0.282587
-0.313152
0.084499
-0.353904
-0.499516
-0.207973
-0.146195
-0.555465
-0.343324
0.0826664
-0.151388
-0.477789
-0.597323
NA
-0.0830179
-0.652162
0.0402598
-0.413112
-0.000828505
0.0985882
-0.439693
0.0539514
-0.114834
-0.407795
-0.0406323
-0.047955
0.0300601
0.0673253
-0.0768868
-0.113301
-0.153566
NA
0.0729821
-0.355309
-0.739321
-0.0330406
NA
0.0902003
NA
0.0590431
-0.347154
-0.593412
0.0633687
-0.0473387
-0.0529059
0.146929
0.0127226
0.0662603
0.0936189
NA
-0.500266
-0.727744
-0.0178925
-0.378342
0.104769
-0.349686
NA
0.0868311
0.0421365
-0.000133336
-0.435138
-0.343431
-0.208875
-0.337893
-0.258653
0.0262623
-0.446931
0.0659891
0.0683704
-0.251691
-0.399288
-0.588216
-0.045211
NA
-0.297585
-0.360481
-0.253379
NA
0.176249
-0.293582
-0.19946
-0.189365
-0.438548
-0.187288
-0.269461
-0.322618
-0.167349
-0.109696
-0.357813
0.079456
0.0548767
0.103864
-0.51481
-0.322626
0.0403359
-0.143341
-0.814597
-0.0858984
-0.588154
-0.0162017
NA
0.010825
-0.280194
-0.207218
-0.629231
0.85098
0.0772773
-0.581727
-0.307229
0.0286761
0.356617
-0.0301516
-0.427079
-0.0170187
0.0137841
-0.158243
0.199885
-0.068883
-0.156263
NA
0.0430046
-0.010738
-0.450003
-0.0357808
0.0200877
-0.316088
-0.190796
0.0463327
-0.212304
0.0728628
-0.982873
-0.0993476
0.0723301
0.0523556
-0.200958
-0.15561
-0.284632
0.0318073
NA
-0.533278
-0.546414
-0.429815
0.0684387
-0.16772
0.0795137
-0.420869
-0.155074
-0.16322
-0.195373
-0.513709
NA
-0.332597
-0.0273127
NA
0.00275496
NA
-0.12383
-0.557933
-0.937136
0.00815511
-0.0529429
0.0651579
-0.181281
0.0108303
-0.489185
-0.223513
0.0693534
0.619784
-1.66246
0.0769084
-0.528711
-0.0963961
0.0651936
0.0208372
0.0259119
0.0122527
0.0858022
-0.730617
-0.12874
-0.408321
-0.312757
-0.210402
NA
-0.0674461
-0.514273
NA
-0.387956
0.0359261
-0.177666
-0.196357
-0.767793
0.042207
-0.327513
-0.0727286
NA
-0.271131
0.146515
-0.362117
0.0783627
-0.0815682
-0.756651
-0.840023
-0.787652
-0.246932
-0.404005
0.0534223
-0.00933282
-0.837524
NA
-0.3526
-0.35575
-0.278942
0.0751866
0.0220732
NA
-0.241261
-0.110511
NA
-0.668553
0.287463
NA
NA
NA
NA
-0.246339
-0.276575
0.00958872
-0.34063
0.0279221
-0.453173
-0.376679
0.0830924
0.0487381
0.0577545
-0.210583
-0.38998
-0.179079
0.0724253
0.0412857
0.139099
-0.276503
0.295129
NA
NA
-0.855839
-0.597194
NA
-0.924126
-0.585279
-0.347129
0.119425
-0.173724
-0.029749
0.0214929
0.0237395
-0.244413
NA
0.0143224
-0.371599
-0.366772
NA
-0.224169
-0.0255576
-0.215407
-0.356183
NA
-0.178456
-0.354044
-0.344759
-0.64266
NA
-0.370914
-0.716732
-0.765432
NA
-0.0203112
-0.247506
-0.252498
-0.586147
0.00606244
-0.325394
-0.196785
-0.154003
0.0361947
-0.0652559
-0.262641
-0.20187
-0.226018
0.0722708
0.00418289
-0.0989866
-0.374755
-0.545984
-0.555249
NA
-0.58455
0.0747168
0.0730806
-0.203887
NA
NA
-0.432578
-0.349149
-0.775003
-0.389237
-0.190059
-0.174463
-0.62964
NA
NA
-0.360651
0.0737109
-0.342303
-0.470439
-0.527187
NA
-0.134112
0.0732557
0.0613265
-0.628438
-0.0632464
-0.617103
NA
-0.433168
NA
-0.161707
NA
0.0695446
-0.414591
-0.298289
0.0487235
-0.297385
0.0716879
-0.263129
-0.015909
-0.157686
-0.29834
0.0884712
-0.291528
-0.293596
-0.274266
-0.0112887
0.0439475
0.0166956
0.0894789
-0.499144
0.00505434
NA
-0.160066
-0.2629
-0.186658
0.356825
-0.321976
-0.149658
0.0380924
-0.42201
NA
-0.0711997
-0.260405
-0.0278325
-0.904187
0.0406583
NA
0.0958965
-0.536517
NA
0.0604056
-0.263474
0.0938075
-0.428316
-0.249229
NA
-0.274705
NA
0.0181571
0.0240796
-0.344259
0.0662471
-0.528004
-0.513973
-0.626785
-0.761447
-0.399032
-0.315084
0.0596159
-0.198596
-0.288238
-0.135983
-0.79683
0.0611605
-0.75795
-0.293055
-0.444066
-0.950647
-0.191556
0.0620895
0.3069
-0.0173826
-0.343002
0.020561
-0.304033
0.100397
-0.801176
0.084509
-0.17972
0.0779624
-0.40463
-0.525709
-1.278
0.00939199
0.0811336
0.459954
-0.00132178
0.0194693
-0.112414
-0.708899
NA
0.040104
-0.0184069
0.0225245
-0.0678742
0.204699
-0.365663
-0.75583
-0.0792933
NA
0.112815
0.103901
-0.4278
-0.572849
-0.0102702
-0.210997
-1.21211
0.0605591
-0.396076
0.0774054
NA
-0.0570529
-0.879544
0.0436123
NA
-0.583864
-0.635198
-0.440783
0.0048074
0.248421
0.0467481
-0.00440909
0.00260535
-0.167442
-3.6258
0.104681
NA
-0.8811
-0.101558
-0.0116372
-0.392299
-0.145232
-0.307896
0.0116506
0.0937484
0.0668813
-0.124303
0.10969
-0.0776222
-0.267523
NA
NA
-0.484482
-0.620146
-0.615816
-0.0578375
-0.4679
0.0438569
-0.375701
-0.862604
0.0901793
0.0521687
0.0659748
0.00130566
-0.148266
NA
-0.589211
-0.0695935
0.0835484
0.0666066
0.0789835
-0.431219
-0.0667623
-0.00436994
-0.60685
-0.132486
-0.455401
-0.66348
NA
-0.598759
-0.472305
-0.400167
-0.466148
0.0881198
-0.463751
-0.1185
-0.803112
-0.376882
-0.504366
0.0869226
-0.00318037
-0.107374
-0.55486
NA
0.0392563
NA
-0.0214837
0.0939271
NA
-0.483724
-0.489537
-0.665079
-0.224652
-0.492927
0.0644947
0.0778747
0.0667368
0.0398336
-0.821814
-1.06021
NA
0.0535626
-0.516392
0.060408
-0.207773
0.0446358
-0.17842
-0.137787
-0.105556
-0.259546
0.0843033
-0.255755
0.0605525
NA
-0.596706
-0.332778
-0.506505
-0.348222
0.0784318
-0.853591
-0.0617135
-0.543142
0.0634276
-0.397146
0.0027562
-0.638685
-0.175869
-0.440491
-0.0515337
-0.254413
0.0709489
-0.564432
-0.160608
-0.183465
-0.386609
NA
0.0631299
-0.749331
0.0366373
0.118882
-0.426804
-0.530761
0.0624839
-0.47268
-0.367719
0.0420185
-0.340482
0.00256002
-0.200609
-0.943003
-0.18996
-0.000487527
-0.123794
-0.0326525
-0.439728
-0.00881591
-0.220053
-0.879174
0.00720828
-0.565875
-0.756467
NA
-0.256812
-0.529375
-0.3115
-0.177981
-0.279769
-0.458509
NA
-0.745497
0.0810324
-0.501855
-0.484807
0.109505
-0.0448773
NA
-0.507668
0.0344049
0.0333857
-0.393871
0.0336635
-0.356091
-0.267228
0.0438415
NA
-0.410497
-0.604573
0.0443781
NA
-0.464858
-0.224683
-0.644761
-0.572283
-0.177182
-0.527965
0.20504
0.0193709
0.0733764
-0.152287
0.0631661
-0.0189853
-0.709135
0.00976712
-0.403594
-0.157262
NA
0.0421785
-0.0685862
-0.122511
0.0454361
-0.406672
-0.0289691
-0.304515
-0.262165
0.110093
NA
-0.341078
0.0807842
-0.277903
-0.0209892
-0.377817
-0.282393
0.060361
-0.279041
-0.0543258
-0.522944
-0.583954
-0.536783
-0.615481
0.0623541
0.0410998
-0.35953
-0.15405
-3.6094
-0.260772
NA
0.0901939
-0.417881
-0.255621
-0.499184
-0.600197
0.0465013
NA
0.0261742
-0.103006
-0.347336
0.0890853
NA
-0.504405
0.194516
-0.925267
-0.225466
0.0463012
-0.572178
-0.400847
0.0812851
-0.411702
-0.00854036
0.171403
0.0384531
-0.512614
-0.601783
-0.0342502
-0.345397
-0.370044
-0.308702
-0.284897
0.116747
0.0583643
-0.320136
-0.1855
0.0431953
-0.57074
0.0791358
-0.699533
-0.646726
-0.5313
NA
-0.369289
0.0669656
-0.489354
0.0840858
0.0800997
NA
-0.0507315
-0.163831
NA
0.0711615
-0.459277
-0.00297036
0.0543614
-0.343367
-0.250437
0.0563031
-0.134724
NA
0.0738432
-0.0686189
-0.159201
NA
-0.0520332
-0.495892
-0.0295557
-0.560226
NA
-0.366144
0.0673192
0.0216541
0.0862784
-0.639117
0.0727163
0.100484
-0.414544
-0.645096
0.0794618
-0.255001
-0.258695
-0.262051
-0.133055
NA
-0.440672
-0.623915
-0.178619
NA
-0.012113
0.074831
0.0916207
-0.0695699
-0.518575
-0.635732
-0.414017
-0.355559
-0.906149
-0.179449
-0.547845
-0.451982
0.0447737
0.0629557
0.0530361
0.0665674
-0.339375
-0.334278
0.066638
-0.556731
NA
-0.423448
0.0425584
0.069655
-0.000942298
-0.064788
0.0158576
-0.0740501
-0.440427
NA
-0.325014
-0.178569
-0.314719
-0.680809
-0.520247
NA
0.0515451
-0.00647702
-0.258259
0.0706324
0.0197462
-0.550799
-0.173813
-0.182308
0.088484
-0.823447
0.0538618
-0.0198121
0.0930572
-0.299398
NA
0.0326636
0.0249686
NA
-0.122937
0.0683168
-0.211903
-0.352692
0.0819994
0.0245817
-0.301096
-0.157376
NA
-0.651862
-0.984293
-0.358721
0.035498
-0.0578608
0.0652204
NA
-0.577049
-0.054963
-0.0932919
0.0530503
0.0618633
0.456716
0.0592301
0.0675313
-0.338494
0.0721731
-0.76929
NA
0.0441755
0.0659252
-0.476345
NA
-0.463258
-0.0270172
-0.206946
NA
-0.498694
-0.367389
-0.377291
-0.0226546
-0.316308
-0.134493
-0.373934
-0.398463
-0.199295
0.0434313
0.0436902
-0.00378631
-0.00626282
-0.211748
0.0396149
-0.193974
0.0484609
-0.880287
0.0678278
-0.962793
NA
-0.377661
-0.145936
-0.311629
0.0439483
0.0414346
0.0191219
-0.24794
-0.132689
0.0717053
NA
-0.37936
-0.145442
-0.34871
-0.349833
-0.17314
-0.454304
NA
-0.181162
0.0754684
NA
-0.241778
-0.580702
-0.872325
0.0413701
0.0845538
0.0703741
0.0265321
-0.166152
-0.262516
-0.23591
-0.137629
-0.648609
-0.517085
-0.182757
0.0370257
-0.220335
-0.732707
0.0235862
-0.318052
-0.760943
-0.184929
-0.661557
0.0781969
NA
-0.179968
-0.479659
-0.0217606
-0.673494
-0.450037
-0.882018
0.0747897
-0.450373
-0.194516
0.0065489
-0.06939
0.0823907
0.0893619
NA
0.0899601
0.066239
-0.645778
0.101536
-0.501711
-0.0656935
-0.403496
-0.489697
0.0471387
0.0429808
NA
-0.137871
0.0531333
-0.228696
-0.398326
0.0383573
-0.276971
0.0679092
-0.354152
NA
NA
NA
0.0479529
-0.655697
0.10148
-0.506625
-0.332318
-0.152702
-0.423505
-0.402256
0.068152
-0.295355
NA
-0.626367
-0.063486
0.0183682
0.116427
-0.637267
0.0628835
-0.261725
-0.469045
NA
-0.0573902
-0.34262
-0.452805
-0.134415
NA
-0.690031
-0.721506
0.0394477
NA
NA
0.0140274
NA
0.069875
-0.683665
0.0973896
NA
-0.29438
-0.188767
0.000463102
-0.0836656
0.0318895
-0.572873
-0.134343
-0.995399
-0.236932
0.0718239
-0.362303
NA
0.0893995
-0.00889727
0.0570452
-0.83977
-0.0917498
0.0314532
-0.0670263
0.0844345
NA
-0.0091927
-0.00918119
0.0604737
-0.368269
-0.32162
-0.355846
-0.293721
-0.112386
0.0650752
0.0368077
0.0212957
0.0210696
0.0808656
-0.0109315
NA
NA
-0.159175
0.171868
0.0799262
-0.32777
-0.266919
-0.289615
0.291554
0.0205351
0.0193476
-0.744843
NA
0.0659659
-0.053638
0.11581
0.0141307
-0.0321816
-0.701024
0.0418217
-0.924783
0.0258147
-0.095293
-0.174445
-0.585814
-0.274775
0.0952441
-0.230058
0.0895143
-0.712054
0.0697708
-0.169457
NA
0.0185039
-0.399358
0.0147574
0.0633526
-0.580304
-2.645
-0.245467
-0.357341
-0.373337
0.0947091
-0.0301524
0.0856612
0.0407063
-0.212117
-0.0734068
-0.0938164
0.0116572
-0.702391
-0.149475
NA
-0.314486
-1.00035
-0.0245116
-0.88075
-0.248655
-0.151874
-0.792541
-0.195295
NA
-0.428275
0.110559
-0.555431
NA
0.0091788
-0.323388
0.00450315
-0.331507
-0.0136941
0.0469346
NA
-0.274738
-0.624273
0.0356383
0.109074
-0.294322
0.0732438
NA
0.0935198
-0.0761066
0.088001
-0.41654
-0.773464
-0.454435
NA
-0.286534
NA
-0.499169
NA
-0.438174
NA
-0.481529
-0.259524
-0.421522
-0.609916
-0.240403
-0.168673
-0.598623
0.13887
-0.0463293
0.0877844
-0.498438
NA
0.0723265
0.0336335
0.0858502
-0.607701
0.0964881
-0.387573
-0.0900068
-0.307591
NA
-0.241467
-3.46
-0.181422
-0.364946
0.0505725
-0.630818
-0.151307
-0.61892
-0.0910301
0.0308263
-0.462958
-0.241862
0.0662606
-0.060356
-0.170974
-0.183108
NA
0.0763527
-0.632391
0.0764633
-0.276906
-0.298481
0.0704397
0.0842605
0.0163178
-0.267788
-0.515012
NA
-0.18059
-0.613868
-0.00649312
-0.302954
-0.574916
NA
-0.147852
-0.459679
-0.487333
-0.0418164
-0.266217
0.0902648
NA
-0.0354994
-0.495544
0.018993
-0.407332
0.0811789
-0.184741
-0.328462
0.0447536
NA
-0.274798
-0.100812
-0.0139919
-0.213805
NA
-0.0883508
0.0449251
0.0576719
-0.577477
-0.0637417
-0.399047
0.0356023
-0.376963
NA
0.0720645
-0.241144
-0.0529819
NA
NA
-0.431151
-0.697455
-0.580913
-0.0235454
0.0721841
0.139216
-0.087295
-0.297423
-0.370476
-0.274153
-0.0164942
-0.447267
-0.765499
0.172703
-0.559901
-0.357665
0.0807543
-0.262488
-0.693178
NA
-0.0700897
-0.399715
0.0224764
-0.0930921
-0.369731
-0.159976
-0.232893
NA
0.0385124
-0.0660851
-0.552044
0.0664836
-0.254438
0.0614803
-0.153413
0.203303
-0.334699
-0.206697
-0.213843
-0.164228
-0.266208
-0.579366
0.12925
-0.250156
-0.0838429
0.0700706
NA
-0.0616988
-0.286278
0.0197518
-0.091205
-0.421095
-0.158667
NA
-0.848775
-0.423804
-0.335872
0.0745972
0.0618107
-0.696384
-0.313317
-0.378472
-0.340015
-0.548909
0.0909627
-0.469193
-0.442843
0.0383791
-1.08303
0.116578
0.074895
-0.074922
0.0276008
-0.650993
0.0860266
-0.395478
-0.533643
-0.252784
-0.381907
0.068122
-0.682214
-0.0220258
-0.415522
-0.584317
-0.318259
0.106716
-0.698252
-0.105828
-0.401227
0.00629514
-0.0340883
0.0711853
-0.209007
-0.0181914
-0.153829
-0.199993
0.0696821
-0.217984
-0.622584
-0.633506
0.0476335
-0.679612
NA
NA
0.0490362
-0.493148
-0.224954
0.0825042
-0.145733
-0.809369
NA
0.076294
-0.430106
0.0763304
-0.295509
-0.13696
0.0682227
NA
-0.0754149
NA
NA
-0.117429
-0.248569
0.0738529
-0.464718
-0.541812
0.0408981
0.04693
NA
-0.503486
-0.668613
-0.5394
-0.140414
NA
-0.0838411
-0.81023
NA
-0.721476
NA
0.0456005
-0.280556
-0.0825613
-0.24968
-0.321432
0.0249796
-0.363228
-0.121515
0.0879742
-0.259142
-0.269657
NA
-0.319375
-0.137748
0.0771411
0.0449366
-0.170741
-0.462042
-0.372755
0.0756796
NA
-0.439241
-0.17166
-0.620977
NA
-0.340968
NA
NA
-0.15939
-0.137618
0.160394
-0.181871
-0.678857
-0.410415
-0.639941
-0.0482696
0.0899056
-0.584134
-0.132127
0.043125
-0.487841
NA
NA
-0.281104
0.00345826
-0.595677
0.071609
-0.129303
0.0488217
0.0118386
-0.82436
-0.268211
-0.128064
0.0864589
-0.304944
-0.605269
-0.208142
-0.132184
-0.143481
NA
-0.218816
NA
-0.250876
-0.410285
0.0497838
0.0781499
-0.489887
0.177161
NA
NA
-0.515801
-0.429883
-0.258782
-0.456248
-0.17122
-0.506859
NA
0.197826
-0.0381935
-0.42629
NA
-0.0377716
0.104697
NA
-0.433921
NA
-0.196101
-0.230435
-1.35679
-0.31664
-0.270769
-0.29444
0.01085
-0.157782
-0.026643
NA
-0.0595533
-0.624083
0.10256
-0.244862
0.0318729
-1.04935
-0.192092
0.1166
0.0200021
-0.0198567
0.0131664
0.0246235
0.000718216
0.0452739
-0.716037
0.0547956
0.0439734
NA
0.0382739
0.0605098
0.0251768
-0.349602
-0.318784
-0.120995
-0.332918
0.12724
NA
0.0656757
0.0707077
-0.0583777
NA
-0.568998
0.0672577
-0.112478
-0.0712785
0.0707099
-0.472621
-0.00811007
0.0621512
0.108622
-0.973693
-0.0750134
-0.0799841
-0.676856
-0.327092
-4.06902
-0.204303
-0.570494
NA
-0.441174
-0.30875
0.0427158
0.0799964
0.0744864
0.0707776
-0.544708
0.0699846
-0.0127869
-0.193573
-0.466971
0.08525
-0.11606
-0.37015
0.048608
-0.359274
-0.0156281
0.0442703
-0.195026
0.0215436
0.052518
-0.396404
-0.417237
-0.308783
-0.24473
-0.685333
-0.157891
0.0883841
NA
-0.418626
0.0584267
-0.610055
-0.135358
0.00714459
0.0669271
NA
0.0884472
-0.504241
NA
NA
0.0802138
-0.116214
-0.126324
-0.410202
-0.175688
-0.502566
-0.427182
0.00953886
0.0398343
0.0441053
0.0309232
-0.139151
-0.108935
-0.189993
-0.495301
-0.628847
-0.0905753
0.0712073
-0.164438
-0.203169
0.089634
0.0703492
-0.71545
-0.457961
-0.484103
-3.12025
-0.129299
NA
-0.0291078
-0.0607512
-0.0169456
0.0699678
0.0657969
-0.224876
-0.896022
0.0659652
NA
-0.0264783
NA
-0.452132
NA
-0.0803514
-0.112404
-0.13219
-0.806416
0.035833
-0.433452
-0.294388
0.0442428
NA
-0.0220121
-0.617836
-0.151647
-0.40602
-0.378813
-0.214931
0.100529
-0.250752
0.0704974
NA
-0.0851808
-0.524143
-0.946698
0.0277988
-0.729447
NA
-0.327674
-0.522389
-0.747882
0.0502166
0.0707257
0.00289225
-0.0877293
0.109602
0.0812726
NA
0.313995
NA
0.0766966
-0.263408
-0.219093
-0.56155
NA
-0.0306474
-0.428203
NA
NA
NA
0.0542379
NA
0.0675575
0.0785487
-0.191373
-0.999981
NA
-0.243202
0.0208289
-0.678432
NA
-0.349314
0.0656368
0.0653602
0.101612
NA
-0.681586
-0.27482
0.17909
-0.222863
-0.299359
0.051967
-0.270992
-0.496342
-0.0293549
NA
-0.572805
-0.165088
-0.56259
-0.0690601
-0.645328
0.044279
0.00478259
-0.939398
NA
-0.545019
0.0223696
-0.442243
NA
-0.108105
-0.219347
0.0853574
-7.42531e-05
0.0220932
NA
0.0582828
NA
0.127423
NA
-0.441255
0.0231734
0.0540331
-0.37164
-0.181006
NA
-0.149677
0.0454347
NA
0.0394397
0.00303201
-0.440379
-0.356974
-0.511155
-0.105666
0.0259273
-0.107732
0.0728285
-0.851187
-0.123313
-0.818684
-0.668538
-0.124477
-0.6766
-0.277955
-0.498508
0.0344799
-0.366809
0.0796177
-0.342707
-0.37537
-0.165356
NA
-0.409946
0.0855394
0.028796
NA
-0.416396
-0.689807
-0.318515
0.00528682
-0.22151
-0.47749
NA
-0.031545
0.0310226
NA
0.0444881
NA
-0.400478
NA
-0.330074
-0.504354
-0.14679
-0.510965
0.0812789
NA
-0.536432
-0.293589
-0.0630533
-0.265201
-0.361848
-0.204282
-0.0852935
0.045792
0.0758523
-0.567426
0.0580265
-0.685093
-0.274671
-0.661647
-0.363823
-0.421646
-0.562
NA
-0.0264697
-0.654147
0.0435847
-0.164298
-0.402775
NA
NA
-0.944951
-0.239037
-0.267163
-0.076555
-0.368186
-0.0870796
-0.451724
0.0042424
-0.304697
0.0184103
-0.186832
-0.392284
0.904148
0.0347311
0.0513465
-0.139406
0.0788609
0.103656
0.0610651
-0.893099
0.0392394
0.0118096
NA
-0.240136
-0.451416
-0.279961
NA
-0.400814
0.0368959
-0.578643
-0.00784917
-0.178311
-0.391567
-0.335891
-0.509494
-0.00781371
-0.0621201
-0.334853
-0.0480138
-0.596175
NA
NA
0.0360695
-0.495901
-0.130703
NA
-0.604447
-0.360361
0.0351966
-0.298715
-0.0530832
0.0644293
-0.176937
-0.0181268
0.0625075
-0.0707375
0.0754695
0.109127
-0.48536
0.07778
0.0395978
0.0214758
0.0634849
NA
-0.0854875
-0.0958621
0.173055
-0.76789
-0.294448
0.084172
0.0206129
-0.609272
0.00623457
-3.18
-0.147057
-0.541975
-0.24538
-0.140958
0.00808688
-0.153906
-0.244213
-0.439183
-0.96465
-0.297758
-0.610664
-0.211132
-0.736342
0.0853557
0.0222529
NA
NA
-0.141962
0.0534065
-0.375349
NA
0.0748905
-0.434445
-0.048579
NA
-0.210993
0.0679967
NA
-0.372104
-0.354465
0.0277346
0.050272
-0.297432
-0.0585576
-0.807203
-0.473485
-0.0178417
-0.329499
0.0621365
-0.796306
-0.230993
-0.2875
NA
-0.338011
0.0132081
0.0664504
0.0943822
-0.210583
NA
0.0240725
-0.188249
-0.575068
0.013793
-0.623532
-0.0847474
0.0689143
NA
0.0580698
-0.297886
NA
0.00519969
NA
-0.535903
-0.306288
-0.681216
0.037275
-0.0323378
-0.581219
-0.451169
-0.957564
-0.674555
-0.434205
-0.615226
-0.266466
-0.614099
-0.323514
-0.386037
0.0667118
-1.01545
-0.195578
0.0643671
NA
-0.107316
-0.109104
0.0946192
-0.207656
0.0726945
-0.0750508
-0.0311089
NA
-0.564423
0.0279971
0.0701737
-0.406262
-0.246278
0.0708686
-0.173885
-0.556078
0.00958249
-0.0810061
NA
0.0682149
-0.498838
-0.125628
-0.353935
-0.54284
-0.604392
NA
-0.464022
-0.528949
0.033908
0.0242019
NA
0.0731029
NA
NA
-0.525957
-0.368327
0.0566831
-0.526259
NA
NA
0.0737623
0.000620489
-0.0380617
-0.264987
-0.00501511
-0.0935231
-0.0434271
-0.2912
-0.291848
NA
-0.491759
-0.234913
0.0505006
-0.158207
-0.476871
0.118991
0.0446544
0.0752546
NA
-0.38276
-0.397029
-0.0556334
-0.178971
-0.148881
-0.626335
-0.522105
-0.334237
-0.0942663
0.0373683
-0.145991
0.0732227
-0.386423
0.0243394
-0.0960765
-0.167241
0.0815894
-0.597206
-0.188776
0.0776996
-0.0875216
-0.360885
-0.670593
0.0671
0.0670832
-0.0529472
NA
-0.0360046
0.0866441
NA
-0.426896
0.0447013
-0.444842
-0.307621
-0.408872
NA
-0.0599377
-0.193198
-0.623277
0.024042
-0.363946
0.0461127
-0.329437
0.0724345
-0.230317
-0.521599
NA
-0.165997
NA
-0.128443
-0.0664653
0.0250372
0.0705529
0.0810377
-0.00592053
0.051071
-0.415638
-0.457789
NA
-0.0338587
-0.611868
NA
-0.632108
-0.00740619
-0.0947113
-0.645896
0.0258296
-0.387777
0.0393661
-0.556304
-0.189127
-0.242602
-0.289268
0.0272426
NA
NA
-0.412522
-0.0123617
0.0454716
-0.0874573
-0.42309
0.0210987
-0.497493
-0.653254
-0.139693
0.060201
-0.393249
NA
-0.147021
-0.602831
-0.228286
-0.370732
NA
-0.386414
-0.467109
0.109673
NA
NA
-0.512117
0.0125763
0.053061
-0.425081
-0.818125
-0.793322
-0.273382
-0.4765
0.0764896
0.0408839
-0.124121
-0.459174
0.118662
-0.360795
-0.257482
-0.363048
-0.183359
-0.196042
-0.175356
-0.461329
-0.367557
0.0851536
-0.36067
-0.312418
-0.0415267
-0.0594279
-0.163352
-0.0461886
-0.917145
-0.0126781
-0.434752
-0.312239
-0.227569
-0.822829
-0.727978
NA
0.0822078
NA
0.0181196
0.044262
-0.109885
-0.0523548
-0.588859
-0.431127
-0.143349
0.0850084
-0.188124
-0.298917
-0.22015
-0.107672
-0.543315
0.021611
-0.0286276
NA
-0.294159
0.0798807
-0.30911
-0.471126
0.0160182
-0.122845
NA
-0.143894
-0.297633
0.0799201
-0.587298
-0.218602
0.046036
-0.0826522
0.0356156
-0.131496
-0.425231
NA
-0.0339211
NA
-0.328757
0.0440679
NA
0.0876721
-0.0884132
NA
0.0843486
-0.0448788
0.0739261
NA
-0.0437426
0.0757831
-0.0261394
-0.418021
-0.1507
1.36364
0.0555486
0.00315107
-0.313923
-0.20923
-0.122276
-0.332565
-0.490566
-0.135844
NA
-0.414619
-0.43701
0.0207229
NA
0.0713889
NA
-0.211528
-0.512441
NA
0.0773098
0.0747913
-0.168316
0.00369207
-0.476058
0.0407098
-0.361693
-0.654009
-0.324086
-0.577389
-0.544546
0.0424849
0.014687
-0.729398
0.0302123
NA
-0.0479211
0.112847
NA
-0.00632021
0.0768251
-0.186043
-0.183932
-0.157456
0.0510545
0.0829129
0.0696345
NA
0.079702
-0.291616
NA
-0.862085
-0.409038
0.0580808
0.183
-0.0522375
-0.203221
0.0338561
-0.018005
0.0297561
0.0278013
-0.784338
0.045302
-0.251634
0.076949
NA
-0.0618069
-0.331549
-0.174617
0.261836
NA
-0.372905
-0.0751687
NA
0.0981084
-0.610219
0.0763736
NA
0.228258
0.0583836
-0.411844
NA
-0.385351
-0.896178
NA
-0.0569547
-0.337477
-0.270756
-0.0990416
-0.340822
-0.221982
-1.20048
NA
-0.531188
0.0427778
-0.0748279
0.064576
-0.00775693
-0.328886
NA
0.0530372
-0.581969
-0.16161
-0.0467258
0.0729773
-0.00181693
0.0703573
-0.0847823
0.0921961
0.0983873
0.334367
-0.0766047
-0.469566
0.0289518
NA
-0.341508
NA
0.0646247
-0.7517
-0.0943771
0.0645285
-0.128412
-0.0547481
-0.537905
-0.585223
-0.32813
-0.0461212
0.0595726
0.0466746
0.0443495
0.0620864
-0.816857
-0.771393
-0.0916728
NA
0.0051799
-0.490183
NA
0.0485886
-0.324343
-0.517352
0.0680903
-0.450881
-0.497949
NA
-0.0810419
NA
-0.520257
-0.15148
-0.278765
-0.0478676
-0.152248
-0.211184
-0.0516138
0.0361142
-0.229247
0.0658843
-0.137802
-0.252588
0.0708288
-0.027394
NA
-0.237231
-0.043594
-0.565168
0.0326733
0.0735669
NA
-0.00736315
0.073746
0.159016
NA
-0.169133
-0.532963
-0.30584
-0.426671
0.0310557
NA
0.0514212
-0.375342
0.117536
NA
-0.55963
-0.537828
-1.07308
NA
0.0939174
0.0273262
-0.119906
-0.0478959
-0.726759
0.074171
-0.138796
-0.380418
0.0732176
0.0840585
-0.0688217
-0.184776
-0.605912
-0.159357
-0.385916
-0.336535
NA
-0.232829
NA
-0.465269
0.530169
NA
NA
-0.384063
-0.333134
0.0591197
-0.537027
0.00469727
0.00119925
-0.0903612
-0.374796
-0.636792
-0.428694
0.0421152
-0.171609
0.113222
0.0644381
0.0183393
-0.0462247
-0.041202
-0.518063
-0.0350507
0.0737584
0.0984193
0.0203503
-0.137699
0.025503
NA
-0.380405
0.0773217
-0.376988
-0.225911
-0.0847956
-0.342967
-0.0423644
0.0351577
-0.184675
0.127172
-0.378478
NA
0.0213369
-0.302206
-0.0331327
-0.127578
-0.0130042
NA
-0.201998
NA
-0.70322
0.0623707
NA
-0.476481
NA
-0.237192
-0.097996
-0.0137437
-0.140225
-0.526914
-0.480493
-0.220984
0.0762982
-0.217156
0.0675645
-0.308564
-0.133667
0.0455928
-0.529484
0.0263333
-0.00525651
-0.619761
-0.648684
-0.309605
NA
NA
-0.333373
0.0688195
-0.632515
-0.0661779
0.0759041
-0.612487
0.0384532
-0.272506
-0.567275
NA
0.0747885
-0.00624764
0.239354
NA
0.0464167
0.0581423
-0.428901
0.192827
-0.337507
-0.00947117
0.0717588
-0.789599
-0.610177
0.010467
-0.131802
0.0427726
NA
-0.165574
-0.704738
NA
-0.567231
NA
-0.235115
-0.428118
-0.775616
-0.267523
-0.391534
-0.434991
-0.165662
-0.0867838
NA
0.066382
-0.534604
-0.28334
-0.158113
-0.123381
-0.239506
-0.413447
NA
-0.575433
-0.195574
-0.50553
0.0489753
-0.431102
-0.588449
-0.336221
-0.659487
NA
0.0780498
0.00960751
NA
-0.000534121
-0.444211
-0.339714
NA
-1.18581
0.0788483
-0.385376
0.0803807
-0.593896
-0.512898
-0.315187
NA
-0.632396
NA
NA
-0.165096
0.0788326
-0.378539
-0.84679
0.047154
0.0202364
-0.927361
0.0452055
-0.193918
-0.375399
NA
0.0363327
-0.366676
0.158573
0.0848209
0.0832141
-1.04683
-0.368309
-0.267952
0.0758393
-0.0869199
0.0504771
NA
NA
0.0548619
-0.19324
0.0232936
0.0670395
-0.135858
0.00394427
-0.176071
-0.41341
-0.576067
-0.468301
-0.516021
-0.307776
NA
0.00774673
0.0356392
-0.912206
-0.149398
NA
0.0461477
-4.76515
0.104503
-0.325782
-0.24367
0.0321903
-0.0578011
NA
0.0949
NA
-0.341308
-0.626048
-0.664407
-0.527438
NA
-0.0064263
0.077102
-0.585722
-0.24875
-0.471407
-0.183213
-0.0496928
-0.00136798
0.0931923
-0.315628
NA
NA
0.882473
-0.159604
0.0434144
-0.271948
NA
-0.580801
-0.398731
-0.247019
-0.509042
0.137924
-0.0297504
NA
0.0787409
0.0225987
-0.0886907
0.0234801
-0.419478
-0.0170831
-0.258978
-0.720827
0.063129
-0.778544
-0.0257418
-0.562221
0.00920446
-0.151632
-0.274628
0.0720909
0.0827552
-0.0142711
-0.372132
0.0496504
-0.367605
NA
-0.232724
-0.330713
-0.192041
-0.454204
0.0292827
NA
-0.798497
0.0565244
-0.423486
-0.336809
0.099788
0.0768193
0.117614
-1.02657
0.0436328
0.0473859
-0.666484
0.075181
NA
0.0606275
0.0566741
-0.641723
-0.151367
-0.39519
0.0259871
0.0896813
0.0265055
-0.488627
-0.23776
-0.20713
-0.51333
NA
-0.0141601
-0.166512
-0.0233517
-0.329045
-0.123245
0.0537909
-0.621509
-0.265982
-0.01581
0.00124586
-0.117642
-0.261639
NA
-0.170547
-0.363115
0.00260728
-0.269097
0.0406727
0.126514
-0.419886
-0.403539
-0.285703
0.0521066
0.0821191
0.0555141
NA
0.0183937
-0.0263619
-0.215076
0.0497259
-0.366172
-0.558037
-0.247038
0.0748248
-0.298229
NA
0.0208632
NA
0.0601777
0.0243912
-0.195345
-0.373708
NA
-0.629117
-0.674364
0.0449379
-0.112033
-0.526577
-0.0842364
-0.0303607
-0.499677
0.0694354
-0.175657
0.0458009
-0.450075
0.0879768
0.0694096
-0.439445
0.0638478
-0.517336
0.0390017
-0.211928
0.0685227
-0.485047
-0.729398
0.0448674
-0.5718
-0.345887
0.0452201
0.00616715
0.000241271
NA
0.0831785
-0.454067
-0.38652
-0.600006
-0.159889
-0.534556
-0.0252787
0.0783066
-0.613564
-0.118711
-0.260329
-0.971741
0.0284369
0.00171997
-0.266929
-0.0891941
-0.303254
-0.00404241
-0.629423
-0.109868
-0.471252
-0.00197559
-0.0501887
NA
0.077131
0.0475885
-0.258195
0.123969
NA
-0.636398
NA
-0.386292
0.052252
0.00626821
0.0816465
-0.0841111
0.0809923
-0.522192
-0.327876
-0.150974
0.0398183
-0.0565449
0.0440106
NA
0.0359035
-0.0540603
-0.370914
-0.337988
-0.166759
-0.948161
-0.30051
0.0915287
0.0889475
0.090076
-0.264665
-0.0063343
-0.0606076
0.0253698
-0.632448
-0.100323
0.0468137
0.0822927
-0.372392
-0.208394
-0.0926851
-0.319857
-0.304063
0.138948
0.128198
NA
-0.4611
-0.477806
-0.426292
-0.413065
0.0736476
NA
-0.410983
-0.374024
-0.297624
0.0934935
-0.384055
-0.355616
-0.0545483
-0.292672
-0.746259
0.0816696
-0.726995
-0.55209
0.00381371
-0.231063
0.207137
-0.264308
-0.0231075
-0.105575
-0.211141
-0.375046
0.0723131
-0.258962
-0.0978247
0.0301493
0.0883407
0.0104968
-0.396683
0.0523045
0.0447891
-0.379865
-0.550271
-0.433935
-0.0207232
-0.80544
-0.396916
NA
1.04472
-0.797116
-0.369236
-0.0332653
0.0248238
0.0442291
-0.059623
0.0477286
-0.2495
-0.0947346
0.0670322
0.0453294
-0.118986
-0.0802454
-0.346684
-0.388138
NA
NA
0.00191161
-0.304318
-0.470361
0.0673122
-0.213579
-0.0278628
-0.0183794
0.00613046
-0.547619
0.0532978
-0.242502
-0.0688105
NA
NA
1.82056e-06
-0.332056
0.0659575
0.0165507
-0.480536
-0.244936
-0.474297
0.0727382
0.00605187
-0.0349661
-0.171779
0.0789085
-0.479047
-0.829143
-0.465771
-0.433621
NA
-0.0764056
-0.633035
0.110395
0.0458622
-0.0872031
NA
-0.402589
-0.320643
-0.29318
-0.240505
-0.134831
-0.485424
NA
-0.488997
-0.613397
NA
-0.208285
-0.290356
NA
0.067045
0.0674933
0.0481745
-0.029544
-0.463754
-0.558663
NA
0.072356
-0.0342587
0.0755334
-0.0812203
-0.790289
-0.351662
-0.271904
NA
-0.679019
NA
NA
-0.2298
0.0188353
0.149754
-0.83546
NA
0.077
0.0743448
-0.281695
-0.0416725
-0.837991
0.0842191
NA
-0.55654
-0.693292
-0.539111
-0.334392
0.0144476
-0.389755
NA
-0.130665
-0.480703
-0.290299
-0.313214
-0.524834
0.00879297
-0.324512
0.0228055
-0.120332
0.0316499
-0.0563991
-0.17734
0.0694802
-0.107802
-0.465694
-0.0625306
0.323128
NA
-0.255609
-0.21375
0.0794531
0.00711363
-0.639205
-0.346221
-0.137478
-0.144042
0.0694858
-0.269275
-0.19289
-0.017326
NA
-0.128864
-0.404392
-0.0491566
0.0855275
0.0329322
0.076303
-0.192874
0.0391643
0.0157348
-0.368981
-0.632829
-0.26128
NA
NA
-0.397261
-0.533654
-0.0638818
0.0872585
0.00155155
-0.625547
-0.706532
-0.438653
-0.0394617
-0.409629
-0.259803
NA
-0.313584
0.000937972
0.0285889
-0.343276
0.071814
-0.577444
0.11324
NA
-0.0572433
-0.695417
-0.475437
-0.718648
NA
-0.268865
0.0408909
-0.3197
0.0458622
-0.471736
-0.364571
0.0442434
0.0125072
0.0555777
0.0384961
-0.644866
-0.20749
-0.315645
-0.0394806
-0.132269
-0.837445
-0.285356
-0.0783525
-0.0944786
NA
0.0939257
-0.159578
0.0345794
0.0465198
NA
0.0758212
0.0200869
-0.112987
-0.364296
-0.42225
0.0534182
-0.484593
0.0641321
-0.318934
-0.0217502
-0.484876
0.094907
-0.268246
-0.0691631
NA
-0.0757326
NA
-0.0061389
-0.815603
-0.0267406
-0.117948
0.159049
-0.422313
NA
-0.0830366
0.0332299
NA
-0.38426
0.24
-0.051001
-0.281511
-0.209167
-0.279751
-1.01187
-0.438745
-0.278254
-0.0192924
0.0681919
-0.189393
-0.612814
0.0441483
0.0773703
-0.306825
-0.173064
-0.360268
-2.01615
-0.44817
-0.605731
-0.309644
0.038339
-0.66856
-0.401898
0.0730125
NA
-0.36976
-1.32422
0.0588079
0.126155
0.0479249
NA
NA
-0.442943
-0.290312
-0.35683
-0.265683
0.0965055
-0.479679
-0.709385
-0.919626
0.0445362
-0.336547
-0.0484655
-0.781098
-0.501714
-0.00757078
-0.74915
0.0816515
0.0898983
0.00325405
-0.349798
0.0549159
-0.366766
-0.0780266
-0.0114344
-0.09625
0.106303
-0.666493
-0.149715
-0.544613
-0.359043
-0.155717
0.0475354
-0.573722
NA
-0.864668
-0.503275
-0.409521
-0.47822
-0.45232
0.0745539
-0.240761
-0.737608
-0.291563
-0.149928
-0.20228
-0.766807
-0.114663
0.0188125
0.0753916
-0.373158
-0.175314
-0.0709616
NA
-0.322284
0.0945826
-0.282541
-0.41418
0.0743784
0.297336
-0.508093
-0.278551
-0.0907929
-0.0254304
-0.303301
-0.446842
-0.26777
0.0706483
-0.375201
0.085104
NA
-0.495878
-0.510424
NA
-0.328215
0.0624976
0.166829
0.0646639
0.0416559
-0.134451
-0.429614
-0.0349658
0.0535439
-0.421974
0.011237
-0.0436349
-0.0705946
0.000927073
NA
0.0751327
-0.153797
-0.641981
0.0569953
-0.560849
0.0513408
-0.664777
-0.483507
0.0629485
-0.0639906
NA
0.0456333
0.0996323
0.0632603
-0.777883
-0.366431
NA
-0.207297
-0.302082
NA
0.0801102
-0.16034
0.0891706
-0.499512
-0.407783
-0.840258
0.0720296
0.0887779
-0.065658
-0.192679
-0.0166764
-0.714172
-0.221408
-0.287482
0.0459422
-0.274285
0.066146
-0.0826991
-0.540575
-0.414796
-0.967734
-0.375098
-1.17833
-0.372092
-0.400795
-0.161195
0.0707702
-0.475736
-0.477844
-0.382605
-0.136115
-0.261011
0.0891145
0.248755
0.0435651
0.0434828
0.0742496
NA
-0.12656
-0.168779
0.0834659
6.64931
-0.0863007
NA
0.0797263
-0.135113
NA
-0.562822
NA
0.0668621
0.0104933
NA
-0.398563
-0.833417
0.0734741
NA
0.0132281
-0.408057
0.046458
NA
-0.0814307
NA
-0.212103
NA
0.235446
-0.362647
NA
-0.451988
0.0419755
-0.345464
-0.532157
-0.306131
-0.350562
-0.164768
-0.352341
-0.188398
0.0795198
-0.0131549
-0.255222
-0.10211
0.0694927
0.112498
NA
-0.453182
-0.187029
-0.0269315
-0.631126
NA
-0.369825
0.131743
NA
-0.00614678
-0.615619
-0.0558308
0.0576437
-0.664344
-0.407969
-0.565804
-0.590846
0.0483378
-0.420976
-0.650955
0.0847676
-0.603075
0.039507
-0.368903
-0.681615
0.0517413
-0.00493101
NA
0.0613842
-0.2042
0.0752257
0.0690241
-0.449029
NA
-0.401026
-0.294907
0.0734876
NA
-0.392528
0.065038
-0.458907
-0.491139
-0.452151
-0.49429
-0.596396
-0.0605993
-0.512224
-0.00802788
0.0497666
NA
0.0829515
-1.13805
-0.51037
-0.364749
-0.556877
0.0648609
NA
-0.166794
0.00616581
0.071165
0.04022
0.0480288
0.126332
-0.614231
0.0288938
-0.13194
-0.363794
NA
0.0582947
-0.341486
NA
-0.0107016
NA
-0.217103
-0.243505
-0.648783
0.0243335
0.070924
0.0111966
-0.213029
-0.416375
-0.0302469
NA
-0.101264
-0.786527
-0.459765
0.0442943
-0.35671
0.00170975
NA
-0.35229
-0.0249555
0.0231452
-0.123079
0.0698825
0.0743098
0.0881636
0.0198455
-0.45894
-0.812162
-0.606669
0.0744579
0.0854398
0.230632
-0.204502
-0.148251
-0.691385
0.107972
-0.0312145
0.128027
0.0289306
NA
-0.407919
-0.029615
-0.142941
-0.209036
0.0890149
-0.39259
0.0430527
NA
-0.545008
0.778081
-0.667891
-0.0850066
0.0627706
-0.127545
NA
-0.506264
NA
-0.0696591
-0.0574877
-0.47325
-0.415336
-0.317938
-0.593609
-0.977097
NA
-0.143705
0.0474672
0.100009
-0.417469
-0.406645
-0.321596
-0.670434
-0.211445
-0.00696833
-0.575104
-0.514249
-0.21127
-0.336065
-0.11071
-0.182183
-0.0785392
-0.269519
-0.428711
-0.713008
-0.676018
NA
-0.170268
-0.117041
0.0489711
-0.248096
0.122872
-0.0276212
0.0295245
NA
0.0402389
-0.119893
-0.0153292
-0.1222
0.0285065
-0.640371
-0.701496
0.0464276
0.0783262
0.0432213
-0.0219502
-0.495275
-0.297986
-0.473763
-0.0214785
-0.153226
-0.108448
-0.162408
-0.000658797
0.0738928
-0.312219
0.0882843
NA
-0.512962
-0.182178
0.0689541
-0.639407
-0.743926
-0.503336
NA
-0.0782573
0.0099667
-0.376567
0.01364
NA
0.0506665
-1.0483
-0.17943
0.0607619
-0.663986
-0.450214
-0.114878
-0.097421
-0.017003
-0.585547
-0.219648
-0.684452
0.000743229
-0.272235
NA
-0.199673
0.0153669
-0.33742
NA
0.157991
NA
-0.495618
0.0185062
NA
-0.221433
-0.174372
-0.454691
0.105
0.0755486
-0.0362203
-2.73
-0.331074
-0.87895
NA
-0.227075
-0.0458249
NA
NA
-0.551619
NA
-0.140148
-0.293225
-0.743768
-0.272083
0.0451456
-0.751606
-0.213398
-0.11234
-0.320457
0.149136
0.0794732
-0.0866658
0.0782053
-0.234205
0.104709
-0.053718
-0.0812216
-0.117682
-0.190418
-0.0350414
0.0644627
-0.354427
-0.326345
-0.449896
0.00829657
0.241648
-0.488027
-0.654715
NA
-0.722998
0.0594203
-0.0419885
-0.576381
-0.297889
-0.255802
0.0133903
-0.844201
-0.292701
-1.05595
-0.628511
NA
0.0301674
-0.245164
-0.36788
0.0400078
-0.345162
-0.391381
0.0111833
NA
-0.306109
-0.662865
NA
0.0839874
0.0789029
-0.345613
-0.21576
0.0599756
-0.0222899
-0.528082
0.0532799
-0.47133
-0.355166
-0.539909
-0.247651
0.0649769
0.0650257
-0.588249
-0.466228
-0.416175
0.0159472
0.0762634
NA
NA
NA
-0.0128933
-0.438168
-0.715625
-0.0294625
-0.759323
-0.589678
-0.383952
-0.101083
-0.430796
-0.693354
-0.320668
-0.459818
-0.39937
0.068082
-0.264851
-0.077151
-0.0806183
-0.15821
-0.00934579
-0.702678
-0.361018
-0.79132
0.0462882
-0.243261
-0.414494
-0.362339
-0.0643399
-0.582346
0.0602295
-0.282282
0.0775079
0.0688233
-0.676804
-0.25418
-0.477988
-0.64745
-0.211119
-0.208082
NA
-0.215426
0.0588519
-0.124723
-0.0927072
-0.944302
-0.499856
-0.177168
0.0497195
NA
-0.262603
-0.362873
-0.162742
0.13072
-0.256155
0.0623893
-0.0347099
0.0690117
0.0700249
0.00159429
0.0631477
-0.271846
-0.291876
-0.379013
-0.18698
-0.0990165
-0.755625
NA
-0.318692
-0.0260096
-0.435916
0.061951
-0.00715919
0.0435562
0.0707896
-0.841995
-0.498883
-0.426783
0.133821
-0.128865
-0.143424
0.148948
-0.697997
0.0252301
-0.462324
-0.0129772
0.0293545
-0.53896
0.00948435
-0.802538
-0.0808834
-0.298596
-0.325467
-0.416247
-0.0478714
0.0202789
0.0898155
-0.242578
-0.654851
NA
-0.18088
-0.326267
NA
-0.672818
-0.510867
-0.564598
0.064105
0.0343111
-0.26899
0.0251594
0.0678586
-0.167116
NA
0.0267661
-0.171522
-0.531746
NA
NA
0.0213437
-0.530337
-0.130133
-0.231865
-0.231757
NA
-0.129904
-0.303699
-0.61155
NA
-0.00990418
NA
-0.336515
-0.161109
-0.14373
-0.0631231
-0.639827
-0.466236
0.46055
0.0847446
0.00116131
0.0129693
0.037365
NA
0.0769949
-0.584552
NA
NA
0.0760645
-0.0270269
-0.334307
-0.22291
-0.780012
0.0655448
-0.0112903
-0.00720363
-0.383857
-0.0314982
-0.447596
0.0797373
0.0523386
-0.24615
NA
-0.604086
NA
-0.0802491
0.0672948
0.0924237
-0.575108
-0.596224
-0.526269
-0.0507589
-0.544381
0.0644991
0.00871945
-0.531958
-0.116863
-0.0468796
NA
NA
NA
-0.123239
-0.543618
-0.137284
-0.474111
0.0863056
-0.640136
-0.370094
-2.61
-0.29785
-0.297584
0.0806436
-0.246109
-0.0381356
-0.0454563
NA
-0.0900031
-0.0969117
NA
-0.41604
-0.462541
0.0407499
-0.714487
0.0400699
-0.168047
0.048659
NA
-0.552645
0.0724293
-0.0137564
-0.0739121
-0.258423
0.0679085
-0.271508
-0.54719
NA
-0.0842062
0.0584346
-0.190966
0.0643937
-0.675575
-0.00242618
-0.316722
0.0816831
-0.301044
-0.0443005
NA
NA
-0.422815
NA
-0.361464
0.0603068
0.0771195
NA
NA
0.0674732
0.00104343
-0.388414
NA
-0.421816
-0.719655
-0.134979
0.00423874
-0.0132105
0.0673997
-0.0599503
NA
-0.238893
-0.105434
NA
0.0584754
-0.850739
-0.447659
-0.226373
-0.275065
0.00803251
-0.216668
-0.203896
NA
-0.453291
-0.259337
0.0144101
-0.122621
-0.382035
0.067014
0.0737011
-0.286854
-0.0188497
NA
0.0699757
0.0159287
0.047833
-0.369922
0.0855247
-0.438194
NA
-0.722178
-0.484452
0.0184083
-0.45184
-0.600344
-0.139448
-0.227196
0.0620138
-0.148704
-0.658386
-0.333457
-0.134386
0.0568725
0.11902
0.00383097
-0.455486
0.0651007
-0.375043
-0.138154
-0.367925
-0.570869
-0.478111
-0.0389198
-0.595092
-0.390733
0.0729962
-0.129438
0.0753546
0.00865088
NA
0.0994254
-0.224535
NA
NA
-0.112156
-0.180001
-0.00632668
NA
-0.358338
-0.817267
NA
-0.180616
-0.618783
-0.472379
NA
0.167675
-0.640858
-0.569093
-0.051552
-0.388246
-0.177656
-0.21591
0.0223985
-0.0112367
NA
0.0640892
NA
-0.0283639
-0.675083
-0.363101
0.0728937
-0.153954
-0.504286
-0.644705
-0.00411501
-0.0303989
0.00314182
0.0785038
-0.337368
NA
NA
-0.549303
NA
-0.586988
-0.0106574
0.0841384
-0.516556
-0.345136
-0.406016
0.0761438
0.0396656
-0.119999
0.0190927
-0.722822
0.0444815
-0.249069
0.0448736
0.0477632
0.0328627
NA
-0.450436
-0.0275465
-0.118458
-0.672536
0.0823644
0.030173
-0.510129
-0.44957
-0.373387
NA
-0.109329
0.012897
NA
-0.00336953
-0.518953
0.0483254
-0.123187
-0.540924
0.0816655
-0.393049
NA
-0.754728
-0.0508787
-0.137633
-0.260506
NA
0.0596515
NA
-0.133378
0.0327458
-0.20935
-0.0121179
-0.282108
-0.326865
-0.106634
-0.342054
-0.586013
0.0802813
-0.242415
-0.494977
NA
-0.376427
0.0104563
-0.848848
0.00553767
0.0679135
-0.0204177
-0.606205
-0.159135
-0.254322
-0.0426491
-0.838989
-0.0986171
0.0606587
-0.429285
0.373798
-0.00538271
NA
NA
0.13223
-0.658348
-0.502897
-0.351004
NA
0.0693098
NA
-0.499613
-0.0295174
NA
-0.7909
-0.180659
-0.256868
NA
-0.493721
-0.325631
NA
-0.646287
-0.028429
0.106619
0.085752
-0.200503
-0.213836
0.0163862
-0.459708
-0.369
-0.193892
0.0412812
0.122213
-0.581832
-0.227719
NA
-0.612387
NA
-0.657352
-0.353811
NA
-0.637
-0.165799
NA
NA
-0.0890644
-0.0952109
0.115139
0.0675965
0.123261
0.166832
0.0835345
NA
-0.371132
NA
0.16741
-0.499054
-0.0165434
0.0929233
-0.544923
-0.500675
-0.528833
0.0873872
0.0851616
-0.274923
0.00190678
-0.701189
-0.00485551
-0.0516972
-0.190762
0.0706113
-0.216084
0.0266943
0.120724
-1.00889
-0.532667
-0.485623
-0.163886
-0.0342481
-0.931783
-0.824075
NA
0.0440344
0.0981288
-0.0942164
NA
-0.208177
-0.159716
-0.187209
-0.381025
-0.433018
0.00220736
-0.752835
0.0672321
0.10742
-0.371319
-0.205898
-0.504047
-0.286831
-0.254828
-0.340683
-0.319993
-0.204141
-0.417697
NA
0.0706278
NA
-0.73727
-0.790777
0.0106189
-0.472851
0.0167175
NA
0.0762609
-0.521864
0.013339
-0.452517
NA
-0.149476
0.0182194
0.0670391
-0.653917
-0.408783
NA
-0.155295
-0.426393
0.103067
0.036014
0.0545037
-0.198054
0.055952
0.076632
-0.586629
-0.268306
0.0703135
0.0768285
-0.385132
-0.254744
0.109404
0.0749867
-0.659633
-0.222607
-0.413263
-3.94113
-0.0543255
-0.332636
-0.220387
0.0966708
0.0777673
-0.370333
-0.0622159
-0.0243696
NA
0.0715635
NA
-0.42455
-0.358518
-0.0248234
-0.387104
0.0784204
-0.00112003
-0.672328
0.132039
-0.366824
0.0468745
-0.237247
-0.137543
-0.0191565
-0.0484909
0.055039
NA
-0.698157
0.0953059
NA
-0.0619112
-0.382173
-0.399291
-0.203369
-0.767485
0.102838
-0.397883
-0.576831
-0.284065
-0.422464
0.419417
-0.0512409
0.0667229
-0.0968309
-0.0562986
-0.643911
-0.325678
-0.501875
-0.473233
0.0426008
0.0719041
-0.297984
-0.139687
-0.19934
0.0865079
-0.634478
-0.431512
-0.384314
NA
NA
-0.239329
-0.00900108
NA
0.07281
-0.472763
-0.483158
0.0162489
0.00294511
-0.178795
NA
0.0638452
0.0414425
-0.137612
-0.225192
0.00434463
-0.662854
0.0470748
0.0611679
-0.29796
-0.395098
0.0598217
0.0911738
-0.439587
-0.213542
-0.777746
-0.00416984
-0.307146
-0.282597
0.0615894
-0.259348
0.0641397
-0.0609607
-0.752924
-0.0492772
-0.209965
-0.157732
-0.313474
0.00127786
-0.660998
-0.0363774
-0.516831
-0.333266
-0.633021
-0.221749
-0.196235
0.0894286
NA
-0.70066
0.0709366
0.0603229
NA
NA
0.0677715
-0.111727
-0.584405
-0.197368
0.072527
0.00182223
-0.193215
-0.229756
-0.549212
-0.674266
-0.232691
0.0898863
-0.2331
0.0756968
-0.318931
-0.148117
-0.414692
0.0171807
NA
0.0601597
0.072093
-0.415502
-0.668231
0.0682529
0.0774508
0.0747236
-0.240865
0.0503111
-0.406973
-0.362105
-0.14702
NA
0.0732821
NA
NA
-0.101293
-0.261486
-0.251572
0.0801657
-0.0593541
-0.606172
NA
0.0694973
-0.617128
-0.0261
0.0448554
-0.236021
-0.522205
-0.156494
0.125062
NA
0.000208396
-0.0796094
0.147257
0.0864075
-0.215981
-0.0975713
-0.000706306
-0.245115
-0.412293
-0.477286
-0.0294738
-0.464774
-0.624998
-0.355652
0.0207393
-0.691624
-0.529553
-0.409165
-0.480169
0.0215843
-0.160761
-0.493448
0.0566269
-0.0986775
-0.00435931
0.0338124
0.0669815
0.0856329
NA
-0.097028
-0.321314
-0.413547
-0.52546
-0.476397
-0.719713
-0.796743
-0.0073912
0.0266709
0.0644361
-0.632999
NA
0.0545946
-0.513397
-0.41765
0.0598781
0.0541379
0.063713
-0.438921
NA
0.0430441
0.231402
NA
0.0137757
0.0597697
0.0772855
-0.000677705
-0.728069
-0.215984
-0.344985
NA
-0.189648
0.0351807
-0.190778
0.0434264
-0.361408
NA
-0.00844619
0.0686697
0.0753871
0.067173
-0.899829
-0.397053
0.0134992
NA
-0.2836
0.0437318
-0.284742
0.0676453
-0.265079
-0.134634
-0.748562
0.732047
-0.705194
-0.0243121
NA
-0.320184
0.078525
-0.912208
0.0597041
-0.623198
-0.204447
-0.224181
-0.174007
-0.708259
NA
0.0730407
0.00352007
-0.902234
0.0813273
NA
-0.573745
NA
-0.00209393
NA
0.0841577
NA
0.0803028
0.0455257
NA
-0.784234
-0.950533
0.0681392
0.00831613
-0.313996
-0.22916
0.08184
NA
-0.0755314
0.0230677
NA
-0.199941
0.0427006
0.0773012
-0.143809
0.00758447
-0.178598
-0.610943
0.0498289
-0.197924
0.0228711
-0.0954532
-0.261405
NA
-0.0324373
-0.0783786
0.0744394
-0.116212
-0.0816459
-0.0773477
0.0938986
0.0419451
0.06256
NA
-0.24255
0.109522
-0.0895452
0.0364524
0.104505
-0.0444317
0.0707883
-0.610048
-0.00985611
-0.211678
-0.423061
0.0398422
-0.305482
-0.317352
-0.378608
NA
-0.326344
-0.350373
-0.34462
0.0283351
-0.58254
0.185662
-0.358882
-0.0955318
-6.027
-0.0112915
0.0716235
-0.120858
0.107276
-0.0632757
-0.382037
-0.528352
-0.479034
0.0671311
-0.133363
-0.373072
-0.488486
0.175185
-0.174226
-0.716375
0.04373
-0.269959
0.00818975
-0.239577
-3.94035
-0.614383
-0.235286
-0.0373834
-0.691974
0.0720003
-0.565597
-0.413518
-0.179604
-0.446475
-0.529993
-0.305473
-0.21656
-0.314653
-0.36485
-0.654034
-0.700854
NA
NA
0.0527814
-0.159313
-0.797938
0.0833578
NA
-0.397639
-4.31217
0.0294093
-0.0507845
-0.0175173
0.137027
0.0672563
0.0718367
-0.382712
-0.468249
-0.246408
-0.272952
-0.188773
-0.45499
-0.309586
0.0518968
0.0167438
0.117449
-0.571738
0.0209182
-0.344597
-0.154799
0.120974
0.0328129
-0.601244
-0.0563858
0.0666225
NA
-0.0111834
-0.401427
-0.285554
-0.860088
0.0965981
-0.683864
NA
NA
0.0589929
-0.588769
-0.147955
0.0464431
-0.60432
NA
0.101398
-0.105442
0.0285296
NA
NA
0.0574246
-0.470783
-0.104982
-0.0818738
-0.39682
-0.0671744
-0.296938
0.0454752
-0.0545081
0.0919009
-0.524745
0.0947401
-0.294662
-0.480556
-0.582596
-0.32739
-0.754185
0.00308761
0.0459444
NA
0.179678
-0.0274782
NA
NA
-0.168114
-0.574639
-0.443025
-0.760048
-0.556586
-0.172033
0.0720847
-0.574702
0.0620974
-0.272278
-0.46608
0.0714577
-0.181137
-0.59333
0.096809
0.0364835
-0.310869
NA
0.0679047
-0.112089
0.0642668
-0.364505
-0.587905
-0.333324
-0.369586
-0.170484
-0.632258
-0.017351
0.0591109
-0.0917749
0.0588529
-0.0488759
0.0446476
-0.424253
-0.630723
NA
-0.482478
-0.530039
NA
-0.508986
-0.203714
NA
0.0822486
-0.567185
NA
-0.309382
0.0402921
NA
0.0360188
0.0413866
-0.0423701
-0.574015
-0.766206
-0.247637
NA
0.020439
-0.450743
-0.0868834
NA
0.046977
-0.607571
-0.350776
NA
-0.201281
-0.11014
0.0910042
-0.359593
-0.174666
-0.738664
0.0704136
-0.505094
0.0797483
-0.399601
-0.438823
-0.290995
0.0622006
0.163005
-0.3345
-0.120323
NA
0.0485986
-0.20099
0.00411408
0.00313706
-0.156091
-0.0519473
-0.233908
0.081517
0.0705005
-0.136215
-0.959169
NA
-0.142682
-0.574935
0.0437251
-0.285382
-0.386963
-0.0985305
-0.754983
0.0836884
0.0688258
-0.477339
-0.0780999
-0.572089
0.0508459
0.01726
NA
-0.625255
-0.0346113
-0.128054
-0.230802
0.0619218
-0.111779
0.108608
-0.0406137
-0.0723058
0.0659713
0.0836391
0.0119507
0.0428754
-0.0405446
-0.350817
-0.396635
-0.121679
NA
0.00501201
-0.873928
-0.623568
0.0662907
0.0495197
-0.29933
NA
-0.277263
-0.434369
-0.585354
-0.210379
-0.174452
-0.335639
-0.174062
-0.333375
NA
-2.73468
0.0145525
-0.217704
-0.63311
-0.266189
0.0630004
-0.760355
-0.0464674
-0.204002
-0.134961
-0.00402661
NA
-0.336243
0.0271836
-0.00969311
0.0449949
0.0269134
NA
-0.607558
-0.0914737
NA
-0.114048
NA
0.744628
NA
0.0236811
NA
0.0785768
-0.226505
NA
-0.249767
0.0464602
-0.141701
-0.614561
0.0650206
0.076271
-0.379814
-0.24085
-0.0236072
NA
0.336833
-0.43452
NA
NA
-0.0121707
-0.0217679
-0.2255
-0.121941
0.0597055
0.0394449
-0.101144
-0.264692
0.0675952
-0.106545
-0.405231
-0.400382
-0.435312
-0.576881
0.0792362
-0.171099
-0.36356
-0.67608
-0.080883
0.239039
0.070735
-0.0610297
-0.247007
-0.940947
0.0602276
NA
NA
-0.064194
NA
0.0834586
-0.176571
NA
0.0528228
-0.193254
NA
-0.471242
-0.0696499
0.11198
-0.167892
NA
0.0795612
-0.161606
-0.0422923
-0.367454
0.0222068
NA
-0.108943
-0.226783
0.0456428
-0.304224
0.0641566
NA
-0.00176869
-0.175818
NA
-0.167718
-0.381546
-0.974617
-0.241579
0.00627103
-0.597471
0.0571514
0.0631261
0.102036
-0.170021
-0.0756215
0.0826009
-0.117155
-0.543753
-0.218997
-0.611904
-0.53264
-0.583901
0.0832442
0.0830128
-0.521315
-0.0257703
-0.43253
0.0164715
0.0480759
-0.499231
-0.0491594
-0.72365
-0.230897
-0.658894
-0.182338
0.0891307
-0.523455
-0.253174
-0.516657
-0.207516
-0.366498
-0.348937
-0.540315
0.0464175
-0.70907
0.00115362
0.0580756
-0.566215
-0.121738
0.0199102
-0.180271
-0.506093
0.0573199
-0.654638
-0.16443
0.00252149
0.0519385
0.0412269
0.0138745
-0.63347
-0.399966
0.0937958
-0.455736
-0.132385
0.073029
-0.387082
-0.090752
NA
-0.459088
0.102504
-0.117652
0.0628358
NA
-0.362848
-0.849758
0.167939
0.0455319
-0.720214
-0.100372
0.00457624
-0.484009
-0.049437
0.0481767
-0.0767665
0.0822717
-0.356668
0.0618914
-0.143948
-0.669004
0.012086
-0.00693893
-0.701805
0.0156414
-0.528113
-0.421553
-0.0790539
0.0759869
NA
-0.366803
-0.138057
NA
-0.592914
0.117748
-0.590099
0.0514232
-0.264354
0.0683528
-0.499615
-0.192794
-0.0441419
NA
NA
0.0207116
-0.28797
-0.755979
-0.609771
-0.170236
-0.600679
0.101128
-0.0561756
-0.738918
0.0683278
0.0549279
-0.325599
NA
-0.59089
-0.206863
-0.146285
0.0457394
-0.296804
NA
-0.184083
-0.00432234
-0.441781
-0.647216
NA
-0.0267666
-0.520449
-0.509668
-0.497899
-0.335265
-0.280513
NA
0.11833
-0.876942
0.0392375
0.0678167
-0.629778
-0.520229
0.130653
-0.375608
1.12164
-0.194773
0.108755
0.0490725
0.129132
-0.0152011
NA
-0.0710359
0.0784564
-0.900257
-0.0205478
-0.434004
-0.908624
-0.619181
-0.643933
-0.461535
-0.253754
-0.745555
-2.37452
NA
-0.139866
-0.593337
0.148466
NA
0.0717179
-0.57883
-0.0646256
-0.286496
0.043218
0.0738458
-0.745207
-0.333695
0.0645009
-0.626261
-0.622874
-0.428098
0.110294
-0.584655
NA
-0.460424
-0.351565
0.114
-0.57078
-0.0885532
-0.133522
0.0548876
-0.327104
0.0800362
0.0239983
-0.445913
0.0459636
-0.0713776
0.0367585
-0.25413
NA
0.0449231
-0.119974
0.0646711
-0.534123
-0.615247
-0.367494
NA
-0.161631
-0.00989124
NA
NA
-0.413208
-0.237723
-0.513179
-0.21711
-0.611938
-0.106317
-0.250681
-0.133807
-0.0296895
-0.360197
-0.650316
0.0459015
-0.703003
-1.03467
-0.0241247
NA
0.0685764
-0.113571
-0.327187
-0.427564
NA
-0.253204
-0.124785
-0.562172
-0.307997
-0.00210114
-0.216427
-0.091814
0.0468747
-0.271876
-0.353821
-0.0288118
-0.295554
-0.729263
-0.370238
-0.0541717
0.0557583
0.07
-0.458554
-0.175449
0.0308378
-0.462887
-0.363546
-0.300752
-0.0244486
0.0266823
NA
-0.157728
0.0933912
-0.28549
0.0609
0.10522
-0.126103
-0.594836
-0.0597046
-0.482697
0.0663136
-0.371331
0.00519397
0.0936533
-0.0978739
-0.341907
-0.0657861
-0.319863
-0.145956
-0.529347
0.0579323
-0.333921
NA
-0.739079
-0.389223
-0.448532
-0.147486
0.044381
-0.497295
0.177913
0.0701366
0.0820098
-0.133885
-0.0912862
-0.617072
NA
-0.00550559
-0.230285
-0.0993199
-0.931709
-0.239476
-0.684562
NA
-0.34012
0.066969
-0.235263
0.0441942
0.0455225
-0.268037
-0.573391
NA
0.0745635
0.0572129
-0.523758
0.0309037
-0.120926
0.00614355
0.0676988
-0.143009
-0.421088
NA
-0.518368
-0.308506
-0.574855
-0.575005
-0.48815
-0.551652
-0.0536239
-0.432645
-0.557088
NA
-0.300103
-0.242687
-1.00965
0.0518
-0.838529
0.134559
-0.60787
NA
0.107288
-0.346982
-0.43574
-0.0298895
-0.262308
-0.226726
0.0558795
-0.506647
-0.223689
-0.628462
-0.312042
-0.157574
-0.278574
-0.230933
-0.0785714
-0.111276
NA
-0.322472
-0.105905
NA
0.0753521
0.057634
-0.0944814
NA
NA
-0.133048
0.070341
-0.736198
0.0942375
-0.133903
0.0479855
0.209489
0.125013
0.0767802
NA
-0.758535
-0.601508
0.0834111
0.051617
-0.135419
-0.360182
-0.216032
-0.384575
-0.068223
-0.193475
-0.614136
-0.641231
-0.0569769
NA
0.0464509
-0.0187747
0.0330477
NA
0.134481
-0.441716
0.0539425
-0.00509456
0.0658084
0.0448738
-0.676624
-0.660322
-0.235998
-0.00906413
0.0176951
-0.0437867
-0.45189
-0.236013
0.0354415
-0.837504
NA
0.0775671
-0.280429
0.0425805
-0.115771
-0.568186
0.0772124
-0.225712
0.0163754
NA
-0.0249601
-0.223021
0.0650241
NA
-0.394145
-0.386352
0.079993
-0.4634
-0.398236
-0.241963
NA
-0.164874
0.0260632
-0.551597
-0.404922
-0.46895
0.0446401
NA
-0.180832
0.0533267
0.0615511
0.0670749
-0.503484
-0.354613
-0.340014
-0.134221
-0.209599
-0.509144
0.0734686
-0.171346
-0.413169
-0.330356
-0.36895
-0.225234
-0.907366
-0.498971
0.0544922
NA
-0.296885
0.069034
0.0663762
0.0845816
0.0759609
-0.654934
NA
0.0512325
0.0896364
0.0870692
-0.166682
-0.455671
-0.00373439
-0.306516
-0.381822
-1.03562
0.0740907
-0.426956
-0.247507
0.0334752
-0.00607877
0.0789553
0.0466716
-0.0153865
0.066115
0.0610499
0.099009
0.0385333
-0.033834
-0.0394271
-0.808127
0.0794419
0.09964
0.0455412
0.0576829
NA
0.0976415
-0.320357
-0.078154
-0.537783
-0.180308
-0.120639
0.0681618
-0.0648245
-0.703737
-0.76184
-0.108878
0.0687911
0.0573477
0.273853
0.139164
-0.127663
-0.726128
0.069059
-0.625877
0.069537
-0.276765
-0.474162
0.0148179
-0.0538884
0.0576138
-0.533087
-0.168563
-0.453842
0.017326
-0.608861
NA
-0.141464
0.0729876
-0.254435
NA
-0.0655378
0.0696824
-0.0463419
NA
0.0212595
-0.311394
-0.391914
0.189053
-0.338627
-0.562754
-0.0447112
-0.80362
-0.661351
-0.0937779
-0.150839
-0.736403
-0.40578
-0.0443919
-0.477835
0.0437685
-0.110032
0.0813973
-0.480404
-0.666882
-0.0270842
-0.152917
-0.0563937
-0.00808536
-0.516317
-0.0394761
NA
-0.771085
0.0314813
0.0781948
-0.0548457
-0.345925
0.119268
-0.313668
-0.152589
-0.524833
-0.217178
0.105783
NA
-0.161286
NA
0.015462
-0.404272
-0.112245
-0.119057
NA
-0.488105
NA
0.044791
-0.113962
0.0690613
0.0844456
-0.677228
NA
NA
-0.418131
-0.0100796
-0.381647
0.0756468
0.0559078
NA
-0.35403
-0.349105
-0.36579
0.0329969
0.022723
NA
-0.147449
-0.480717
NA
0.135739
-0.00516026
0.0627573
-0.13502
0.0760941
-0.101735
-0.447423
0.0985543
-0.00291022
-0.470397
NA
-0.239355
-0.491181
0.0890288
-1.2149
-0.00485224
NA
NA
-0.296296
-0.0089079
-0.145024
0.0401879
0.0179548
0.129002
-0.374458
-0.663883
0.0622285
NA
-0.268407
-0.664812
NA
-0.231578
0.0472418
-0.198461
0.0714859
-0.505332
0.0130734
0.162152
0.0644313
-0.278602
0.0509928
-0.183388
0.0365564
-0.340499
-0.153398
NA
0.0795624
-0.621848
0.0294809
NA
-0.184045
-0.749337
-0.282696
0.0775186
-1.225
-0.509601
-0.0331077
0.0755381
-0.237011
NA
-0.0935009
-0.0739701
-0.349647
-0.0501952
-1.10053
-0.125342
-0.248474
-0.542213
-0.0919197
-0.0865659
-0.272312
-0.360443
-0.0114151
-0.283653
-0.161617
-0.151215
-0.677462
0.0379972
-0.24831
-0.70865
-0.0452426
0.0288791
-0.171275
0.0663922
-0.224834
-0.140194
0.0651509
-0.277369
0.0193303
-0.107182
-0.113413
-0.229267
NA
0.073719
-0.133942
0.0874041
-0.267146
0.0697775
NA
0.0890152
-1.00225
0.0975422
0.0618921
0.0508873
-0.394229
-0.107661
0.0671154
-0.530172
-0.283721
-0.459747
-0.110913
0.0767187
-0.496164
-0.258594
NA
NA
0.0669085
-0.587389
-0.424451
-0.100363
NA
0.0360749
-0.388455
0.0613398
-0.491459
-0.478237
0.0455534
-0.09768
-0.265902
-0.234561
-0.555494
-0.214157
-0.0844253
-0.72045
0.0765268
-0.179479
0.0803537
-0.015801
-0.0134169
-0.542327
0.280311
0.078331
0.0286445
0.0733785
NA
0.0966108
0.00162437
-0.630214
NA
-0.0809896
0.0769081
-0.0214057
0.0569084
0.0562214
NA
-0.254941
0.0205698
-0.110308
-0.537681
-0.689016
0.0572602
0.0791341
-0.298396
-0.180665
-0.242373
NA
0.0871927
NA
0.0571486
-0.0620263
0.0589138
0.0254321
0.0728281
-0.546763
-0.766202
NA
-0.399271
-0.574452
0.0694869
0.0306798
NA
-0.0938282
0.0619506
-0.499495
-0.50886
-0.342162
-0.339204
0.0428516
-0.119245
-0.145218
-0.496768
-0.115126
-0.407277
0.13156
-0.243801
0.00317508
0.0484565
-0.125602
-0.0239415
-0.0813337
0.106943
-0.431986
0.0739969
-0.102874
0.0113551
0.0497553
-0.0179617
-0.323572
0.0142334
-0.111313
-0.632551
-0.296739
-0.452544
0.0727949
-0.282434
-0.290599
0.0794713
-0.680683
-0.0277747
0.0875702
0.115888
0.0325351
-0.647816
-0.0378748
-0.220957
0.0353801
-0.0792065
0.00015071
NA
NA
-0.205382
0.0555949
-0.522159
0.0438229
NA
-0.179336
-0.218124
-0.267468
0.253202
NA
-0.405441
-0.548377
NA
-0.527294
-0.427148
-0.159725
-0.397085
0.0607175
-0.221719
0.0750503
NA
-0.0953134
-0.929908
0.0798033
-0.70546
0.0393838
0.081537
-0.326479
-0.00348582
0.087872
-0.020253
-0.98444
NA
-0.255294
-0.123437
-0.00160456
-0.0217293
-0.296029
-0.25284
-0.210255
-0.724793
-0.488504
0.00331748
-0.189626
-0.0579893
-0.141839
-0.366734
0.0767354
0.0837834
-0.0304699
NA
NA
-0.118235
-0.269436
0.0520642
0.125989
NA
-0.696213
0.0322807
-0.0419566
NA
-0.190363
-0.494507
-0.240799
-0.342331
NA
NA
NA
0.0458425
0.0688243
-0.520168
-0.57374
-0.212379
-0.218203
-0.107589
-0.199058
-0.571451
NA
NA
-0.0120857
-0.0957011
-0.577008
-0.0766958
0.354833
0.0451696
-0.127717
-0.309703
-0.0193582
-0.287487
-0.386422
NA
-0.293793
-0.419261
0.0653118
-0.923408
-0.124384
0.0601479
-0.380357
0.0705347
-0.19812
-0.97626
-0.289675
NA
0.100531
0.138917
-0.236412
-0.125056
0.208075
0.0288925
-0.514042
0.0678795
-0.645382
-0.537289
0.0484702
0.0518768
NA
-0.0631857
-0.725256
NA
-0.410152
0.094792
-0.233651
-0.394211
-0.0105385
-0.222005
NA
-0.360668
0.150144
-0.0619091
0.294647
-0.182896
0.0921487
-0.80565
0.0736519
0.0457205
0.0217965
0.0534605
0.0594677
0.0746086
-0.488867
-0.405861
-0.695605
NA
-0.270652
-0.640225
-0.584925
0.0429224
0.064034
0.060391
-0.392145
0.0417993
-0.37143
-0.156813
-0.422187
-0.546526
-0.126679
0.051481
NA
-0.178584
NA
-0.0610588
NA
-0.176606
-0.797808
-0.00993018
-0.171498
-0.384014
-0.519968
-0.0716538
-0.297203
0.0190204
NA
NA
0.0472503
-0.0110037
-0.642212
0.281156
-0.130281
-0.351031
-0.119481
-0.472548
-0.211598
-0.640685
-0.964707
-0.276768
-0.576047
0.073473
0.0649164
-0.283727
0.0969797
0.0415377
-0.054192
-0.213211
-0.262313
-0.565355
-1.01323
0.0735563
-0.464681
NA
-0.0339273
0.0747575
-0.635648
0.0332478
0.111436
-0.484078
-0.355567
-0.673797
0.0418286
0.0750006
-0.1919
NA
-0.393483
0.0556933
0.0447391
-0.334628
-0.00119689
-0.24018
0.129028
-0.0745659
-0.000940604
NA
-0.496189
0.0479818
-0.299665
-0.381509
-0.140972
0.112358
-0.409698
NA
-0.724696
-0.254215
-0.339313
-0.0443768
0.00169822
-5.766
0.0956807
NA
-0.596518
0.0556228
0.0450519
-0.0201938
0.00411502
-0.303212
-0.352877
NA
0.0468487
-0.272266
0.0860473
-0.363907
-0.584832
-0.25505
-0.320234
-0.360788
NA
-0.154767
-0.0778311
0.000130753
0.0221508
0.0450191
NA
-0.0757995
-0.583346
-0.443813
0.0949295
-0.531136
-0.524604
-0.0472714
NA
-0.45034
-0.474433
-0.104666
-0.628827
-0.425604
0.163422
-0.0308828
0.0259772
0.0272468
-0.288568
-0.691863
-0.378319
-0.0158662
-0.321162
-0.330073
0.0406352
-0.139472
-0.240499
-0.31729
NA
0.0741218
0.0304
-0.523839
-0.114758
-0.661213
-0.323251
-0.641521
0.0674757
-0.366433
-0.104404
-0.552376
0.0705365
0.15496
-0.36149
-0.150395
0.172614
0.0773981
-0.00759337
-0.037817
-0.0477879
NA
NA
-0.103847
0.096269
-0.628885
0.249546
0.0807835
-0.133293
NA
-0.580896
NA
-0.0385549
-0.0339732
-0.54353
NA
-0.548228
-0.501271
0.185528
-0.0264029
-0.220641
-0.258981
0.0879165
-0.222957
-0.289871
0.0802568
-0.5484
-0.655617
NA
0.0717975
-0.204724
-0.407071
0.0894851
-0.264638
NA
0.0202994
-0.321781
-0.519236
-0.0481569
-0.162192
-0.413215
0.0743393
0.0663434
-0.270986
0.0719357
-0.344254
0.0311492
-0.132805
-0.162588
NA
-0.397361
-0.525778
0.0697082
NA
-0.0779102
-0.844695
-0.278955
0.0422892
-0.0596148
NA
-0.414505
-0.382693
-0.269138
0.276867
0.0430139
-0.0410381
-0.431345
NA
-0.37218
-0.759723
0.302856
NA
-0.577837
-0.582149
-0.724966
0.0708589
0.068075
-0.305605
0.0891499
-0.102796
-0.437208
-0.687727
0.0782135
0.0193176
-0.191262
0.0816547
-0.301815
NA
-0.592103
0.071188
NA
-0.444895
0.0331985
-0.561482
-0.306232
0.0833195
-0.623048
-0.0516848
-0.638663
0.0387054
0.072935
-0.138157
-0.68247
0.0164419
-0.0830426
0.0909302
-0.130875
0.0566864
0.0701204
-0.221337
-0.385053
-0.167243
-0.243274
-0.430495
-0.353376
-0.703141
-0.399128
-0.704022
NA
NA
NA
0.0205863
-0.429336
0.072646
-0.128885
-0.479307
-0.415588
0.0248696
0.0993706
-0.0376848
NA
-0.291008
0.026798
-0.838257
0.0444506
-0.189777
0.0755478
-0.0936307
-0.252564
0.0379181
-0.432038
0.107301
-0.453526
0.105094
0.382019
NA
0.0476487
-0.300195
-0.152759
-0.6015
0.0428171
-0.0807506
-0.244372
0.0174741
NA
0.0686441
-0.503341
-0.102613
-0.770377
-0.5178
NA
-0.0766125
-0.468614
-0.839036
-0.0180765
0.0737348
NA
-0.209451
-0.589939
0.073159
-0.61743
-0.625982
-0.107318
-0.188876
-0.4706
0.0760671
-0.0819073
-0.374763
-0.413308
0.0468214
-0.106742
-1.05077
-0.75415
-0.569935
0.0738032
NA
0.0445049
-0.33787
0.0488505
-0.253478
-0.566894
NA
0.0922275
-0.516306
-0.495117
NA
0.0688381
-0.607404
0.027967
-0.808014
0.0836775
0.0611072
NA
-0.404865
NA
-0.594602
-0.180993
NA
0.0735525
-0.674801
-0.404913
0.0436168
-0.480045
0.0782529
0.0248598
-0.247214
-0.171066
0.080289
0.0706522
0.0782889
0.0642368
-0.296501
-0.0362563
0.0341082
0.0151918
NA
-0.679557
0.0311755
0.080355
0.0458638
0.0263505
-0.134289
-0.114083
-0.0411061
NA
-0.645696
-0.177394
0.0267412
-0.682188
0.0970086
-0.043259
-0.589315
NA
NA
0.161943
-0.635219
-0.0963712
0.0509371
-0.504368
NA
-0.0788117
NA
-0.460049
NA
NA
0.067354
-0.193675
0.0562906
0.0633651
-0.00800742
-0.0440971
0.0561491
0.039802
-0.105341
-0.0460113
-0.432109
0.0646913
0.00156113
0.000637225
-0.416811
-0.0933029
-0.397904
NA
-0.88263
-0.550872
-0.283586
0.107312
-0.0570003
-0.159357
0.0334016
NA
0.0392783
-0.111844
0.0297432
0.0934872
0.111616
0.0854227
-0.293865
-0.303677
-0.206215
0.0692853
0.0104512
-0.693884
-0.132902
-0.211402
0.0901283
0.0617446
-0.825677
0.048383
-0.414572
-0.509246
-0.602366
-0.095593
0.0729379
NA
0.059913
0.0488387
-0.318406
0.0860384
0.0376205
0.0409609
-0.0593427
0.0903537
0.0892829
NA
-0.353281
-0.146165
0.166922
-0.175096
NA
-0.196755
-0.0655499
-0.69356
-0.598647
0.0666291
NA
8.93648e-05
-0.419215
-0.582636
-0.145129
0.0137622
-1.23149
-0.766584
0.0580088
-0.527947
-0.643
-0.612111
NA
-0.192886
-0.18256
-0.373424
0.0764131
-0.496443
-0.0964845
-0.69759
-0.0199927
0.124194
0.0462921
-0.00562226
-0.451738
-0.171121
0.0637528
-0.215822
0.0437111
0.017513
-0.191479
0.072212
0.0710356
-0.655206
-0.309851
-0.375354
-0.363324
0.0790148
0.0170985
0.0693198
-0.136902
0.0735112
-0.0907436
-0.622593
-0.678672
NA
-0.115204
-0.0338873
-0.0901337
-0.717569
0.026198
-0.233467
0.0662793
NA
0.107919
0.105226
0.0707016
NA
-0.514515
0.0640881
0.0714833
-0.24864
0.11591
0.0451757
0.0435103
NA
-0.395065
NA
NA
-0.08552
-0.163732
-0.447515
0.0836499
-0.496844
-0.0360032
-0.346095
-0.146484
-0.67707
-0.630964
-0.231788
-0.283539
-0.159998
0.0437108
-0.412112
-0.677083
-0.769774
0.0492539
NA
-0.0159943
-0.1406
-0.621681
-0.511218
-0.372178
NA
NA
0.0706986
0.0284261
0.106957
0.0899213
-0.248645
-0.576124
0.0844587
-0.709791
NA
0.0682891
NA
-0.086292
NA
-0.0781107
-0.807339
0.0463175
-0.010908
NA
-0.120426
-0.308465
-0.066877
-0.325336
0.0188817
-0.664904
-0.311981
-0.251021
0.0742582
NA
0.00531955
-0.135614
NA
-0.385268
-3.51
-0.510571
-0.32839
-0.441681
-0.06457
-0.121983
-0.0825118
0.185935
-0.153778
-0.214127
-0.396405
-0.505994
0.107175
0.0729541
-0.331969
NA
-0.557846
-0.265615
-0.731775
NA
NA
-0.387201
-0.260996
-0.449997
-0.39856
-0.209657
-0.429606
NA
0.0443296
NA
-0.0625509
-0.288652
-1.06312
-0.363241
-0.646988
-0.205192
NA
-0.201319
-0.324736
NA
-0.318643
0.0807192
-0.70329
0.076206
-0.442363
0.0536169
-0.452685
-0.294947
-0.0601084
-0.622087
-1.15139
NA
-0.262575
-0.0513404
-0.204481
-0.341781
0.0943146
-0.608451
-0.433293
0.0466562
0.0646665
-0.500274
-0.190054
0.0434089
0.0761928
-0.369996
-0.995752
-0.264631
-0.523771
-1.04041
NA
NA
-0.633855
NA
-0.266813
-0.407277
-0.109496
-0.0445725
-0.424913
-0.413431
-0.301182
-0.117296
0.0750747
0.0198116
0.0398097
-0.109846
-0.348307
-0.317402
-0.291151
-0.0882806
-0.18561
NA
-0.286911
-0.0741163
0.169704
0.0136319
0.256279
-0.524833
-0.217478
NA
-0.58661
-0.277091
-0.150085
0.0656162
-0.232013
-0.549648
0.0948153
-0.00817574
0.0737996
-0.562156
-0.0529768
0.218022
0.0721879
0.115903
-0.302408
-0.404191
NA
0.095586
-0.0449514
-0.239345
0.035728
-0.269177
0.0784174
-0.359999
0.0465867
-0.471506
-0.603088
-0.444115
-0.424017
0.515
0.0476723
-0.591973
-0.0469571
-0.00853936
-0.512313
-0.613192
NA
0.0820904
0.0693911
NA
0.0757363
0.0563861
0.071483
-0.00528969
-0.258532
NA
-0.0896211
-0.239809
-0.358546
0.000477192
0.0406567
NA
0.0464489
0.0448668
-0.495244
-0.310216
-0.0026437
-0.165373
-0.379392
0.0684083
0.0757462
-0.0267191
-0.402586
-0.319265
0.0872479
-0.309765
-0.0465729
0.0743157
-0.387154
-0.168851
0.0915744
-0.537149
NA
-1.47813
0.0184411
-0.156466
-0.284657
NA
0.066007
-0.244559
-0.623852
-0.00884015
-0.243487
0.181043
-0.800489
0.0845293
0.0927008
-0.785839
-0.30498
NA
-0.00278991
NA
-0.398202
-0.227095
-0.75241
-0.457188
0.0673222
-0.326553
0.147788
0.0646106
-0.170375
0.0710071
NA
-0.155793
NA
-0.579126
-0.521373
-0.961816
-0.303227
-0.0335645
0.118405
NA
0.0690817
-0.37622
0.0733563
-0.509907
-0.800997
-0.0287362
-0.257096
NA
-0.975556
NA
-0.0349837
-0.22915
-0.277321
-0.560688
-0.0319971
0.0726576
-0.215844
0.0167073
-0.330402
NA
0.0504421
-0.831691
0.0129212
0.110489
NA
-0.16809
-0.346409
-0.164965
0.0784487
0.0730556
NA
-0.491272
-0.0397796
-0.606119
-0.0196683
0.0733596
NA
-0.239073
0.0449848
NA
0.0605157
-0.262841
-0.504121
-0.0473553
-0.369272
NA
-0.357326
-0.372151
-0.856082
-0.832665
-0.730705
-0.567694
-0.194443
NA
-0.392629
-0.0047178
-0.514278
NA
-0.642911
-0.557353
-0.435137
-0.204274
NA
-0.401852
-0.118443
-0.33745
-0.393911
-0.00143553
-0.297559
NA
-0.567226
-0.61547
0.0708611
-0.108905
-0.0511595
0.0183905
-0.322245
0.099481
0.0556311
0.0503763
-0.279641
-0.322424
0.0684356
-0.60135
-5.06173
-0.565984
-0.111715
-0.337467
NA
-0.269741
0.0425795
-0.149493
0.0245183
-0.612053
0.020884
-0.331158
-0.415844
-0.176003
0.14879
NA
-0.599558
0.0644413
0.10157
-0.183426
0.149145
0.0643823
NA
-0.74501
-0.411796
-0.637284
-0.497265
0.050278
0.036175
0.0753985
-0.277961
-0.782934
0.0507168
-0.5627
-0.0951607
NA
0.0249269
-0.184612
-0.456056
-0.0583428
-0.606585
NA
-0.393098
-0.228398
-0.256526
0.0465293
0.0439136
NA
-0.514349
-0.348706
0.077783
-0.372561
-0.303401
NA
0.0446735
0.0447144
NA
0.0752787
NA
0.0577169
-0.0416528
-0.531313
0.0438303
0.0524268
-0.441792
0.0581091
-0.0697514
-0.650048
-0.365833
-0.565978
0.0276985
-0.0165369
-0.0580479
-0.0824445
-0.000930689
0.0197062
NA
-0.54579
-0.101636
-0.363327
0.0133569
0.0773187
0.00607979
-0.181976
-0.08746
-0.558063
-0.171477
NA
0.129542
0.0963236
-0.560835
-0.0869161
-0.449096
-0.136692
0.0666289
-0.471776
-0.00716596
-0.463088
-0.352913
-0.538262
NA
-0.579633
-0.00209914
-0.700304
0.0934132
0.0268879
NA
-0.164442
NA
-0.456091
-0.479
-0.13883
-0.245252
-0.240659
-0.179326
0.0448413
-0.141121
NA
-0.165574
-0.290484
-0.339862
-0.372401
NA
-0.477375
0.0425232
-0.0568521
0.0860646
-0.31237
-0.51811
-0.262728
0.078711
-0.170659
-0.0946412
-0.280418
-0.185805
-0.110416
0.0680689
NA
-0.0870188
-0.0229192
0.0854254
-0.147815
-0.138867
-0.465089
-0.440562
-0.866327
-0.215174
NA
-0.257786
-0.145623
-0.588627
-0.770399
0.0630266
-0.0430139
0.0737146
-0.124994
0.122537
-0.100911
-0.0855753
0.0216575
0.0717451
-0.0148759
-1.30334
0.0778052
-0.0310812
0.0666983
-0.164879
-0.542631
0.0475974
-0.478967
-0.0641831
NA
-0.258339
-0.133626
-0.0609576
-0.615304
-0.557393
-0.313789
0.0486624
-0.322715
-0.883071
-0.331218
-0.0439003
-0.0772918
NA
-1.66645
0.0743927
-0.727578
-0.69785
0.101191
NA
0.110314
0.0383269
0.314879
-0.703159
0.0158583
0.2121
NA
0.0435192
NA
-0.109158
0.0385206
-0.602589
NA
-0.20599
-0.530448
0.269214
-0.0760158
-0.00659487
-0.247376
0.0167681
0.0833623
-0.134163
0.0185548
0.0336482
-0.544171
-0.0546993
-0.553684
0.0814962
-0.191086
NA
0.0829224
-0.171037
NA
-0.22164
-0.0812141
NA
-0.0432445
0.0750601
-0.587935
-0.573293
-0.146365
-0.507804
-0.56855
0.0664282
-0.345397
-0.193669
0.0392212
-0.558777
-0.253735
-0.617674
0.0709466
-0.280944
0.0712326
0.0497265
0.107307
0.0598523
NA
-0.643802
-0.33357
-0.593487
-0.548497
-0.0496344
0.0590535
-0.512198
-0.00150184
-1.00233
-0.402623
NA
-0.15876
-0.278668
-0.0426906
-0.490115
-0.381235
NA
NA
-0.0967275
NA
-0.0746513
-0.302689
-0.473881
0.0536419
NA
-0.725498
-0.47703
0.0464543
NA
-4.88906
-0.0134305
0.0623511
0.289576
-0.162658
0.0278189
NA
0.0954478
0.0192331
-0.521221
-0.152188
-0.40608
NA
NA
-0.406747
-0.293958
-0.64477
-0.423689
-0.784387
-0.859929
-0.580159
0.071004
-0.50841
-0.18708
-0.132253
0.0596859
-0.0754166
0.0570637
-0.425612
-0.618979
-0.648189
0.0619124
0.0444329
-5.99083
-0.152207
-0.00756999
-0.19231
-0.203117
0.0445472
0.0571742
-0.438335
-0.447057
0.0451092
-0.217853
-0.103932
-0.769192
NA
0.0328673
0.0838662
0.080336
-0.404321
-0.328617
-0.430043
0.0913958
-0.276778
-0.17175
NA
NA
NA
