-0.332691
0.0208567
0.0851245
-0.152166
-0.0928784
0.075076
-0.291876
-0.373569
-0.860355
0.0773441
0.0646543
-0.717065
-0.485529
-0.64745
0.078686
-0.0632359
NA
-0.424917
NA
NA
NA
-0.162742
-0.362873
-0.242238
NA
-0.359969
NA
-0.205733
-0.414494
NA
NA
-0.225398
-0.707734
-0.0662733
NA
-0.0800074
0.0732691
NA
0.0399765
-0.331024
0.0443694
0.0251608
0.0708629
0.0712242
-0.383952
NA
-0.59695
0.025626
-0.514909
0.0317908
-0.178227
-0.379098
-0.101875
-0.445206
-0.323974
0.0730645
0.0490124
-0.647839
0.0928725
NA
-0.553347
-0.325467
-0.00106419
-0.416247
0.0793094
0.0440553
-0.0995397
NA
0.0673431
-0.709974
-0.576711
0.0476944
-0.564598
0.00678427
-0.671972
0.4392
-0.618743
0.148948
0.085493
0.0252301
0.0915784
-0.0549331
-0.0527879
0.0474915
-0.374477
0.073195
0.0335012
-0.0649246
-0.739566
-0.0229349
-0.227772
-0.343087
NA
-0.498883
-0.0114802
-0.0362203
-0.438711
-0.0434693
-0.205457
0.0580934
-0.331074
NA
-0.286838
-0.551619
-0.635663
NA
-0.213398
-0.421432
-0.534766
0.139444
-0.129587
-0.388681
0.0667692
0.0698524
-0.495618
-1.48654
-0.490262
-0.146987
0.0939732
0.0626688
0.0441794
-0.0065792
-0.19297
0.0697562
-0.242644
0.0690548
-0.174789
-0.490234
-0.358603
-0.151539
-0.097421
0.0620088
-0.199673
-0.261368
0.0929875
-0.00198599
-0.275624
-0.565254
-0.140508
0.022806
0.0604865
-0.0609839
-0.165364
0.00378948
-0.322219
0.0791517
-0.174022
-0.461765
0.0298306
-0.21576
-0.342346
0.043411
-0.539909
NA
NA
NA
NA
0.0468175
-0.602318
-0.115399
-0.245164
NA
-0.579297
NA
0.0360079
-0.182097
-0.740276
-0.046927
0.0644627
-0.117258
-0.251852
-0.353643
0.241648
-0.419472
NA
-0.0681054
-0.154014
0.0774452
-0.14639
-0.381502
NA
0.0365731
-0.39346
-0.292075
-0.28832
0.0463818
-0.403555
-0.291538
-0.382376
-0.0888703
-0.055962
-0.010738
NA
0.0184083
-0.373104
-0.373441
0.089824
0.0723301
0.0440204
0.010825
NA
-0.581727
-0.47242
-0.137189
-0.279199
0.0855247
0.12861
-0.427079
-0.107919
-0.716979
0.098884
-0.0201939
0.0345376
-0.203896
-0.888065
0.0432371
NA
0.0722518
0.0674732
NA
-0.297585
-0.350636
0.110199
-0.146921
-0.109696
0.0922699
NA
0.0286726
-0.0727286
-0.0668986
0.133237
-0.644705
-0.618783
-0.441308
0.167675
-0.730617
-0.508849
-0.408321
-0.549332
-0.327611
0.0807637
-0.766312
-0.35234
0.168051
0.0651579
NA
-0.489185
-0.224535
NA
-0.761472
-0.358338
0.048433
-0.455486
0.0952243
-0.533278
NA
-0.130655
-0.109812
-0.00838594
-0.84229
-0.16772
0.0621561
-0.513709
-0.607377
-0.150308
-0.544381
-0.588382
-0.575108
NA
0.0644991
NA
NA
0.0710478
-0.0557046
NA
-0.525635
0.0445286
0.0655947
-0.543618
-0.74767
0.116927
-0.165217
0.0416453
-0.24615
0.043135
0.0713328
-0.728246
-0.161109
-0.606262
0.0465751
-0.0631231
-0.0832017
-0.328688
-0.158785
-0.780012
-0.221586
0.0704258
NA
-0.463776
NA
-0.0101389
-0.258203
NA
-0.243764
-0.00990418
-0.349686
0.06686
0.104769
NA
0.0868311
-2.32066
-1.23666
-0.351763
-0.734228
-0.446931
-0.399288
-0.22631
0.0603068
0.0589882
0.0902003
-0.376842
-0.0158605
-0.0842062
-0.271508
0.0633687
-0.655417
-0.259555
0.0936189
0.088359
-0.0670567
0.0662603
-0.0178925
-0.369298
0.177234
-0.0768868
0.0720321
-0.301368
NA
0.048659
-0.153566
-0.552645
-0.00766218
NA
-0.355309
-0.281622
-0.0713277
0.069573
-0.413112
-0.372461
-0.001966
NA
-0.152252
-0.611265
-0.626785
-0.536958
-0.161333
-0.399032
NA
-0.0807303
-0.0847306
-0.321976
NA
0.356825
0.0436182
0.11698
0.0833812
0.0408182
-0.0145187
-0.212423
0.0406583
-0.418385
-0.263474
-0.207384
-0.428316
0.0910969
0.0181571
-0.274705
-0.440232
-0.274266
0.00191155
0.0442344
-0.227736
-0.485623
-0.365972
-0.447293
0.0722735
-0.390927
0.0973601
0.0929233
0.0206933
-0.0283659
0.0487235
0.0776628
-0.0554716
0.00601367
0.0884712
0.0146392
-0.35865
0.0648856
-0.0248234
NA
0.00260535
-0.815842
-0.00662016
-0.560619
0.132039
-0.125529
-0.575553
-0.250691
-0.555166
-0.484775
-3.94113
-0.528287
-0.220387
-0.332636
NA
NA
0.0545037
-0.136652
-1.278
0.076632
-0.198054
-0.112414
0.0434221
-0.482256
-0.331444
0.0225245
-0.0175774
-0.293055
-0.00202648
-0.334361
-0.0483321
-0.39227
NA
0.084509
0.085625
-0.545362
-0.40463
-0.155295
-0.622957
-0.106976
-0.572588
-0.291251
-0.210405
-0.239985
0.0656733
-0.224169
-0.260506
0.0370922
-0.356183
-0.199222
-0.0121179
0.0633737
-0.487654
-0.47196
-0.588212
-0.44957
-0.191107
0.0823644
NA
0.0718728
-0.0409327
0.0483254
0.0647646
-0.307888
0.0403484
-0.103113
NA
NA
-0.406016
NA
0.0319491
-0.276575
0.00958872
-0.453173
-0.276503
-0.206289
-0.0168815
0.0225304
-0.829875
-0.526161
NA
-0.554875
NA
-0.288943
-0.110511
-0.0793512
-0.0617991
-0.400927
-0.535702
-0.250106
-0.555806
-0.104947
NA
0.122802
-0.847024
-0.599329
-0.421899
0.16741
-0.124079
-0.427291
-0.276015
-0.152663
-0.174463
-0.266596
0.099442
0.122213
0.0663607
0.0737109
-0.581832
-0.063039
-0.212107
0.074664
-0.226018
NA
-0.658348
0.13223
-0.180659
-0.231235
-0.581492
NA
-0.326865
0.0802813
-0.576864
-0.520261
NA
-1.77685
0.0698808
-0.0204177
-1.09734
-0.0203112
-0.350851
-0.227224
-0.3115
-0.365867
-0.0333268
-0.193152
-0.160761
-0.484807
0.0677667
-0.465464
0.0338124
NA
-0.330726
-0.1722
-0.18996
0.0967654
-0.0476533
-0.215981
-0.655725
0.0753347
-0.692768
0.0799062
-0.000487527
0.0672508
-0.46491
-0.000706306
-0.439728
-0.257917
NA
-0.305012
-0.494306
-0.554767
0.0477028
0.118882
NA
0.0778117
-0.585684
-0.258429
-0.267427
0.0825987
-0.364933
-0.245881
0.0774508
-0.301112
0.0809691
NA
NA
-0.106303
0.0801657
0.0762303
-0.513356
-0.277064
-0.606172
-0.183465
-0.0209892
0.0807842
0.0996425
0.0385693
-0.884956
NA
0.0656418
-0.397053
NA
0.092962
0.121012
NA
-0.188214
-0.01773
0.0677756
-0.283307
-0.304515
-0.661912
-0.81734
-0.0289691
-0.190778
-0.423546
NA
-0.148863
0.0358399
0.0551833
-0.0774667
-0.108379
0.0328658
0.0137757
0.00976712
0.231402
-0.228905
0.0180669
-0.413547
-0.267228
NA
-0.5869
0.0800022
-0.0185465
0.0752888
-0.132486
-0.389241
-0.423292
-0.178795
0.0759674
-0.109224
-0.774388
-0.476807
-0.364993
NA
-0.071565
0.0611014
0.00233129
-0.0123642
0.0599707
0.0659748
-0.19934
NA
-0.0667623
0.0666066
-0.267523
0.0152368
NA
-0.284065
-0.355575
-0.131965
-0.422464
-0.115005
-0.0968309
0.0815399
0.00993122
-0.539537
-0.664305
0.0794553
0.0543848
-0.307896
0.0652856
-0.0879589
-0.265698
0.10969
-0.506505
0.0430499
-0.337269
0.0756968
-0.0719549
-0.148117
-0.418936
-0.122888
-0.196906
0.0433287
-0.836472
0.134608
-0.255755
-0.530177
0.072527
0.0492751
-0.253514
0.0615894
0.092768
-0.157732
-0.305057
0.060408
-0.516831
0.00434463
-0.380368
-0.44606
-0.229021
0.0392563
0.0911738
-0.714604
-0.213542
-0.282597
-0.942119
-0.00416984
-4.31217
0.137027
0.0637291
0.0721731
-0.0444773
NA
-0.183278
0.0274795
NA
-0.476345
NA
-0.551438
-0.0994504
-0.358721
0.0652204
-0.615445
NA
0.0530503
0.00121016
0.137887
-0.332215
-0.065017
0.0326636
0.0468424
-0.0228477
-0.211903
NA
0.0683168
0.0752152
-0.524618
0.0793307
-0.657132
-0.477583
NA
-0.305473
0.0379733
-0.157376
NA
-0.21656
NA
-0.173813
-0.649929
0.0810901
-0.517116
0.066178
0.0433319
-0.0818738
-0.39682
-0.146762
-0.19103
0.10363
0.0919009
-0.732707
-0.524745
0.0649611
-0.626418
-0.607021
-1.00194
-0.533798
0.0265321
0.171166
-0.547752
NA
0.068433
0.00462867
-0.132689
NA
0.0749016
NA
-0.16338
-0.34871
-0.316308
NA
-0.375317
0.0926538
0.0719665
-0.222695
-0.389782
-0.170447
-0.64338
0.0739431
0.0740079
-0.327179
-0.609712
0.0328129
NA
NA
0.0616655
-0.313996
-0.473398
0.0539536
0.0773012
0.0427006
-0.160258
-0.459277
0.0649255
-0.493272
-0.188996
-0.464244
NA
-0.097543
-0.312143
0.0481305
0.0837302
-0.0457223
0.0681392
-1.04702
0.171403
-0.586902
0.0730407
0.0870611
-0.902234
-0.512614
-0.154844
NA
-0.161647
-0.573745
-0.384628
-0.6774
NA
NA
-0.600197
0.0261742
0.0108
-0.328998
-0.219056
NA
NA
0.0542463
-0.347336
-0.301109
0.732047
0.194516
NA
-0.0955318
-0.206693
-0.000942298
-0.440427
-0.120858
-0.751933
NA
-0.0791753
-0.841857
-0.0431352
NA
-0.314719
0.0761072
0.0444311
-0.0236518
-0.635732
NA
0.0447737
NA
0.0967032
0.511777
0.0438842
NA
0.0727163
-0.923343
-0.743125
-0.590802
-0.674559
0.0794618
0.0364524
-0.255001
-0.133055
0.0498289
-0.134724
-0.250437
-0.0954532
-0.0520332
-0.261405
-0.159905
0.0350648
0.0543204
0.0105235
-0.527355
NA
0.0662647
-0.424354
0.0228023
-0.366144
0.0723387
-0.607206
-0.0914737
-0.147554
-0.114048
-0.0351093
0.0521086
0.0167387
0.0745336
-0.258837
0.0795362
0.0895143
0.0630529
0.0147574
-0.168165
-0.465794
NA
-0.338935
-0.373337
-0.145047
-0.0217271
-0.274708
-0.266189
-0.0321816
-0.235376
0.0142254
-0.0970632
-0.203843
0.0418217
0.046085
-0.512662
-0.209726
-0.438071
-0.00682167
0.0495197
0.0952441
-0.182508
-0.167433
-0.0262026
-0.323057
-0.505553
NA
-0.289615
0.108608
-0.111779
-0.301734
-0.254459
0.0105691
-0.488638
NA
-0.001292
-0.193254
0.0858502
-0.167892
-0.0696499
-0.356301
NA
0.0175909
-0.700452
-0.40705
-0.631007
-0.714763
-0.36356
NA
-0.747003
0.0602276
-0.567021
-0.259524
0.0469186
-0.22882
-0.064194
-0.624273
-0.185384
-0.0324557
0.109074
-0.763598
-0.294322
0.06977
-0.580429
-0.195537
0.0279897
-0.408949
-0.0808333
-0.284946
-0.331507
0.0650206
-0.206636
-0.0236072
-0.223565
-0.500469
-0.278618
-0.655697
0.10148
0.0822486
-0.433574
-1.12082
0.0771531
-0.554159
-0.11862
0.0413866
0.0471387
-0.0580633
0.0588529
-0.173398
0.0402923
0.0682129
0.0456225
-0.203703
NA
NA
-0.556586
-0.06939
-0.328186
-0.14962
0.283022
0.088573
0.0897977
-0.231601
0.0758421
NA
-0.29406
0.0662008
NA
0.0642668
NA
-0.673494
0.0215649
-0.559808
-0.00099049
-0.116149
-0.450037
-0.491184
0.0883666
-0.100276
0.0874843
0.0709202
0.230521
-0.480713
-0.569895
0.0713728
NA
-0.534034
-0.254978
-0.760048
-0.110756
0.081517
-0.293721
NA
-0.309126
0.0688258
0.00824496
0.0567898
-0.625255
-0.276515
-0.00889727
-0.120323
-0.83977
0.0314532
-0.0670263
0.0725066
-0.677855
0.0480758
-0.0091927
-0.177176
-0.596784
-0.679538
-0.515514
-0.132047
-0.434092
-0.274649
0.0955512
-0.258148
-0.188767
-0.572873
-0.931145
-0.518297
-0.613378
0.0759504
0.0718239
-0.379443
-0.261725
-0.0201587
-0.176059
-0.553583
-0.501771
-0.165212
-0.34262
-0.503105
-0.331742
-0.0822406
-0.04434
-0.165436
-0.58306
-0.258741
-0.5435
-0.351687
-0.643933
0.061716
0.0725914
-0.280513
NA
0.16294
-0.259618
-0.340015
0.0381104
-0.442843
-0.132471
0.0383791
0.04371
-0.116235
0.0700706
NA
-0.299568
-0.302055
-0.341123
-0.296804
-0.224569
-0.335872
-0.0267666
-0.158746
-0.452105
-0.366803
NA
0.0721591
-0.590099
0.0683528
-0.0919562
-0.869592
NA
-0.0707696
-0.241263
-0.2263
-0.28797
-0.431443
-0.0662341
-0.421897
-0.415702
-0.721476
NA
-0.387642
0.0705196
0.0757123
-0.17111
0.0548876
0.0763304
-0.0960716
-0.327104
-0.415128
-0.26102
-0.445913
-0.345168
-0.0518573
-0.493148
0.0311232
-0.314116
-0.809369
-0.0519108
-0.521058
-0.0518579
-0.0340883
0.0711853
-0.288021
-0.477268
NA
-0.0212039
-0.286496
0.0683699
-0.0681288
-0.0418164
-0.396426
0.0803112
-0.354515
0.0580756
-0.116144
-0.184741
-0.407332
0.0464175
-0.607637
-0.297173
NA
-0.151461
0.0796829
-0.170974
0.0830128
0.0637491
NA
NA
NA
0.0685695
-0.143021
0.0792229
0.00423923
-0.658894
NA
0.0840704
-0.253174
-0.297555
0.0071949
-0.274486
-0.129651
-0.545893
-0.562459
0.0308263
-0.467444
-0.241862
-0.462958
-0.119173
0.0222068
-0.141476
-0.408636
NA
-0.307591
-0.241467
NA
-0.381546
0.00627103
-0.241579
0.0449282
NA
-0.222393
0.0964686
-0.559901
-0.132458
-0.709324
NA
0.0578045
0.0453013
0.0196691
-0.0790539
-0.00683578
-0.400421
-0.00102357
-0.294975
-0.0235454
0.167939
-0.199807
-0.256164
-0.484009
0.00457624
-0.000282818
-0.55211
0.0407548
0.0631458
-0.087295
-0.118371
-0.127158
0.00901863
0.0822717
0.0611139
0.0937958
-0.357869
NA
0.097396
0.073029
-0.0651137
-0.246468
-0.0229621
0.0685474
-0.399898
-0.11114
-0.362848
-0.117652
0.0672844
0.0230277
0.150358
-0.180271
-0.100812
0.0807241
-0.50041
-0.391969
-0.668623
-0.0883508
NA
0.0519385
-0.086646
0.0449251
-0.488552
-0.135358
NA
0.08603
0.0811365
-0.732425
NA
0.0716635
-0.0474925
0.0519535
-0.0131139
-0.415395
-0.31623
0.057634
0.0726404
-0.133048
NA
0.0379366
-0.506647
0.0101812
-0.559102
0.048608
-0.359274
-0.195026
0.0952088
-0.0712785
-0.00168513
-0.0750134
-0.418795
-0.412481
0.0691073
-0.676856
-0.570494
-1.00965
-0.408356
-0.638258
-0.0448153
-0.289647
-0.113756
-0.568186
0.0556855
-0.0249601
-0.0752036
-0.398236
-0.445557
-0.241963
-0.30545
0.0594335
0.0171431
0.0448738
-0.617272
-0.235998
0.060448
-0.033799
0.0354415
-0.250382
NA
-0.227424
0.0563808
0.0757041
-0.614136
-0.23483
-0.454544
-0.108935
-0.765428
-0.500835
-0.0187747
0.0661851
-0.275746
0.00345826
0.0118386
-0.129303
-0.485246
-0.333825
0.104166
-0.304944
0.0304274
-0.289573
0.0701804
-0.64788
NA
-0.280428
-0.698347
-0.775168
-0.0541717
-0.280532
-0.132127
0.0795272
-0.175449
0.045568
-0.620977
-0.113571
-0.124785
0.0688951
-0.216427
0.0962045
-0.407826
-0.410415
-0.679324
0.0504184
-0.611938
-0.193386
0.0449366
-0.16798
-0.459458
NA
0.060086
-0.0571536
-0.465796
0.0656757
-0.257093
-0.743916
-0.278564
-0.361442
0.0703263
0.06895
NA
-0.458456
-0.224514
-0.268037
-0.573391
-0.0198567
0.0572129
0.0540347
-0.0726008
0.0605098
NA
0.177913
-0.134313
-0.000283683
-0.433921
NA
0.01085
-0.157782
NA
NA
-0.370606
-0.53919
-0.0621433
0.0930818
0.0679906
0.0781499
-0.366329
-1.59316
-0.42629
-0.227109
-0.237052
-0.410354
-0.000319984
0.0553212
0.074793
NA
-0.00682563
0.0118096
0.0392394
-0.145024
-0.663883
-0.328331
-0.578643
-0.458429
-0.436851
-0.0169017
-0.00291022
0.0688149
-0.638267
0.0765945
-0.491181
0.904148
0.0513465
-0.390461
0.00790068
0.0559078
0.0756468
NA
-0.118539
NA
0.0695429
0.0727931
-0.338975
-0.410742
-0.0390308
-0.480717
0.0760941
0.0627573
-0.304697
0.0169375
-0.222586
NA
-0.425829
0.0761931
0.0518
0.0764958
-0.0630533
-0.488105
NA
-0.119057
0.00472497
-0.0473295
-0.611171
-0.562
-0.363823
0.0142418
-0.137822
-0.70865
-0.185613
-0.297758
0.0297288
-0.177491
-0.140194
0.00556408
-0.0717407
NA
-0.22768
0.0764436
-0.542213
-0.0865659
-0.452719
0.132773
0.00623457
NA
0.0380165
-0.26145
-0.374886
-0.0204524
NA
-0.0530832
-0.237011
-0.281891
-0.809
0.0446725
0.0813958
0.0644313
-0.334853
-0.183388
0.0698194
NA
NA
-0.0631752
-0.0293549
0.0681618
-0.165088
NA
-0.0690601
0.0165303
0.0334752
-1.14472
-0.999981
0.0789553
-0.16247
-0.576587
-0.678432
0.099009
-0.084569
0.375341
-0.27482
NA
-0.588935
NA
-0.654934
0.0759609
0.0273287
0.0870692
-0.166682
-0.455671
-0.426956
-0.35249
0.0755063
NA
-0.407795
0.0467181
0.0729009
-0.269971
0.0682885
0.0663762
0.0612605
0.121696
-0.620187
NA
-0.219093
-0.61796
-0.108912
0.0781948
-0.507495
NA
-0.345925
0.119268
-0.152589
NA
-0.524833
0.105783
-0.400478
0.269282
NA
-0.39156
-0.416927
-0.0473707
0.0813973
-0.508142
-0.480404
0.0582497
-0.152917
-0.133146
-0.0563937
-0.165356
-0.0683641
0.0120946
-0.608861
-0.652888
NA
0.0729876
-0.549609
-0.0400164
-0.0100836
-0.723026
-0.311394
-0.178408
-0.484252
-0.450341
0.100529
0.00478259
0.122014
0.044279
0.0693229
-0.498546
-0.611454
0.104866
-0.0538884
-0.219347
0.0853574
0.000814722
-0.457789
0.0656704
0.0448056
0.0422927
-0.00674005
-0.548377
-0.611868
-0.159725
0.0175351
0.102074
-0.221719
-0.0599377
0.0461127
0.0724345
0.0705529
0.0810377
0.00383495
NA
0.0408375
-0.149582
-0.113343
-0.360885
-0.323572
-0.24585
0.0671
0.0671073
-0.0529472
NA
-0.296739
-0.282434
0.00317508
-0.397029
-0.0298107
-0.522105
-0.611142
-0.0174225
-0.489146
-0.145991
NA
-0.109289
NA
-0.386423
-0.0569803
0.0688243
-0.183359
-0.000118569
-0.196042
-0.199058
-0.0120857
NA
NA
NA
0.142039
-0.0957011
0.111184
0.354833
-0.540568
-0.747576
-0.190363
-0.4765
NA
-0.124121
-0.319376
0.0525205
-0.724793
-0.4907
-0.139693
0.0210987
-0.0118596
-0.602831
NA
-0.269436
0.0489892
0.0755044
-0.236197
-0.00881282
-0.00280339
NA
-0.383063
NA
0.0786793
-0.670267
0.130016
-0.242602
-0.255294
0.0454716
-0.214157
-0.00770572
-0.390565
-0.250345
-0.535903
-0.0134169
-0.142087
0.0644868
0.0830039
0.078331
0.0757091
-0.63548
-0.451169
-0.581219
-0.496164
-0.430758
-0.685217
NA
0.0707614
-0.231711
0.0613398
-0.360735
-0.500623
0.0455534
-0.0847474
-0.478237
-0.491459
-0.54658
NA
0.0520555
-0.210993
0.0815188
0.073816
0.0767187
-0.136875
0.00234869
NA
NA
-0.626489
-0.0238365
-0.141962
0.0746366
-0.268206
-0.385178
-0.370685
-0.0434271
-0.401377
-0.145218
0.0505006
NA
-0.353935
NA
-0.525957
NA
-0.538769
NA
-0.542536
NA
-0.0859226
-0.0833464
NA
-0.406262
-0.246278
-0.555501
-0.556078
-0.106766
0.0901163
-0.355225
NA
-0.243496
NA
0.0780368
-0.697356
-0.799002
-0.00652869
-0.155017
-0.323507
NA
-1.01545
-0.508355
NA
0.0782861
-0.379598
NA
-0.355472
-0.449718
-0.547111
NA
-0.844164
-0.256582
-0.223417
0.0674206
-0.367521
0.0290054
-0.0748279
0.0525808
-0.135232
-0.173058
-0.216798
-0.416225
-0.497796
NA
-0.393883
0.0556228
-0.4087
-0.0915797
0.0481767
NA
0.0918194
0.0796208
NA
-0.24018
0.0365994
0.108108
NA
-0.35443
-0.140972
0.0711423
-0.254215
0.0958221
-0.53872
-0.355567
-0.321182
-0.295907
0.0556933
-0.393483
NA
-0.358483
-0.0337536
-0.183932
NA
-0.152474
-0.162225
0.0399243
0.0747575
0.0580808
-0.00751868
-0.313946
0.0406352
-0.368607
-0.520257
-0.366681
0.0485886
-0.154767
-0.432364
0.0221508
-0.225531
-0.270561
-0.128412
-0.531136
-0.0774333
NA
NA
-0.32813
0.0161571
NA
NA
0.0450873
-0.497756
-0.25505
0.0745557
NA
-0.224904
0.0356156
-0.067889
0.083493
-0.182896
0.0921487
0.0457205
-0.342778
-0.0732121
0.0217965
0.0724848
-0.0480308
-0.815668
-0.2532
-0.471126
NA
-0.968121
0.0680543
-0.556827
-0.00630386
-0.346058
-0.580953
-0.0969485
0.044262
0.0329661
0.0438116
-0.475782
-0.0176933
-0.438912
0.00468297
-0.509517
-0.309703
-0.433281
-0.0145961
-0.458119
-0.640685
-0.0583613
NA
-0.231502
-0.0137891
0.0634055
-0.183687
0.073473
-0.2781
0.112847
0.0768251
-0.168316
0.0773098
-0.351319
-3.5
0.281156
-0.388349
-0.422187
-0.156813
-0.0610588
-0.178584
-0.197489
-0.39949
0.0793918
0.0119108
0.0867136
-0.405861
-0.488867
NA
-0.584925
NA
-0.01296
-0.37143
-0.13792
-0.60406
-0.336221
NA
0.0423205
-0.503341
NA
-0.118768
-0.797795
0.0258654
-0.309166
-0.0291625
-0.299498
-0.428118
-0.0936307
0.0755478
-0.0713763
-0.267523
-0.162449
0.0725092
-0.399259
-0.239506
0.105094
-0.575433
-0.426404
-0.231527
-0.409976
-0.155479
NA
0.010467
NA
-0.246956
-0.165574
0.0427726
-0.479307
-0.704738
0.0714868
0.0993706
0.026798
NA
-0.648684
0.0702458
-0.169777
-0.474919
-0.860496
0.0164419
0.0909302
NA
-0.0626217
NA
0.0566864
-0.0661779
NA
-0.0429498
0.0804495
0.0747885
NA
-0.0578011
-0.480045
-0.351281
-0.626048
-0.703128
-0.171066
0.0418806
0.0706522
-0.00528957
-0.205418
-0.617877
-0.0869199
0.0758393
-0.32369
0.0789983
0.027967
-0.459292
NA
NA
0.0461477
-0.144562
-0.4706
0.118244
-0.176758
-0.413308
0.0412287
0.251811
-0.63051
-0.0614445
-0.414218
0.108951
0.0488505
0.0772042
-0.0824828
0.0726852
-0.627975
-0.374038
NA
-0.163123
0.0128508
-0.217203
NA
NA
0.0788326
0.0610606
0.073159
-0.589939
-0.605912
0.136447
-0.159357
-0.539086
-0.336535
-0.407071
-0.204724
NA
-0.0559472
NA
NA
-0.597961
-0.551461
NA
NA
0.14912
-0.220641
-0.427202
-0.622211
-0.419719
0.118006
0.0871538
-0.574957
-0.463088
-0.459052
-0.0165861
0.073746
0.0902645
-0.032068
0.0636637
-0.125308
0.0217029
-0.375342
0.0514212
NA
-0.661213
0.0674757
-0.122111
0.0665878
-0.0728898
-0.104404
-0.103867
-0.815587
-0.0185057
NA
NA
0.102971
0.0445729
-0.097996
0.0229013
0.0762982
-0.16245
0.0387054
0.0675645
-0.529484
-0.737317
-0.302206
-0.708203
NA
-0.0130042
0.0849621
-0.592103
-0.137699
-0.104723
0.025503
-0.626363
-0.451007
-0.538319
0.00251254
0.0663434
-0.177283
-0.297776
0.0719357
-0.740455
0.0697082
-0.0136692
0.0545588
NA
0.0737584
-0.439445
0.0170985
NA
-0.0283194
NA
0.0735112
NA
-0.322342
-0.544795
-0.0844286
NA
0.0452201
0.0713736
-0.150895
NA
NA
-0.340128
-0.0293608
NA
-0.531706
0.0644488
-0.335304
-0.316445
NA
0.0498694
-0.0999228
-0.550287
0.017513
0.0710356
-0.0303607
-0.499677
-0.139538
0.0183937
0.0663966
0.0764131
0.0601777
-0.526686
-0.0199927
0.0208632
-0.544347
-0.265982
-0.196755
-0.117642
NA
-0.207877
0.0680285
-0.400313
-0.441426
-0.376377
0.0521066
-0.0606076
0.0408638
-0.564942
-0.372392
0.0510053
-0.426292
0.0336085
-0.337909
-0.380231
-0.3359
0.106957
-0.640091
-0.791847
-0.442283
0.0844587
NA
0.0798025
-0.0360032
NA
0.0704848
-0.417351
-0.231788
-0.769774
-0.309881
0.00883732
NA
-0.367424
NA
0.0707016
0.105226
0.107919
-0.0476949
0.00171997
-0.266929
-0.0891941
-0.629423
-0.671103
0.0451757
0.0577217
-0.196604
-0.0501887
-0.120813
0.0745555
-0.298206
NA
-0.468568
-0.151632
-0.432109
-0.576731
-0.685333
0.0646913
-0.660524
NA
0.074466
-0.691331
NA
-0.0440971
-0.0170831
-0.545431
0.063129
-0.446554
-0.740206
0.0457238
NA
0.0275139
-0.535174
0.0650953
-0.733243
NA
-0.250969
-0.247019
-0.0805762
-0.454145
-0.162216
-0.436683
0.0263505
-0.0498248
-1.09546
-0.0974206
0.0703379
0.0311755
0.0400517
-0.24875
-0.405223
0.00569446
-0.296275
-0.114667
0.138338
0.0488387
0.0739834
-0.792203
-0.064095
-0.0233517
0.00442508
0.0447551
0.0537909
-0.353281
-0.304087
0.121744
-0.621509
-0.175096
NA
-0.0557086
-0.415249
-0.367867
0.0606275
0.0466535
0.0454102
-0.481875
-0.254291
NA
-0.38436
-0.382087
0.0658973
-0.131394
-0.623278
-0.268693
-0.565677
-0.345901
-0.348972
-0.232724
-0.277731
0.01248
-0.294484
NA
0.0329322
-0.224567
NA
-0.26128
NA
-0.6892
-0.209928
0.0872585
-0.269177
0.035728
-0.05677
0.00711363
0.0788517
0.0948153
-0.387128
0.0493911
0.0694858
-0.674167
-0.128864
-0.19289
-0.0460906
0.0259461
0.082016
-0.252384
-0.373827
-0.202062
-0.0849351
NA
0.104087
-0.681318
-0.556371
-0.255609
NA
-0.81451
0.0777715
0.0173054
NA
-0.413431
0.648279
-0.471645
-0.014774
0.00879297
0.0465198
-0.159578
-0.620448
-0.466591
-0.537149
0.17555
-0.527442
-0.514269
-0.370957
-0.685231
-0.602714
NA
-0.697455
NA
-0.132269
-0.0394806
-0.379392
NA
0.0757462
0.104065
-0.0120454
0.0910636
0.0272949
0.0209096
-0.695417
0.0676392
-0.00528969
-0.369284
-0.561987
0.0408909
NA
-0.0519554
-0.277294
-0.0632919
-0.0586354
0.0863971
0.0784532
-0.625547
0.0672864
-0.00853936
-0.169771
0.11324
NA
-0.21516
NA
-0.0376077
0.0757363
-0.213579
-0.18836
1.82056e-06
0.107175
-0.450178
NA
0.0654032
0.0441401
-0.557846
-0.206056
-0.483064
-0.265615
-0.67215
-0.487924
-0.148915
-0.375046
NA
-3.51
-0.198765
-0.510571
-0.130114
0.0821718
-0.433935
0.185935
-0.217782
-0.262763
-0.396405
NA
-0.280261
-0.253293
NA
-0.35263
-0.55209
0.0816696
NA
-0.264308
0.207137
0.138756
0.0758221
-0.244291
0.0395268
-0.2391
0.077
-0.264631
0.00533532
-0.837991
-0.3372
-0.588238
-0.0835224
-0.371043
NA
0.0714685
0.0870755
NA
NA
0.100627
0.0353383
-0.542797
0.0426561
-0.633035
-0.0764056
-0.194762
NA
0.0536169
-0.134831
NA
0.0739619
NA
-0.180151
0.1442
0.067474
-1.03006
-0.205192
-0.646988
0.0808973
-0.177313
-0.502265
-0.318643
-0.400737
0.112442
0.021987
NA
0.0692273
-0.456893
-0.38386
NA
-0.277961
-0.00619246
0.0743741
-0.55415
-0.184612
-0.569403
-0.0912889
-0.123966
-0.065658
NA
-0.456056
-0.0166764
-0.262234
-0.184032
-0.180199
0.0151769
-0.367824
0.14879
0.0464229
-0.27376
NA
0.0643823
-0.218952
0.104899
-0.221153
0.0784909
NA
-0.296485
0.0858104
-0.602891
0.0751327
-0.641981
-0.226067
0.0646639
-0.134451
-0.111134
-0.330878
-0.302452
-0.421974
0.08019
0.0535439
-0.654647
0.159129
-0.137504
0.0190971
-0.289436
-0.279641
NA
-0.449096
0.0396755
NA
NA
-0.0979196
-0.471776
0.0734741
NA
NA
NA
0.046458
-0.725294
-0.848193
NA
-0.0200014
-0.541118
NA
-0.113913
-0.274998
0.0784937
-0.362661
0.0577169
0.0758169
-0.531313
-0.212142
-0.136115
0.0765672
-0.0580479
-0.140468
0.0310456
0.0939116
NA
0.0439136
NA
-0.704076
0.0745684
-0.307462
NA
0.0752654
0.0747784
-0.508502
NA
NA
0.126155
0.0479249
NA
0.0796556
-0.0724207
-0.442943
-0.293758
-0.335169
-0.831691
-0.775601
0.0773703
0.0317547
0.0881846
NA
-0.44817
NA
0.118405
-0.309644
-0.37622
-0.22849
-0.401898
-0.45466
-0.532636
0.0392623
NA
-0.457188
NA
0.0454248
-0.0192924
0.0681919
-0.541673
NA
-0.198216
0.0534182
-0.42225
NA
-0.623852
-0.318934
0.0486299
-0.268246
0.0845293
NA
-0.0324551
NA
-0.398202
NA
-0.0965094
0.0743784
-0.105416
-0.112012
-0.393911
-0.458491
0.0358979
0.0731038
-0.294031
-0.446842
-0.17499
-0.291563
0.0188125
-0.856082
-0.373158
-0.0709616
-0.514278
NA
-0.500407
-0.150587
-0.504121
0.0392177
0.0122744
-0.889504
0.0798964
-0.532248
-0.241637
-0.729438
NA
-0.0576708
-0.28861
0.0458702
-0.453961
0.0309003
0.0890149
-0.142941
0.086633
-0.725498
-0.545008
0.0497701
0.289576
-0.127545
0.0707756
-0.246876
0.067531
0.0131645
-0.336723
-0.305791
NA
-0.419925
0.0434894
-0.48688
-0.381235
-0.302689
0.0289306
-0.0896088
-0.407919
-0.593861
-0.539187
-0.235466
-0.193325
-0.0934483
-0.342611
0.0881687
-0.35229
-0.176172
-0.271733
-0.0140144
-0.523684
-0.217103
-0.122177
0.00974058
0.0664282
-0.345397
-0.402785
0.0728975
-0.0302469
0.014678
-0.0965557
-0.153226
-0.155486
-0.305146
0.0712464
0.0745067
-0.512962
-0.153627
-0.743926
0.0254161
-0.349823
NA
NA
-0.0445396
0.0444329
-0.633003
-0.407723
0.0402389
-0.573927
0.0872465
-0.1222
0.0128524
-0.535648
-0.0817445
0.0224689
-0.161502
-0.21127
0.0768739
0.0674697
-0.182183
-0.274715
0.173922
0.0771367
-0.585594
-0.170268
-0.112527
0.0438694
-0.552473
0.0158995
0.0901683
-0.655615
NA
1.09462
0.0160804
-0.386801
0.193169
-0.18708
0.0807624
NA
-0.00903644
-0.369338
0.0594559
NA
0.0629349
-0.0855753
-0.420976
-0.783601
0.039507
0.0733814
-0.513967
-0.89526
-0.283585
-0.465089
NA
0.0286992
-0.455401
-0.369825
-0.138365
NA
-0.28278
-0.481541
0.0630266
0.112932
-0.480001
-0.0568521
-0.4229
NA
-0.318179
0.0760215
NA
-0.165574
0.0448413
-0.291729
-0.372401
NA
NA
-0.465824
-0.0873966
-0.134163
-0.191086
-0.740004
-0.475203
NA
-0.341486
-0.0812141
NA
-0.46536
-0.311288
-1.13805
-0.104992
-0.0114429
-0.364749
NA
-0.166794
0.0538307
0.0288938
-0.0343807
-0.35053
NA
-0.13194
-0.392528
0.314879
NA
0.0401881
0.0462726
0.0158583
-0.432095
0.2121
-0.487077
0.0433158
NA
0.0385206
0.0335189
-0.568783
-0.313192
-0.419961
-0.270168
0.0752257
-0.2042
-0.369389
-0.313789
0.122695
-0.158312
-0.171524
