0.0790804
-0.0707616
0.0379295
0.0364485
0.0909302
0.0352517
-0.130875
-0.184917
-0.703141
-0.194981
-0.761563
-0.3643
NA
-0.221337
0.0205863
-0.291008
0.0705402
-0.183295
NA
0.0379181
NA
-0.384367
-0.0291625
0.0755478
-0.189777
0.0316562
-0.0975507
-0.181567
-0.184489
-0.453526
-0.725877
0.690607
NA
NA
-0.0749195
0.0345055
0.0984071
-0.268728
-0.273897
-0.503341
0.0174741
-0.462608
-0.244372
-0.148517
-0.770377
0.0443499
-0.0745575
-0.432387
-0.61743
-0.146938
NA
0.121401
NA
-1.05077
-0.106742
-0.416945
-0.0941708
-0.0819073
-0.22569
-0.176758
-0.431778
0.0760671
-0.0903033
0.0097468
NA
-0.258801
0.027967
0.00889295
-0.661039
NA
0.021528
-0.480045
0.0570781
-0.405259
-0.0362563
0.0664919
NA
-0.661213
-0.323251
-0.0477879
-0.037817
-0.018447
-0.73536
-0.333617
-0.32561
-0.637604
-0.055385
-0.0656837
-0.171899
0.0636637
0.096269
0.00220613
-0.301258
-0.283219
-0.133293
-0.419719
0.0490012
-0.54353
0.0275753
NA
-0.29213
-0.308627
-0.409453
0.043261
0.0447018
-0.429743
-0.365338
0.0674628
-0.456402
-0.35382
-0.844657
-0.0481569
-0.54727
0.0263728
-0.320536
0.0719357
0.0663434
0.0743393
-0.162192
0.0460212
0.0545588
NA
-0.525778
NA
-0.717827
-0.596628
-0.365443
-0.850727
0.0447125
-0.161583
-0.453079
-0.0253815
0.0422892
0.0833062
0.0529908
-0.451007
0.0782135
-0.81594
-0.005731
-0.687727
0.0425588
-1.04814
NA
-0.592103
0.0132832
0.0433075
-0.342065
0.0622436
NA
0.0367388
-0.05807
-0.17232
-0.283572
-0.0227279
-0.362972
NA
-0.16245
-0.33236
NA
-0.344897
-0.509243
0.0883718
0.0138023
-0.635648
-0.40413
-0.0799637
-0.454157
-0.187276
-0.156585
-0.134301
0.332586
-0.486851
0.0273405
0.0556933
-0.187361
-0.280126
-0.188721
0.129028
0.0333468
-0.331658
-0.352299
0.0316667
-0.135232
-0.24211
NA
0.0525808
-0.108139
0.0138967
NA
-0.339313
-0.313095
-0.246567
0.0556228
-0.154355
-0.416225
-0.274655
0.0919248
0.112093
NA
-0.0967128
0.027354
-0.585718
-0.123622
NA
-0.578317
-0.159489
-0.367095
0.000130753
-0.372607
-0.612408
0.0463537
NA
0.0803215
-0.313694
-0.547341
-0.0794458
0.00366832
0.0757696
-0.0907666
-0.288568
-0.642753
-0.0927153
-0.205075
0.0475448
-0.330073
-0.105559
-0.516941
-0.833036
-0.0966688
NA
-0.139472
-0.368607
-0.995171
-0.296335
NA
-0.419261
-0.0145961
0.0330224
NA
-0.22037
-0.280268
-0.13654
-0.315471
-0.481887
-0.337775
-0.324675
-0.0916539
-0.576446
0.208075
0.138917
0.517402
NA
-0.666795
0.0749175
-0.815668
0.0767282
-0.1128
-0.372307
NA
-0.0619091
0.0422437
0.0190105
-0.360668
-0.0547886
NA
-0.498765
-0.239116
NA
-0.283512
-0.182896
0.0429224
0.0174918
-0.0861696
-0.292016
-0.203682
-0.338235
NA
-0.695605
-0.713532
-0.488867
0.0459928
0.0709005
0.0716719
-0.108479
-0.176606
-0.155989
-0.0610588
-0.336033
-0.178584
-0.285905
NA
-0.384014
0.0410919
-0.299063
0.0746475
-0.811093
-0.205157
0.0842683
0.0921839
-0.496899
0.281156
-0.0243909
0.0821409
-0.483371
-0.188895
-0.211598
-0.231502
0.104522
-0.614666
-0.2781
-0.0557163
-0.0801025
0.0188233
-0.125602
-0.0239415
-0.00623902
0.13156
0.0931226
-0.109289
-0.277551
0.0688698
0.0476951
NA
-0.431986
0.226827
-0.442835
-0.242027
-0.657898
0.0142334
-0.953061
-0.713902
NA
-0.226224
-0.282434
-0.296739
-0.507724
-0.155634
-0.151944
-1.01394
0.115888
0.0762299
-0.523337
-0.220963
-0.290599
0.0448582
0.0948874
0.0408375
0.00015071
-0.0111966
-0.758195
-0.405441
0.071575
0.0759101
NA
0.072316
NA
0.0555949
-0.585996
0.0438229
0.121955
-0.820062
-0.595745
-0.527294
-0.485127
-0.259874
-0.25347
0.0808678
0.087872
-0.00348582
0.0735409
0.0175917
0.081537
-0.70546
-0.424285
NA
-0.296029
-0.123437
-0.385206
-0.020253
-0.638773
-0.0304699
-0.379691
-0.379775
-0.724793
-0.556259
0.0756337
-0.434578
-0.269436
-0.118012
-0.178066
-0.0419566
NA
-0.278091
0.0650104
-0.0914716
0.042906
NA
0.0734853
0.0127648
-0.21332
NA
-0.389256
0.111184
-0.0357021
NA
NA
-0.660952
-0.571451
-0.612607
0.0699612
NA
-0.639951
0.0683596
0.070985
-0.558185
0.0746366
-0.276193
-0.505058
0.0710768
NA
NA
-0.276993
-0.377786
-0.314859
0.0569604
NA
-0.482263
NA
-0.277436
-0.23694
-0.283721
-0.637082
0.0306427
0.0824378
0.0250134
-0.334932
0.079096
-0.496164
-0.330845
-0.101803
0.0438948
0.0445199
-0.123589
0.602067
-0.79154
0.0803537
-0.461641
-0.0678095
-0.00770572
-0.439378
0.280311
NA
0.0670256
-0.40412
-0.799002
-0.167766
-0.630214
0.0637584
NA
-0.778837
0.0142249
-0.539276
0.0774085
0.0536318
0.0569084
-0.355472
NA
-0.659086
-0.619259
-0.453074
-0.355225
0.059961
NA
-0.186199
0.0478417
NA
0.0871927
NA
-0.180665
0.0666983
-0.325791
-0.538769
-0.370685
0.0441359
-0.574452
-0.392298
-0.0454046
-0.325577
-0.393713
-0.498278
0.0748081
0.00266227
NA
NA
-0.488105
-0.00982048
0.0422742
-0.295355
-0.0473295
0.00472497
-0.611171
-0.16663
-0.487264
NA
-0.0112913
0.0756468
0.0559078
-0.397855
-0.418131
-0.21347
0.0703195
-0.00516026
-0.147449
0.0329969
-0.634546
-0.239355
-0.377394
-0.0419032
-0.423012
-0.46945
-0.00331782
-0.0169017
NA
NA
-0.421689
-0.347094
0.0622285
-0.145345
0.0757438
-0.159425
-0.618933
0.0417923
NA
NA
0.0644313
-0.505332
0.0799983
0.0813958
-0.629727
-0.57717
-0.0518938
-0.183388
NA
-0.256083
-0.312453
-0.172877
-0.212452
0.0570982
0.105288
NA
-0.650758
0.162766
-0.237716
-0.125342
-0.241302
0.0906068
0.0584115
-0.325723
-0.26696
-0.225261
-0.48528
1.07892
-0.379181
-0.0452426
-0.00944565
-0.744922
-0.572533
-0.177491
-0.520079
NA
0.0669507
-0.461343
-0.472893
-0.108912
-0.112248
-0.202401
-0.151546
0.086717
0.0870692
0.11305
-0.19811
-0.654934
0.0623537
-0.35249
0.0838964
0.0705025
-0.423815
-0.85368
-0.381822
-0.750518
-0.455671
0.0403174
NA
0.0684056
-0.356806
-0.2259
-0.0191371
NA
-0.885454
-0.084569
-0.577304
-0.0153865
-0.447013
0.0988591
-0.685353
-0.486134
-0.363577
0.0811015
NA
0.139164
-0.127663
0.06847
0.0467672
-0.306459
0.410081
-0.520166
0.0743818
0.0681618
0.0435162
-0.100768
0.0212242
0.122014
-0.14745
-0.450341
0.000814722
-0.471702
-0.608861
-1.10918
-0.608634
0.0719216
-0.748891
-0.480404
-0.110032
-0.416927
-0.0967892
-0.353395
-0.152917
-0.0133477
0.0265927
-0.345925
NA
-0.0548457
0.0702102
-0.0394761
-0.100037
0.0768555
0.269282
-0.524833
-0.371794
-0.0340903
0.000340368
0.00974058
0.0664282
-0.0420658
-0.146365
-0.0688984
-0.163904
-0.253735
-0.402785
-0.235931
0.0392475
-0.787649
-0.0349866
-0.289305
-1.00233
-0.523684
-0.148588
-0.48688
-0.519999
-0.777668
NA
0.0497701
-0.450744
-4.88906
NA
-0.220333
NA
NA
0.0937129
NA
0.047363
0.0192331
0.0707756
-0.117302
-0.246876
-0.43384
-0.418341
-0.29882
-0.0878222
-0.146829
0.0757589
-0.226442
-0.00540177
0.048588
0.330456
-0.132253
-0.17058
-0.18708
-0.604309
0.071004
-0.32356
0.0713278
0.0674697
-0.0754166
-0.548627
-0.320647
-0.681026
-0.0513294
-0.19231
0.0987381
0.0328673
-0.379695
-0.217853
0.0128524
-0.438335
-0.0185882
-0.305146
-0.983142
-0.23834
0.0377144
-0.533392
NA
0.0741703
0.0736306
0.0692275
-0.156662
-0.491106
0.0578282
-0.456091
NA
0.0744895
-0.333003
NA
0.0855158
-0.596988
0.0578021
-0.165574
0.0744618
-0.0230396
-0.291729
-0.119313
0.00854064
0.0616931
-0.0149526
-0.680171
0.0276115
NA
0.0598217
0.105834
-0.0386297
-0.105214
0.0670919
0.0451229
0.00374403
NA
0.545363
-0.00549954
0.0623815
-0.455401
0.083916
-0.569373
0.0216575
0.122537
-0.187543
-0.313483
NA
0.0625237
-0.157782
0.0387692
0.0814984
0.0778052
0.0717451
-0.401669
-0.369389
-0.182455
-0.639739
-0.331218
0.0628496
-0.0439003
0.0183707
-0.322715
-0.444624
-0.965442
-0.0666853
-0.387385
-0.757066
NA
-0.399906
0.0751606
-0.109158
NA
0.0630495
-0.432095
0.0296472
0.0401881
-0.20599
-0.41916
-0.311288
NA
0.0167681
-0.781856
-0.191086
-0.0546993
-0.0999608
0.0750601
-0.587935
-0.0432445
NA
-0.0511595
0.0109305
-0.302452
-0.360629
NA
-0.279641
NA
0.0562216
-0.134545
-0.209661
-0.19
-0.0885514
-0.405549
-0.0696114
-0.296485
-0.60135
0.104899
-0.131969
-0.415844
-0.527795
0.0556296
-0.602891
-0.612053
0.0425795
0.0885659
0.0514675
0.0147031
-0.156131
-0.21789
0.14879
-0.273993
-0.162017
-0.62651
-0.184032
-0.0795939
-0.553496
-0.630456
-0.610265
-0.183426
0.395589
0.0692358
0.0464229
-0.00619246
-0.193269
-0.00567077
-0.288007
0.0307239
-0.467927
0.050278
-0.256526
0.0599205
NA
-0.50414
-0.0473693
-0.184612
0.0249269
-0.491818
-0.80274
0.0439136
-0.24383
0.0939116
-0.0225448
-0.307462
0.0764921
-0.441792
0.0524268
-0.531313
-0.0180179
0.0849601
-0.264257
-0.77484
0.0577169
-0.304891
-0.616071
-0.000930689
-0.0580479
0.0968368
-0.198149
-0.46569
-0.534549
0.0587017
0.0133569
NA
-0.163042
0.0715658
-0.558063
0.0205853
0.129462
0.0761884
0.078372
-0.00982319
0.0989212
0.0246531
-0.325023
-0.700304
-0.806857
-0.471776
-0.278119
-0.341302
0.0954887
0.0927008
0.0845293
0.181043
NA
-0.507738
0.0163221
-0.0178231
-0.108526
-0.266298
-0.227095
-0.0248078
-0.398202
-0.0148867
-1.06118
0.0137483
-0.107046
NA
0.0223002
-0.961816
0.0322658
-0.588872
-0.579126
0.0454248
-0.0154787
0.0710071
0.103397
0.0878032
NA
-0.509907
0.044245
-0.433442
-0.560688
NA
0.00328069
0.00892448
-0.0349837
NA
0.0182429
0.0784487
-0.159665
-0.244939
0.0775774
-0.172365
NA
0.0320199
NA
-0.00773608
0.106789
-0.261732
-0.419859
-0.606967
0.0677165
0.0733596
-0.122301
-0.29978
0.034028
0.00607807
-0.143144
-0.690851
0.083214
0.0798631
-0.324266
NA
-0.856082
-0.13044
0.0748388
-0.0252679
NA
NA
-0.0781798
0.0322424
-0.0047178
-0.514278
-0.392629
-0.249542
NA
-0.33745
-0.38391
-0.246215
-0.0752974
NA
-0.227501
-0.0965094
0.0110523
-0.297559
0.705829
0.0802274
0.044545
0.0686013
-0.0126944
-0.413431
-0.424913
0.0740246
0.0482429
-0.223064
-0.138207
NA
-0.612561
0.345934
0.0398097
-0.373827
-0.398674
-0.0882806
0.0330107
-0.179445
0.0309575
-0.353383
0.0622966
0.0493911
-0.1777
-0.216333
0.0457778
-0.186218
NA
-0.562156
-0.517558
0.0980154
0.0663836
-0.376924
-0.353933
-0.224567
-0.650236
NA
-0.0405243
-0.00339562
-0.637541
0.0229506
0.0496925
NA
-0.364032
-0.0632919
-0.424467
0.0563861
NA
NA
-0.0896211
NA
-0.177568
-0.401979
-0.360529
-0.369284
-0.0371187
-0.482221
0.0304297
-0.569125
0.0389901
-0.358546
-0.253892
0.652332
NA
-0.0026437
-0.495244
-0.088601
-0.319265
0.0910636
0.044097
0.0460514
0.0757462
-0.697455
-0.482089
0.0184411
NA
-0.00960223
0.056377
NA
0.0892084
-0.494929
-0.471448
0.0687759
0.0530569
0.0804613
-0.066877
-0.394206
-0.385268
NA
-0.270767
0.00393744
-0.247241
-0.214127
0.10832
-0.206056
0.609001
-0.557846
0.0787939
-0.174479
NA
0.0703995
-0.450178
0.00182682
-0.387201
-0.265615
-0.731775
-0.476493
-0.301892
-0.186461
0.056034
NA
0.0157927
-0.209657
-0.149501
0.0486619
-0.401239
0.0730988
-0.300581
-0.161298
-0.646988
0.0784373
-0.201319
-0.51853
0.054736
0.0536169
0.097075
NA
0.0268719
-0.0513404
0.0439651
-0.211731
-0.368801
0.0466562
-0.374825
-0.0370396
-0.433293
-0.805361
-0.633855
NA
-0.382864
-0.0527515
0.0666291
-0.335087
NA
-0.0474051
NA
-0.766584
-0.461514
8.93648e-05
0.0495025
-0.146505
NA
0.0414382
-0.544347
-0.018821
0.116296
-0.0199927
-0.0614172
-0.363041
-0.500994
-0.171121
NA
-0.111587
-0.111306
0.0710356
-0.780598
0.017513
0.0170985
0.0475579
-0.179509
-0.277835
0.026198
-0.340128
0.00691412
-0.501241
-0.612024
-0.313871
-0.0378622
-0.380241
0.105226
-0.541744
0.020823
-0.646616
0.103818
-0.382822
-0.269005
-0.416004
0.0730306
-0.346095
-0.0360032
-0.389762
0.0834454
-0.447515
0.0706755
-0.111828
0.00911255
0.0150759
0.0832626
-0.231788
-0.288073
-0.847474
-0.183395
-0.531489
NA
0.0427254
-0.511218
0.0470102
-0.0565911
0.0795457
0.0818625
-0.446444
NA
-0.713537
-0.364684
-0.0298813
-0.431144
0.0145736
-0.334191
-0.010908
-0.612746
0.0726797
-0.107516
0.080355
0.0570643
NA
-0.436683
-0.326039
0.0933295
0.03482
0.103418
0.0222128
-0.682188
-0.112809
-0.0805762
0.0783505
-0.472103
-0.420575
-0.489284
0.161943
NA
NA
-0.263199
0.0452308
NA
-0.205291
NA
-0.545431
0.0798824
0.0783441
-1.46778
-0.432109
-0.345024
0.0552468
-0.803442
-0.0570003
-0.100666
-0.644968
-0.0274647
0.0449929
-0.346362
-0.000526216
0.0392783
-0.668345
-0.155813
-0.319232
0.0692853
-0.00485602
-0.293865
-0.72058
0.0697235
0.0460065
NA
-0.332147
-0.26175
-0.39164
0.1359
0.0901283
-0.115906
0.0968539
-0.0482047
-0.222662
-0.347285
-0.064095
0.138338
-0.314608
0.0447551
NA
0.15097
0.0448799
-0.14702
NA
-0.272086
-0.0113273
-0.301112
-0.240865
-0.186422
0.0747236
0.0610114
-0.0208559
0.0938737
NA
-0.258429
0.0132011
-0.45334
-0.624223
-0.366178
-0.332432
NA
-0.137224
NA
0.0641577
0.0967654
0.00584078
-0.00142194
-0.350967
0.000208396
-0.184722
-0.863773
NA
-0.554767
0.149418
-0.324248
-0.412293
-0.582267
-0.313359
0.0469086
0.0338124
NA
-0.160761
-0.674732
0.0266709
-2.44333
0.222666
NA
-0.513397
0.0644361
-0.236723
-0.278286
-0.257167
-0.542461
-0.533756
-0.189648
0.0535888
NA
0.0653936
0.0677756
-0.288423
-0.315238
-0.188214
0.121012
0.0880514
NA
-0.190778
0.0781075
NA
0.0460418
-0.156661
-0.0760122
0.0673701
-0.0471561
0.0409938
-0.521159
-0.108701
0.0543848
NA
-0.127227
-0.543938
NA
-0.447007
-0.380637
-0.335846
-0.86301
NA
0.104439
-0.473298
0.0182885
-0.426614
0.0870531
-0.000691559
NA
-0.0144568
-0.312394
-0.0562986
-0.165856
-0.0968309
-0.12566
-0.475826
-0.0130545
-0.422464
0.419417
NA
-0.543542
NA
0.0611014
-0.373458
-0.353711
0.0438203
0.0929202
0.253845
-0.577466
-0.700172
NA
0.067437
0.00294511
0.0162489
0.000578716
-0.354792
NA
0.0611679
-0.279336
NA
NA
0.0470748
-0.245714
0.0595348
0.0598217
0.0347248
0.0197132
NA
0.0966516
0.0641397
-0.633021
0.065734
-0.212532
-0.241899
-0.0290571
0.0259339
-0.111727
0.0677715
NA
NA
-0.540254
-0.257903
-0.0735722
-0.196235
NA
0.0492751
-0.0719549
-0.231135
-0.148117
-0.414692
-0.00644116
-0.6739
-0.363005
-0.592308
-0.0730902
NA
0.0107051
-0.388647
-0.793621
0.0311405
0.0213266
0.0433287
-0.528833
-0.483761
-0.0305281
-0.125539
-0.216938
-0.00122865
0.0929233
-0.327996
-0.523166
-0.130536
0.0706113
-0.190762
-0.274923
0.0851616
0.215691
0.0548208
0.00191155
NA
0.0645854
0.0655638
-0.0166259
-0.18332
-0.0012778
-0.447293
0.0722735
0.172685
0.0273655
0.0684283
-0.485623
0.0626472
-0.559425
-0.271118
-0.380521
NA
-0.0321748
-0.834767
0.0981288
NA
-0.824075
-0.729795
0.0398986
-0.207384
-0.00203125
-0.41397
0.0261461
-0.319993
-0.340683
0.0172486
-0.0847306
0.0702287
0.0785906
NA
0.0707396
0.071308
-0.54989
-0.545362
NA
NA
-0.113721
-0.268306
0.066471
-0.593558
0.036014
0.0545037
0.103067
0.0119908
0.109404
-0.0692784
-0.386966
-0.385132
-0.422572
NA
-0.179548
-0.542007
-0.826636
-0.587646
0.0225095
0.0429643
0.0111014
NA
-0.815842
0.0146392
-0.137543
-0.575553
-0.0394017
-0.125529
-0.366824
NA
0.132039
0.0716766
NA
0.0152801
0.0693906
-1.92
-0.337368
0.00909105
NA
-0.444116
-0.0106574
-0.205527
-0.588122
-0.249069
-0.01768
-0.219928
0.0328627
0.0433757
-0.294263
NA
-0.109329
-0.535471
-0.510129
NA
-0.0728257
-0.406012
-0.487654
-0.19677
NA
-0.47196
-0.305502
-0.0384142
0.0403484
NA
-0.320443
0.0647646
0.00465425
0.0295993
-0.958163
-0.311321
0.0656733
-0.691855
-0.355548
-0.0508787
-0.0803872
0.0817171
-0.393049
-0.296409
0.0954755
-0.0121179
NA
-0.302101
-0.675075
-0.744138
-0.748093
-0.123556
-0.245524
-0.476972
-0.242415
-0.387197
-0.199198
-0.146332
-0.326865
-0.586645
NA
NA
NA
-0.0204177
0.0789151
-1.77685
0.071963
-0.346483
0.13223
-0.692792
-0.00538271
0.06731
0.0687066
NA
-0.398833
-0.285351
-0.0295174
-0.458651
-0.509521
-0.152663
-0.276015
0.242843
-0.227719
0.0993694
-0.682948
NA
0.0167756
0.099442
NA
0.0246879
0.0421561
0.16741
0.0688738
-0.0890644
0.127991
-0.10818
0.00104343
-0.342214
NA
NA
0.0674732
NA
-0.323489
0.0740206
-0.803909
0.0882197
-0.0937616
-0.206339
-0.0132105
0.00423874
-0.719655
-0.226373
0.0686605
-0.0599503
NA
NA
-0.0335599
-0.33979
NA
-0.888065
-0.0752312
0.0969094
-0.514578
-0.796372
-0.0280458
-0.0412126
NA
-0.770914
0.0144101
-0.551882
-0.259337
-0.0116404
-0.600344
NA
-0.055962
-0.300414
-0.322527
-0.205564
0.0750276
0.0320852
-0.333457
0.0655746
-0.975181
0.048433
0.00383097
0.11902
0.114657
-0.529083
-0.367925
0.0691181
0.0449316
0.00796215
-0.186348
0.0442286
0.0897269
0.0300009
-0.00632668
-0.761472
-0.224535
-0.107418
-0.276125
0.167675
NA
-0.275701
-0.549332
NA
-0.461427
-0.262989
0.0709065
0.0682604
-0.363101
-0.246792
0.0810482
NA
0.0870128
-0.530686
NA
-0.479107
-0.14469
-0.530936
0.0736808
-0.846311
-0.00411501
-0.673085
-0.545793
NA
NA
-0.372308
NA
-0.258203
0.037365
-0.0832017
-0.0255375
-0.372914
-0.0631231
-0.57558
NA
-0.584552
-0.362909
0.0454564
-0.625726
0.046357
0.170755
0.202627
-0.198332
-0.0314982
-0.13219
-0.24615
NA
0.0674241
-0.531958
-0.0958837
0.0644991
-0.544381
-0.57963
-0.547776
0.0655947
0.0445286
0.0696619
0.0723785
0.101994
-0.372461
-0.274864
-0.850288
-0.372757
0.0732048
0.038275
-0.556611
0.0153534
-0.566375
0.0662582
-0.547107
-0.274333
-0.442429
NA
-0.737644
-0.301368
-0.465009
-0.0842062
-0.54719
-0.271508
NA
0.0911834
0.0392931
-0.0137564
-0.0739121
0.0589882
-0.301044
0.0816831
-0.291807
0.102521
0.0464471
-0.190966
0.0358748
-0.282117
-0.0898708
-0.580159
-0.460815
-0.0443005
0.491791
0.0974532
0.0603068
0.101612
-0.0933485
-0.360899
NA
0.0187021
NA
-0.674278
-0.320668
-0.562618
-0.101083
0.0738734
-0.0125255
0.0808241
0.00471052
0.0771694
-0.362339
NA
-0.415076
-0.0618053
-0.0806183
-0.296852
-0.111718
NA
-0.282282
-0.048786
0.0116706
-0.00265877
-0.0632359
-0.215426
NA
-0.303026
-0.211119
-0.162742
-0.266091
-0.430919
-0.180401
-0.291876
-0.649222
-0.013969
-0.22887
0.00110483
-0.153671
-0.672502
0.0646543
-0.0183729
-0.0762487
-0.010966
-0.438779
NA
-0.405947
0.0707896
0.0650821
0.0229968
0.00827466
-0.0828594
0.0931624
-0.0129772
NA
NA
0.0657758
-0.141943
0.148948
0.0520656
-0.0527879
-0.021771
-0.180655
-0.153978
0.064105
0.0836344
-0.659119
-0.130055
-0.709974
-0.576711
0.0459237
-0.531746
0.0267661
0.0418211
0.0317908
-0.178227
0.086135
0.0251594
-0.0564542
-0.647839
NA
0.0701531
0.0490124
-0.377046
NA
0.0850587
-0.140508
-0.109611
-0.0782573
NA
-0.17943
0.0470162
-0.146616
0.0321136
-0.221994
-0.732207
-0.161933
-0.648068
-0.272235
-0.317209
0.0519964
0.0667692
-0.495618
NA
-0.792615
-0.163535
-0.236462
-0.619166
NA
-0.336069
0.0386833
0.0844441
-0.0191033
-0.122653
-0.229845
-0.331074
-0.751606
-0.272083
-0.321314
-0.175732
-0.635663
NA
0.063127
-0.320457
-0.386304
-0.053718
0.0683341
0.0694348
-0.18959
0.00969074
-0.046927
-0.740276
0.0644627
-0.0942305
-0.360805
0.0179823
0.0594203
-0.115111
NA
-0.654715
-0.379471
0.241648
0.00829657
NA
0.114785
-0.706973
0.0468175
-0.82096
-0.250874
-1.05595
0.0839874
0.0537788
-0.570014
0.0230597
-0.245164
0.0450721
0.043411
-0.652037
-0.0222899
NA
-0.389185
0.0302898
-0.539909
-0.386968
-0.0874213
-0.551652
NA
-0.356439
-0.206773
-0.10459
NA
0.0246845
-0.242687
NA
-0.313238
-0.296717
-0.43574
-0.346982
-0.728
-0.0920835
-0.563452
-3.25
0.109443
NA
0.0709362
-0.0785714
0.0168743
0.0717055
-0.525789
-0.133048
0.0470788
-0.736198
NA
-0.322472
-0.253375
-0.31623
-0.028094
0.0383553
-0.0127711
0.219596
-0.568674
0.051617
-0.171891
0.227515
-0.0905827
0.0939003
-0.361049
-0.00436047
0.0757041
-0.068223
-0.154514
-0.00999201
-0.167329
-0.0187747
-0.0569769
-0.699441
0.104148
-0.00165948
0.0716736
-0.033799
0.0448738
NA
-0.186799
-0.489582
-0.0437867
0.0772124
NA
-0.457183
0.0473249
-0.386352
0.0650241
0.0533267
0.0615511
-0.0448153
-0.609553
-0.283351
0.014781
0.12841
-0.509144
-0.354613
-0.436725
0.0457529
NA
-0.133807
-0.252164
-0.0170671
0.0751057
-0.838828
0.0782596
NA
0.060086
-0.142807
NA
-0.422968
-0.307997
0.0440415
NA
0.0685764
-0.409622
-0.0700969
-0.728253
-0.788848
-0.562951
-0.157728
-0.363546
NA
-0.0718647
0.104166
0.10522
-0.122539
-0.153881
-0.0676192
-0.00655444
-0.553089
-0.166347
0.0436606
0.0482779
-0.771376
0.0532654
0.0608967
-0.333921
NA
0.0930818
-0.0278402
0.0241021
0.044381
0.0342607
-0.0616659
-0.698008
-0.588023
0.0820098
-0.314246
-0.492176
0.00420689
-0.684562
-0.230285
-0.498587
-0.475385
NA
-0.0901669
-0.343673
-0.770011
0.0734465
0.0572129
0.0745635
-0.573391
0.0332328
0.149981
-0.559163
-0.513346
-0.557197
-0.334726
-0.293441
-0.482968
0.0886516
0.0761435
0.0767972
0.0683528
-0.264354
0.0443491
-0.0896858
-0.343465
-0.184862
-0.0898716
0.15672
-0.620035
0.0255209
-0.0561756
0.0422363
-0.0267666
0.0467035
NA
0.0212917
-0.452105
-0.296804
-0.291061
-0.737251
0.0392375
0.061716
NA
0.0618515
-0.34548
-0.625928
-0.151497
0.0305278
-0.344384
-0.263348
-0.882433
0.0620555
0.108755
-0.520229
-0.258741
-0.0710359
-0.5435
-0.294456
0.0305943
-0.236222
-0.0205478
-0.254946
0.145585
-0.364813
0.0791035
0.0173158
NA
0.0330729
-0.165173
-0.253754
-0.548575
-0.484474
-0.642823
-0.0537548
NA
0.00936229
-0.445913
-0.327104
-0.415128
-0.0881676
0.096747
-0.345168
-0.119974
-0.0766376
0.0513021
0.0449231
0.00834919
-0.00893028
-0.421897
0.218671
0.10383
-0.966494
-0.00989124
-0.0576861
-0.408636
-0.108943
NA
-0.093178
0.0765845
-0.241579
-0.974617
-0.381546
0.0543521
0.0586532
NA
-0.283602
-0.304224
-0.292292
0.103309
-0.0740105
-0.543753
-0.173644
-0.117155
0.0826009
NA
-0.0847205
0.0830128
-0.151461
0.0439003
-0.0491594
0.0222197
0.0694216
0.0779117
0.0580756
0.00115362
-0.375374
0.0723199
-0.581646
-0.405137
0.0228813
-0.233732
-0.620236
-0.293454
-0.0998665
-0.498507
NA
-0.399966
0.0133843
0.103163
-0.430197
-0.0185843
0.00520363
0.182488
-0.132385
0.0937958
-0.357869
0.0695972
-0.357547
-0.362848
-0.117652
NA
-0.258818
-0.484009
-0.512732
-0.142815
-0.0976055
-0.000282818
-0.2114
-0.175956
0.167939
-0.199807
-0.216489
-0.417989
0.0822717
0.0466771
0.0113242
-0.22542
NA
-0.143948
-0.278439
-0.528113
0.111564
-0.111779
-0.248643
0.0131275
0.0619218
-0.00111678
-0.505553
-0.167433
-0.0405446
0.00437056
0.0153805
-0.0723058
0.101312
NA
NA
-0.235376
-0.70181
NA
-0.279693
0.0660354
-0.00102871
0.0495197
0.0762653
NA
-0.449694
0.0745336
-0.645093
-0.266189
0.0470584
-0.217704
-0.550117
-0.338935
NA
-0.564843
0.0723387
NA
-0.55169
-0.117953
-0.553802
-0.103945
0.088489
0.0167387
0.744628
0.0114962
0.0766159
NA
-0.0914737
-0.607558
NA
0.0449949
-0.188572
0.065704
-0.464524
-0.0808333
0.004475
0.0236811
0.0642182
-0.695154
NA
0.0543458
-0.206636
0.076271
0.0355128
0.0436006
-0.285089
-0.614561
-0.0328897
0.0219362
-0.155028
-0.106545
-0.155778
0.0675952
-0.657261
0.0386862
0.0357688
-0.543099
0.0597055
-0.456482
-0.36356
-0.064194
0.0469186
-0.112634
0.0602276
0.0767913
0.070735
-0.3608
-0.521318
-0.00182635
-0.941784
-0.167892
-0.661068
-0.0696499
0.0656729
-0.309698
-0.00099049
-0.116149
-0.423172
-0.629827
-0.076983
0.12015
0.12487
0.0709202
0.0874843
0.0758421
-0.483876
0.088573
0.0620974
-0.574702
-0.14962
-0.556586
0.0584224
-0.505599
-0.112089
0.0679047
NA
0.0588529
0.0723488
NA
-0.515489
0.0591109
-0.017351
NA
-0.527428
-0.170484
NA
-0.630723
NA
NA
-0.567185
-0.54421
-0.203714
-0.265841
-0.650026
NA
-0.158415
-0.530039
-0.0423701
-0.574015
-0.823474
0.0413866
NA
-0.500607
-0.554159
-0.187332
-0.00366393
-0.371411
-0.223857
-0.4305
-0.247637
0.0107249
0.0689502
-0.401132
-0.461599
-0.0453405
NA
-0.359593
-0.108677
-0.11014
0.0129771
-0.518297
NA
-0.233908
-0.177176
-0.19866
0.130849
0.0568143
-0.801509
-0.677855
NA
0.0658989
-0.337382
-0.142682
0.0704821
-0.454224
0.119415
0.0552799
NA
-0.625255
0.00824496
0.0508459
-0.627987
-0.477339
-0.0644327
-0.1026
-0.294894
-0.283821
0.04373
-0.130364
-0.148118
-0.777218
-0.251218
-0.242173
0.0742101
NA
0.0657483
0.0284127
0.0468424
0.00594266
-0.0073534
0.0437039
-0.529993
-0.654034
-0.328826
0.0674848
0.0453611
-0.0312483
0.0103156
-0.0930471
0.0773782
0.325506
-0.223893
0.0679983
NA
-0.225625
-0.295254
0.0527814
0.250494
-0.188773
-0.382712
-0.180322
0.0795991
-4.31217
0.0481053
-0.00607609
0.0908675
-0.309586
0.0777265
0.0328129
0.0488841
-0.375317
0.0699381
-0.0111834
-0.246738
0.0649273
-0.0563858
0.18034
-0.226912
0.068433
0.0354186
-0.0451234
0.0436473
-0.167255
-0.084875
NA
NA
0.0284814
-0.44783
-0.0469893
0.0764693
-0.052786
-0.368099
-0.418549
-0.470783
-0.00311448
NA
-0.0749275
NA
-0.39682
-0.0806317
-0.286691
-0.627071
-0.0818738
-0.104982
NA
-0.32739
0.066093
-0.711093
-0.216826
-0.223842
-0.254253
-0.403095
-0.534192
-0.240987
0.732047
-0.265079
-0.332816
-0.276638
-0.224181
0.0597041
-0.542354
-0.343867
-0.0805827
NA
-0.542414
-0.161647
-0.504238
-0.573745
-0.29779
-0.16127
-0.902234
-0.455703
0.0730407
-0.586902
0.023135
0.0069574
-0.0457223
0.0188065
-0.752175
NA
-0.708883
-0.323896
0.0455257
-0.29054
0.0773012
0.0448718
-0.264915
0.0616655
-0.610943
-0.674431
0.0587927
-0.368012
0.0433451
-0.218421
-0.0895452
0.0131021
-0.151538
-0.416774
0.0592989
0.0419451
NA
-0.216986
0.00600407
-0.743125
0.111888
0.104505
-0.452091
-0.00840902
-0.137545
NA
-0.378608
-0.384212
-0.317352
-0.296194
0.185662
NA
0.0581926
0.0967032
-0.0532093
0.0253034
-0.20539
0.0444311
-0.373072
-0.0289721
-0.473718
-0.382037
-0.552664
-0.28471
0.0885891
-0.00568646
-0.0173124
-0.0398669
0.0804495
-0.568333
-0.00624764
0.0747885
0.0384532
-0.165574
-0.239849
-0.456629
-0.426404
0.0717588
-0.471776
-0.498006
-0.202248
0.0384592
-0.171462
-0.411176
0.0111289
0.0728479
-0.64156
-0.257174
-0.302345
-0.0348785
-0.276533
-0.575433
-0.544045
0.0518136
0.0566517
0.0725092
-0.315279
-0.28334
-0.186509
-0.167286
-0.0284679
NA
NA
-0.0904015
0.0423205
-0.282845
0.15064
-0.279425
-0.385376
-0.294538
NA
NA
-0.632396
0.108014
-0.790042
-0.204198
-0.0171087
-0.575861
-0.256677
0.0682351
0.0990927
0.0772042
0.0552493
0.0102234
0.108951
-0.0445835
0.069849
NA
-0.375399
0.0814458
-0.314674
0.0789983
-0.0316536
-0.121825
-0.245408
0.0504771
0.0769236
-0.0821487
NA
0.0251645
0.06762
-0.0898993
-0.576067
0.0326594
0.0949
-0.0578011
0.0278531
0.077102
-0.267085
0.0812239
-0.205418
0.040126
0.0117283
-0.0728898
0.0481396
-0.248303
NA
-0.544937
-0.00736315
NA
-0.130337
-0.603117
0.0227234
-0.286827
-0.0142457
-0.400515
-0.55963
-0.537828
-0.00456826
-0.375342
-0.125308
0.0718085
-0.490037
0.0939174
-0.545994
NA
-0.309792
-0.574957
0.0322909
0.00376205
-0.605912
-0.0824018
NA
-0.537027
-0.333134
-0.404458
NA
0.530169
-0.140613
NA
0.0202591
-0.166103
-0.636792
-0.0903612
-0.180194
-0.079994
4.93543e-05
-0.110187
0.0971
0.0151611
-0.518063
NA
0.0725047
NA
-0.137699
0.0880241
0.0784399
-0.378478
0.0351577
0.056309
-0.225911
-0.058963
-0.277707
-0.129042
NA
-0.132465
NA
-0.688616
0.0257863
-0.0130042
-0.097996
-0.237192
-0.316405
0.0792553
NA
-0.522867
NA
0.0263333
-0.238645
-0.598357
0.0646475
-0.308564
0.0762982
0.019671
0.0319988
-0.323631
NA
0.0399243
NA
0.0829129
-0.183932
-0.0522375
0.0872746
-0.942133
-0.37476
0.293192
-0.193468
-0.493082
-0.603532
-0.249722
NA
0.0657547
-0.35443
-0.463589
0.0365994
-0.34612
0.0481767
-0.193493
-0.0569547
-0.0166213
0.064576
-0.0748279
0.0456624
NA
-0.844164
-0.214609
-0.119159
-0.328886
-0.629206
-0.299118
0.0380779
NA
0.0357142
-0.575607
0.0712179
-0.340195
-0.497756
0.0899471
NA
0.0875705
-0.585223
-0.0461212
-0.0829975
-0.596283
-0.122169
-0.12365
NA
-0.0916728
0.0966067
-0.2815
-0.60147
0.0828405
-0.497949
0.0320846
0.0236986
NA
-0.517352
0.0485886
-0.0478911
-0.0810419
0.0729143
-0.0934873
-0.391313
-0.958385
0.0698221
0.0848946
-0.42694
-0.347829
NA
-0.423923
-0.231101
-0.163352
-0.0594279
-0.501138
0.0822078
-0.40613
0.0452716
-0.434752
-0.433281
0.0258035
-0.467366
NA
-0.0735714
-0.471126
-0.0529077
0.00449029
NA
-0.218602
-0.580953
0.0680543
0.0421618
0.0503964
-0.180741
NA
-0.137734
-0.328757
-0.348429
-0.0339211
-0.31736
-0.131496
-0.291487
0.0356156
-0.363077
-0.342778
0.0843486
-0.323556
0.0205568
-0.499473
NA
0.0761829
0.09955
0.0708706
NA
0.0303895
-0.620212
-0.320486
0.000328726
NA
1.36364
-0.0522373
-3.09
-0.669192
-0.72967
NA
-0.399671
0.0207229
0.016044
0.0195348
NA
-0.0529349
0.0241311
-0.377255
0.0407098
0.0372363
0.168955
0.0634055
-0.0137891
-0.722585
0.00416726
-0.57759
NA
0.0095128
0.0194871
0.112847
-0.345963
0.0463314
0.0647354
-0.391945
-0.381491
0.859267
-0.426817
-0.47681
0.0563271
-0.0578725
0.0487757
-0.360885
NA
-0.343766
0.0621981
0.0815894
-0.194918
NA
0.018881
0.0426213
0.0461127
0.024042
0.0411132
0.00276974
-0.00592053
-0.40616
-0.0229542
-0.0664653
-0.172799
-0.0845735
-0.608838
-0.232384
-0.457789
-0.312754
NA
-0.0316973
-0.0947113
0.121595
0.0272426
-0.670267
0.0731263
0.039726
-0.412522
0.0568758
-0.0645522
-0.393249
0.0358758
-0.218401
-0.467109
-0.727221
-0.602831
0.0118859
0.0034743
-0.747576
0.118662
-0.10524
-0.0908235
-0.196042
-0.183359
-0.495451
-0.204728
0.0857195
-0.661943
-0.312418
-0.373303
-0.184145
-0.350007
-0.0331263
-0.367557
NA
-0.727178
NA
-0.739701
NA
-0.428206
-0.422463
-0.270972
-0.372104
-0.55145
0.0589872
-0.181311
0.0501755
-0.0366331
-0.187048
-0.626855
-0.293174
-0.593181
-0.407123
-0.686472
-0.268241
0.0664504
-0.166098
-0.640078
0.00667937
-0.796306
-0.410679
-0.201208
0.013793
-0.158503
-0.479521
-0.498403
-0.582679
NA
-0.423905
-0.000664102
-0.21807
-0.451169
-0.177765
NA
-0.0224972
-0.681216
0.0446426
-0.0421144
-0.0167053
-0.434205
-0.0370391
-0.113653
0.0782861
-0.286634
NA
-0.109104
NA
-0.153835
0.07814
0.0747522
-0.0911315
0.00958249
0.0233513
-0.556078
0.133683
-0.224206
NA
NA
-0.541558
-0.282141
NA
0.0717355
-0.0434271
-0.2912
-0.00501511
-0.127127
0.0569171
-0.181752
-0.38276
0.0752546
0.0446544
-0.291882
-0.121557
-0.296124
-0.149596
-0.0367061
-0.425829
-0.1543
-0.352388
NA
-0.433817
0.0636056
NA
-0.367896
0.0618108
-0.365127
NA
-0.402775
NA
NA
0.0819808
-0.541869
0.0169375
0.0042424
-0.464574
-0.451724
0.055712
-0.368186
0.0577476
-0.392284
NA
-0.104898
-0.791506
-0.2643
0.0685165
0.0366602
0.00790068
0.0617027
0.120765
-0.623445
-0.400814
-0.418664
NA
-0.00682563
0.122872
0.03152
0.0224937
-0.295972
-0.521579
NA
-0.578643
-0.0621201
NA
NA
NA
-0.53811
-0.677376
0.0933341
-0.305287
NA
-0.324055
-0.307109
NA
-0.495901
-0.224449
-0.241113
-0.569609
-0.394801
-0.298715
-0.336592
-0.0530832
-0.321337
-0.340109
-0.43402
0.0214758
-0.0204962
-0.26145
-3.27
-0.147057
NA
-0.0698831
0.173055
-0.612156
-0.41253
0.0888984
-0.244213
-0.0386511
0.00808688
-0.037432
-0.205036
-0.197119
-0.148737
0.0385468
NA
0.107514
-0.327674
-0.0610438
-0.487743
0.0643886
-0.252989
-0.269101
NA
0.0479689
0.0682885
-0.634984
0.0838598
0.0273287
NA
-0.354475
-0.299164
-0.593985
-0.351958
0.0186489
NA
-0.432941
-0.0758062
0.375341
-0.435529
-0.540424
NA
-0.0591437
NA
-0.0690601
-0.0665129
-0.22868
0.0730413
-0.301527
-0.621308
NA
0.00478259
0.0220932
0.0410673
-0.108105
0.0231734
0.127423
NA
0.0925693
-0.440379
-0.491142
0.157338
0.0294419
-0.818684
0.0440294
NA
-0.642533
-0.583416
0.028796
-0.0399027
-0.165356
-0.742046
NA
0.00528682
0.015797
-0.832349
0.0163276
-0.400478
NA
-0.456426
-0.30192
-0.323088
0.0487484
NA
-0.0107016
NA
0.120724
-0.0951921
0.0660773
-0.206379
-0.749598
-0.35229
-0.194443
0.0631905
-0.593861
-0.815843
0.0409386
-0.213319
-0.57935
-0.294725
NA
-0.204502
-0.362191
-0.0857042
-0.158812
-0.0884027
0.0454629
-0.606669
0.0410747
-0.320738
-0.268909
-0.460967
-0.154364
-0.545008
NA
0.0430527
-0.132078
-0.355154
-0.183194
0.0890149
-0.984168
-0.150602
0.0752764
-0.127545
0.0776744
0.0627706
0.00148604
0.0158995
-0.145838
0.0920068
-0.313682
-0.158316
-0.626973
-0.175729
-0.728832
0.18814
0.0700177
0.0158219
-0.244151
-0.08476
0.0388864
0.173922
-0.428711
-0.373243
-0.220802
0.0768739
0.00218207
0.0713903
-0.336065
-0.112527
-0.177281
-0.396679
-0.471422
NA
0.0402389
-0.776965
-0.388971
-0.297986
NA
-0.815726
-0.0219502
0.0464276
-0.157841
NA
0.0712464
-0.242153
-0.162408
0.0793092
-0.558753
-0.286741
-0.382586
-0.43751
-0.162109
0.0453837
-0.281132
0.0931381
NA
-0.182178
-0.405714
-0.153627
0.0687618
0.0733458
-0.52705
-0.207376
-0.0981629
-0.447598
-0.824248
0.074815
-0.451988
-0.362647
-0.4229
-0.67197
0.0783546
-0.436559
NA
-0.059828
-0.181156
0.112498
-0.198412
0.00521899
-0.137536
0.0286992
-0.456025
0.0716294
NA
-0.52178
0.0584356
0.0448187
0.131743
-0.153496
NA
0.115261
-0.331479
-0.172234
0.0946532
-0.342819
0.0517413
-0.00493101
-0.687454
-0.200839
-0.329226
0.122695
-0.129909
-0.449029
NA
NA
-0.294907
0.0708166
-0.151959
0.0470207
NA
0.0852197
-1.13805
-0.13194
-0.799995
-0.18933
-0.0343807
-0.241195
NA
-0.242972
-0.498052
0.0845459
NA
-0.341486
0.0498484
0.0395491
0.0468043
0.0624976
-0.831182
-0.00844677
0.0435027
0.0464039
NA
-0.51878
-0.421974
-0.654647
-0.0349658
NA
0.0890553
0.0848353
0.0513408
-0.641981
NA
-0.562128
0.0858104
-0.0612149
-0.400025
-0.777883
-0.118091
-0.381149
-0.460036
NA
-0.302082
-0.112674
0.0126598
0.0692273
NA
-0.262234
-0.0166764
-0.237656
-0.192679
0.0887779
0.0720296
-0.185848
-0.274285
-0.212753
0.0724346
-0.18027
0.0310456
-0.0717847
-0.300998
-0.304117
-0.294684
NA
-0.143349
0.0419496
-0.136115
0.202123
0.0765672
-0.627424
-0.475736
-0.161195
-0.417003
-0.372092
-0.362661
-0.383429
0.0342767
0.0508199
0.0110131
-0.033321
0.0806348
0.0354954
NA
0.000187709
-0.00832919
-0.0786957
NA
-0.00636473
-0.762593
0.0600568
-0.4108
-0.514584
-0.08835
NA
NA
-0.363275
0.0903331
-0.725294
-0.166498
0.0648494
-0.318934
0.0534182
-0.0267406
-0.0324551
-0.0061389
-0.583421
-0.0757326
-0.0574919
NA
-0.0830366
0.0878368
-0.344681
0.0392623
-0.422313
-0.143619
0.0441483
-0.0362395
-0.139126
-0.0192924
-0.157523
-0.279751
-0.457109
-0.00878237
-0.44817
-0.360268
NA
0.0881846
-0.0673424
-0.554432
0.0773703
-0.306825
NA
-0.33476
-0.687649
NA
-0.565178
NA
0.0796556
-0.139829
0.0588079
0.106118
0.0268363
NA
-0.11783
-0.412965
-0.479679
-0.293758
0.0898983
-0.337866
-0.669732
-0.00757078
0.0309003
0.0549159
-0.314418
NA
-0.102229
-0.573722
-0.278767
0.0678717
-0.241637
-0.47822
-0.151504
-0.409521
0.0541898
0.0203104
-0.23742
-0.114663
-0.373158
-0.828875
0.0755294
0.0407552
-0.45232
0.065192
0.0790203
-0.0709616
NA
-0.383485
NA
-0.41418
0.0869398
NA
-0.403558
0.0771887
-0.446842
0.044914
0.0360129
0.04139
-0.895495
0.0144476
-0.0786793
-0.92765
-0.767127
-0.273858
-0.06988
-0.419826
-0.17734
-0.0563991
-0.665005
0.0794531
-0.325607
0.033592
-0.21375
-0.468585
NA
-0.465694
-0.0849351
-0.177995
0.0458894
-0.0393629
-0.344326
-0.0391254
NA
-0.0504437
0.0935981
-0.19289
-0.236034
-0.426643
-0.26128
0.0762106
-0.368981
NA
-0.119841
0.0872585
0.0452928
-0.209928
0.043655
-0.343276
0.0285889
0.000937972
-0.313584
-0.259803
-0.287179
0.0692745
-0.706532
0.0863971
-0.457852
-0.627471
0.071814
NA
NA
NA
0.0676392
0.0440189
-1.06914
NA
-0.190199
-0.0519554
0.0442434
0.0196744
-0.471736
NA
NA
NA
-0.0442003
-0.307574
NA
-0.0235241
NA
-0.546046
-0.283774
0.0272949
0.104065
-0.837445
-0.324798
0.0196284
-0.0394806
-0.484211
0.0465198
0.0734168
-0.172182
-0.736087
-0.0975913
0.024411
0.17555
0.0303756
0.0496206
NA
0.00582988
-0.355616
-0.253293
0.104718
-0.264308
0.0816696
-0.746259
-0.397725
-0.474849
NA
-0.366495
0.0523045
-0.480355
0.0670322
-0.308828
0.0155673
NA
NA
0.093225
0.0239779
0.0561268
-0.539813
NA
-0.110964
0.00191161
-0.341992
-0.74862
-0.0688105
-0.242502
0.0469072
-0.955669
-0.0278628
-0.207412
0.0659575
NA
-0.465742
0.0686249
-0.452003
-0.832169
-0.288126
-0.433621
0.0696208
0.017012
-0.465771
0.0789085
-0.536543
NA
-0.290356
-0.462228
-0.134831
-0.381549
-0.29318
-0.589963
NA
NA
0.087768
-0.0812203
0.0202296
0.0395268
0.028422
0.0188353
-0.179035
-0.343497
0.138756
0.0158619
0.0364378
-0.31337
0.0547971
NA
-0.308884
0.0208824
-0.207877
-0.877782
-0.363115
0.0821191
-0.376377
-0.400313
-0.678977
-0.303486
-0.226307
-0.720324
-0.369934
NA
-0.444942
-0.526686
NA
0.0208632
0.364232
-0.409283
-0.545819
-0.0632509
0.042888
-0.163753
-0.175657
-0.139538
-0.459188
-0.0946642
-0.0844286
-0.0506017
0.0390017
0.0449818
-0.327177
NA
NA
-0.53732
-0.454067
-0.303254
-0.352851
-0.0891941
-0.335839
-0.112125
0.00171997
0.0745555
0.0400932
-0.0501887
-0.196604
0.0263693
-0.402234
0.0798025
-0.165943
-0.0542241
-0.217512
0.0276323
-0.2149
-0.565589
NA
-0.540823
0.00226629
NA
0.1158
-0.367424
-0.137361
-0.0440938
0.0367099
0.108649
-0.442283
0.0359035
0.0822927
-0.329375
-0.100323
-0.025528
0.0253698
-0.093997
NA
-0.426292
0.128198
0.0696152
0.073898
-0.485694
0.0931923
NA
-0.183213
NA
0.0650953
-0.359411
NA
NA
-0.655059
-0.159089
NA
-0.0333527
-0.00616802
-0.247019
0.0881071
-0.288335
-0.755945
NA
-0.125464
0.0461031
-0.740206
NA
0.0865431
-0.0844259
0.00920446
NA
-0.243721
-0.423228
NA
-0.444591
NA
-0.392379
-0.454204
0.269924
-0.360149
0.109716
-0.358136
NA
NA
-0.00621377
-0.144048
0.117614
0.099788
0.0697521
0.029692
-0.693751
0.075181
-0.453575
0.0129404
-0.666484
0.088624
-0.641723
0.0606275
-0.0557086
-0.437368
0.237212
0.0844148
-0.0675484
-0.51333
-0.422954
0.0917183
-0.184869
0.0401466
-0.343733
0.121744
0.0771867
NA
-0.0515337
0.0377495
-0.29134
NA
0.169479
0.0859449
-0.245881
-0.566446
NA
-0.690357
NA
0.0303055
-0.200609
-0.136444
-1.461
-0.47268
-0.304805
-0.387328
0.0317796
-0.537583
-0.686977
NA
-0.257917
-0.439728
-0.00881591
-0.590155
-0.496329
-0.00157872
-0.365867
-0.129967
0.0735222
0.129117
-0.13408
-0.756467
-0.702943
-0.484807
0.0453342
0.071086
-0.193152
0.0336635
-0.889593
0.0180669
0.0298828
-0.38815
-0.527965
NA
-0.233797
-0.0189853
-0.209759
-0.108379
-0.661912
-0.0289691
-0.0355857
0.0421785
-0.547062
0.110093
-0.232191
-0.482193
0.0676182
-0.51331
-0.0209892
0.0623541
0.0555026
NA
-0.0889251
NA
0.0871077
-0.0477514
-0.668318
-0.15672
-0.110786
-0.0678527
-0.265698
-0.0776222
0.10969
-0.124303
-0.0879589
0.0116506
-0.307896
0.076193
NA
-0.267523
-0.23421
-0.4963
0.0666066
-0.190924
-0.633762
NA
0.00130566
-0.523753
-0.181188
-0.0112864
-0.389241
-0.465286
0.0446532
-0.282823
0.0759674
0.089681
NA
-0.0682649
0.0305491
NA
-0.286157
-0.764786
-0.232403
0.034697
-0.714109
-0.183486
-0.250082
-0.478348
NA
0.0446358
-0.535116
0.0784136
-0.66548
0.060408
-0.0219128
NA
-0.381806
-0.261189
-0.882228
-0.530177
0.134608
-0.337988
-0.418936
-0.197404
-0.122888
0.0027562
-0.0963313
-0.397146
0.0487235
-0.0863128
-0.298289
-0.41876
-0.511111
-0.433836
0.0429442
-0.29834
0.0479687
0.108602
-0.00377937
-0.426904
-0.151978
-0.115452
-0.413125
-0.114591
0.00455193
-0.327577
0.103413
0.0166956
-0.318587
0.103456
-0.904187
0.356825
-0.412989
NA
-0.540789
0.0181571
-0.358573
-0.523816
0.0496075
-0.956873
0.0662471
0.013722
-0.477647
0.0445341
-0.00722031
-0.0785096
0.3069
-0.6051
0.0578894
-0.00202648
-0.293055
0.0668462
-0.201435
-0.577025
0.0690414
-0.614773
-0.821144
-0.304033
-0.0851651
-0.112414
0.0449557
-0.0497606
NA
-0.331444
0.0757116
-0.351992
-0.0792933
-0.223044
0.0436123
-0.50629
-0.0570529
0.0774054
NA
0.0585375
-0.560619
-0.241261
0.0079058
-0.0839879
0.0346622
-0.35575
-0.278942
-0.396315
-0.250106
0.0485694
-0.85451
NA
NA
0.145312
0.0817325
-0.400927
-0.0609076
0.104322
-0.697514
0.0577545
0.0487381
-0.0322996
NA
0.35053
-0.191059
-0.246339
NA
-0.685951
-0.241779
-0.0341522
-0.339101
-0.276503
0.0939403
-0.40135
-0.855839
-0.224169
NA
-0.371599
0.0475917
-0.685016
0.0143224
-0.265238
0.0892593
NA
-0.572791
-0.20085
-0.211409
NA
-0.00798828
-0.0203112
0.135284
-0.326991
-0.130406
-0.555249
NA
0.0398487
NA
0.293024
0.074664
0.138053
-0.192991
-0.20187
0.0308136
0.0747168
0.0730806
-0.37001
-0.226971
-0.438799
0.0897901
-0.0819416
0.0737109
-0.266596
NA
0.0744126
-0.473326
0.0133704
0.00461191
-0.45526
NA
-0.261502
-0.555806
-0.64202
-0.124079
NA
NA
0.0067536
0.0449418
-0.230414
0.176249
-0.350636
-0.360481
-0.651496
NA
0.120381
0.0722518
-0.276648
-0.634302
-0.295961
-0.00397048
-0.167349
-0.566905
0.096796
0.00510642
-0.364378
-0.0125223
NA
0.098884
0.0786211
0.079456
-0.497211
-0.115689
-0.568266
0.0772773
-0.581727
-0.280194
0.114363
-0.156263
-0.370895
-0.320578
-0.158243
-0.298615
-0.279199
0.356617
0.0286761
0.0701001
0.0431919
0.0430046
-0.161194
-0.0504438
-0.224376
-0.358616
-0.884537
0.0684387
NA
0.0819487
-0.544305
-0.023189
-0.84229
-0.181281
0.0108303
0.0651579
-0.35234
-0.937136
-0.12383
-0.303736
-1.15726
-0.210402
-0.12874
-0.463456
-0.183857
-0.0815682
-0.0668986
0.0820836
-0.279803
-0.0727286
-0.327513
0.042207
0.0388747
0.0534223
-0.840023
-0.324926
0.0782205
-0.822231
0.0138134
-0.374004
NA
-0.0867513
-0.243764
-0.0101648
0.275658
-0.320713
-0.358329
-0.606262
-0.221586
-0.149062
0.0403431
-0.00057244
-0.373763
0.0102308
0.116927
-0.290138
-0.406713
NA
0.0872036
-0.271797
-0.021933
0.105227
0.0947693
-0.34025
-0.311204
-0.354887
-0.275888
-0.151388
0.0876191
-0.343324
-1.03092
0.0985882
-0.109956
-0.413112
0.0402598
-0.73112
-0.123758
-0.412803
-1.12329
-0.0768868
NA
-0.42553
NA
-0.00766218
NA
-0.153566
0.0434831
-0.568576
-0.113301
0.0633687
-0.593412
0.0902003
NA
-0.0330406
NA
NA
0.0936189
-0.0393147
-0.0529059
NA
-0.195813
0.0679369
0.0659891
-0.0753989
-2.32066
0.0399765
0.0200361
-0.281079
-0.398085
0.0446596
-0.593955
-0.386917
-0.469236
-0.325692
-0.21144
-0.318347
-0.59061
-0.61616
0.104912
-0.331024
0.0638576
-0.390567
-0.359969
-0.205733
-0.0662733
-0.707734
NA
0.0476926
0.0659262
-0.00888515
-0.424917
-0.0109411
-0.338985
-0.633387
-0.0387189
NA
-0.759723
-0.332291
-0.110856
-0.904445
0.075076
0.0851245
-0.366208
-0.81671
-0.123031
0.0864025
-0.485529
0.102001
0.0825963
-0.198658
0.0620897
-0.503911
NA
0.0436084
-0.20999
NA
-0.0982546
-0.555763
-0.386088
-0.551428
0.0812733
-0.198651
-0.0671906
0.00578414
0.0474915
-0.642957
-0.122259
0.0601094
0.0826626
-0.449791
NA
0.0793094
0.06672
-0.639304
NA
0.00919909
-0.201031
-0.119247
-0.381538
0.0931607
0.0465416
-0.168592
NA
-0.26773
0.0691971
-0.633857
-0.425355
0.0415108
0.0604865
-0.0477066
-0.330503
NA
NA
-0.229554
0.0419756
-0.629642
-0.189865
0.0647114
-0.565133
-0.186946
NA
NA
-0.242644
-0.174789
-0.640695
-0.155329
NA
-0.186713
0.118869
0.0288992
-0.283397
NA
-0.35141
-0.316785
0.0580934
-0.0434693
-0.385438
-0.0843521
-0.235102
-0.252731
-0.83132
0.0415767
-0.084771
0.0259901
-0.037639
-0.453968
0.0699958
-0.227844
0.179082
-0.279378
-0.675581
-0.0859051
-0.633843
-0.0681054
0.068121
0.0176331
-0.202128
-0.101605
-0.375122
-0.304855
0.0183914
NA
-0.392182
-0.00868638
0.0408553
-0.294394
0.0337436
0.0135279
-0.748435
-0.320728
-0.0337873
0.0298306
NA
-0.348763
0.0387521
0.00566846
-0.0780769
-0.806858
-0.356567
0.108622
-0.484848
-0.625975
-0.1528
-0.0712785
-0.184322
-0.570494
-4.06902
NA
0.0462469
-0.544708
-0.458508
-0.146189
0.102555
-0.0847501
0.0379366
0.0836219
-0.125223
-0.359274
-0.466971
0.0704309
-0.307258
-0.305792
-0.534216
-0.0619804
NA
-0.269354
-0.732425
-0.240468
0.0884472
0.0886088
NA
-0.145986
0.0761182
-0.175688
-0.237109
-0.112622
-0.139151
0.0424588
0.0398343
-0.498633
-0.336922
-0.0423014
-0.0905753
-0.765428
-0.189993
-0.0291078
-1.00694
-0.0914247
0.0536131
-0.470208
NA
-0.255824
0.0442428
0.0302628
-0.342613
-0.13219
NA
-0.0803514
0.0434793
-0.025526
0.0297559
-0.510607
-0.617836
-0.340491
-0.448519
0.0513319
-0.638258
-0.408356
-0.190846
-0.205243
0.106484
0.0135446
-0.137748
-0.269657
-0.24579
-0.385251
0.0672279
-0.121515
NA
0.0504184
-1.23137
0.0786278
0.111189
NA
-0.0318073
-0.654045
-0.340968
-0.653528
NA
-1.29442
NA
-0.11341
-0.048581
-0.15939
NA
-0.683521
0.0899056
-0.437843
0.119475
-0.00228763
0.045568
-0.974131
0.043125
0.00345826
-0.492169
-0.255676
-0.368734
0.0596438
0.0248027
-0.410285
0.0407657
-0.00690016
-0.569483
0.0159746
0.0695967
-0.236697
0.0832006
-0.654894
0.0887241
0.0373378
-0.270769
-0.238259
-0.433921
NA
NA
-0.624083
0.0318729
-0.00769766
NA
-0.331531
-0.454352
-0.224514
-0.0219381
0.0544521
-0.152762
-0.317946
NA
-0.424457
-0.0726008
NA
-0.361442
-0.332918
-0.165083
-0.128946
-0.344121
-0.376524
NA
NA
NA
-0.0919562
-0.232893
-0.564086
-0.153413
-0.431443
-0.117295
-0.146075
-0.2263
-0.731063
-0.552044
-0.35821
-0.0580714
-0.250156
0.12925
0.04371
-0.334699
NA
-0.335872
-0.126309
-0.279442
-0.224569
-0.421095
-0.314481
-0.272053
-0.259618
-0.0677613
NA
-0.745871
0.0383791
0.0810294
NA
-0.538589
0.0129668
0.0860266
0.0276008
-0.165436
0.11353
-0.621471
-0.199993
0.068756
0.0583721
0.0594928
0.0456653
-0.359043
0.0696821
-0.303329
0.0670858
-0.0774137
-0.432622
0.076294
-0.71084
-0.0913767
-0.217412
0.0788388
-0.20947
-0.186137
-0.940953
0.0966977
-0.13696
-0.106909
-0.36303
-0.668613
NA
-0.0133685
NA
-0.541812
0.0538303
-0.0662341
0.0691359
-0.17111
0.0151954
0.0456005
NA
0.0710256
-0.503547
-0.387573
NA
0.00812732
0.0505725
-0.661321
-0.528946
-0.181422
-0.467115
0.0328004
-0.496377
-0.151307
0.0071949
-0.165196
NA
-0.652783
-0.753642
0.0452724
NA
NA
0.0588717
0.0637491
0.114716
-0.0495913
-0.515012
-0.0418164
-0.360019
-0.459679
0.0454131
-0.0809959
-0.498642
0.0811789
0.0649303
-0.359607
0.0863953
0.0807241
NA
-0.179821
NA
0.0447536
0.0100071
0.0449251
-0.631836
-0.0883508
-0.213805
NA
-0.0736844
-0.133876
-0.37298
0.0152985
-0.211154
NA
-0.459354
0.0982688
-0.226865
0.145197
-0.241144
0.0732517
0.00465984
-0.084181
0.0792499
-1.46038
-0.767681
0.0631458
0.0715451
-0.706719
-0.394859
0.0964686
-0.765499
-0.0164942
0.0270208
0.0196691
-0.400421
0.0578045
-0.418066
-0.399715
0.308715
0.0440225
-0.0196188
-0.0700897
-0.693178
-0.262488
-0.266919
NA
0.0799262
0.0105385
-0.240839
-0.535666
-0.570751
0.0708525
-0.171269
0.0258147
0.0491789
-0.861114
-0.0970632
-0.0321816
-0.437497
0.0611114
-1.1623
-0.149795
0.0665978
0.0498095
-0.174445
0.0147574
-0.420772
-0.0799242
-0.673991
-0.10944
-0.212117
-0.189546
-0.145047
-0.0217271
NA
0.0300977
0.0594795
0.0116572
-0.324821
0.0674288
-0.560806
-0.749272
-0.0404711
-0.0784386
0.0469346
0.0986155
-0.301722
NA
0.0649519
0.0091788
-0.0922325
-0.442219
-0.70348
-0.294322
-0.0896586
-0.192986
0.109074
-0.0324557
-0.710641
0.0279897
NA
NA
NA
0.10596
-0.599533
0.0476233
-0.134116
0.0463921
-0.259524
0.0122095
-0.993312
-0.338335
-0.0463293
-0.283478
-0.111596
0.13887
0.0760943
-0.488638
0.0527768
-0.170622
-0.268252
0.0175909
0.0216647
-0.209968
0.0861899
-0.673494
-0.479659
-0.254978
0.0747897
-0.164874
0.230521
0.0724404
0.0342458
-0.569895
-0.480713
-0.231601
-0.264318
-0.259965
0.0436083
NA
0.0167542
-0.139576
-0.302806
-0.517816
-0.29406
0.101536
-0.153566
-0.398326
-0.49037
-0.145839
-0.225321
0.0479529
NA
-0.460431
-0.339071
-0.509382
0.0283245
0.0692361
0.0183682
0.100661
0.068152
-0.553583
-0.430126
0.0628835
-0.148871
-0.376386
0.0695224
-3.5
NA
0.139476
-0.679538
-0.132047
NA
-0.159878
-0.596784
-0.613378
-0.295888
-0.572873
-0.134343
-0.558794
-0.498112
-0.461089
-0.0917498
-0.109394
-0.00889727
-0.192807
-0.0482778
-0.00123536
-0.0688777
0.0725066
-0.266391
-0.0805285
-0.293721
-0.484118
-0.32162
NA
NA
-0.343514
-0.679545
0.0810901
NA
0.0715843
-0.151541
0.066178
-0.166724
0.120989
0.0683168
-0.122937
0.0382888
-0.660929
-0.157376
0.057375
0.0630159
-0.351665
-0.491556
-0.279579
-0.190595
0.0618633
0.137887
-0.416753
-0.672093
0.0530503
NA
0.0543793
NA
NA
0.0721731
-0.314465
-0.445845
NA
0.0836433
-0.551438
NA
NA
-0.0982042
-0.419335
-0.0050047
0.0666218
NA
0.0224783
-0.283351
-0.409256
-0.440431
0.042349
-0.211748
-0.138042
-0.00378631
-0.0192778
-0.180955
-0.311629
-0.0677913
NA
-0.273477
0.0786581
NA
NA
-0.127877
-0.689522
-0.349833
0.0754684
0.0668407
0.000696725
-0.681728
-0.73073
-0.0620855
-0.330342
-0.485775
-0.467511
NA
NA
0.069176
-0.760943
-0.187479
-0.318052
0.10363
0.0632001
-0.328998
0.0221727
-0.255621
NA
0.0700043
NA
NA
-0.37983
-0.347336
-0.572178
0.0463012
-0.179957
0.000457573
-0.316976
-0.345397
-0.154844
-0.384628
0.0908006
0.171403
0.0812851
-0.516676
-0.613695
-0.716078
-0.308702
-0.25385
NA
-0.699533
0.0108348
0.00552001
-0.355899
-0.369289
0.0709166
0.0460578
0.0539536
0.0650102
-0.459277
0.0711615
-0.0547678
-0.476898
0.072111
-0.160258
NA
-0.296315
0.106749
NA
NA
-0.0827667
0.0421528
-0.366144
0.0543204
NA
-0.0295557
-0.495892
0.0443792
0.100484
-0.414544
-0.370712
-0.130746
-0.133055
-0.0748544
0.0167198
-1.30205
0.0907211
-0.0606273
-0.0369264
-0.012113
0.0916207
-0.482839
-0.211491
-0.287285
-0.222593
NA
-0.157601
-0.451982
-0.638071
-0.419301
0.0222448
-0.401928
-0.0740501
-0.334338
NA
-0.520247
-0.314719
-0.178569
-0.00901118
NA
0.0501507
-0.585166
0.0566864
-0.0830426
0.0164419
-0.474919
-0.860496
NA
-0.128086
-0.0429498
-0.57038
0.0608757
-0.429336
-0.207229
NA
-0.961511
0.026798
-0.137073
-0.0376848
0.0993706
-0.415588
0.100357
NA
-0.0610069
-0.123197
0.056559
-0.299498
-1.17552
-0.0936307
-0.401439
0.0492762
0.0450094
-0.617106
0.0658955
0.0250081
-0.399259
0.382019
0.105094
0.0811813
0.0015212
0.0724026
0.0363967
-0.343876
-0.0512417
-0.108688
-0.23091
0.0816194
0.0031316
NA
-0.551032
0.0348242
-0.965219
0.073159
0.0187625
-0.393954
0.0568909
-0.625036
0.0468214
-0.413308
0.0900864
-0.566894
NA
0.0488505
-0.0987824
-0.0614445
-0.33787
0.0716807
-0.482767
-0.577966
-0.607404
0.0682308
0.0688381
-0.0239091
0.0370451
0.0722274
-0.509688
-0.400406
0.0611072
NA
-0.250599
0.00962211
0.0637888
0.0706814
0.0735525
NA
-0.269362
0.0706522
-0.254056
NA
NA
-0.351913
-0.433258
-0.104404
0.0700648
0.00881118
NA
0.0492033
-0.120005
0.15496
-0.103867
-0.405321
0.0565711
0.249546
-0.519229
0.00682501
-0.357008
0.0643385
NA
-0.242331
-0.0660512
0.0878831
-0.777839
-0.519859
0.0435462
-0.532563
-0.282997
-0.463088
-0.258981
-0.218652
-0.0153651
-0.0559472
-0.43594
-0.0634163
-0.12817
-0.519236
-0.321781
NA
NA
0.0311492
-0.0779102
-0.262047
-0.0136692
-0.282921
0.0697082
0.045089
0.0453983
0.276867
0.100059
0.0527648
0.0480609
-0.0410381
NA
-0.708203
-0.103949
-0.0721587
0.0891499
-0.429379
-0.224314
0.0472675
-0.159393
NA
-0.561482
0.0331985
-0.343151
-0.103535
0.0795926
-0.326124
-0.260141
0.072935
-0.426659
-0.0276846
NA
NA
-0.0456819
0.0735563
-1.01323
-0.355567
0.06418
0.0698131
-0.0123987
0.00985962
0.456185
-0.57758
-0.0816062
-0.312997
0.0418286
-0.381509
-0.0260489
0.0513683
0.108108
0.185244
-0.00119689
0.0417106
-0.275353
-0.256859
0.0549302
0.112358
-0.200633
-0.186563
0.0738749
-0.0912112
-0.408681
NA
0.0450519
-0.287067
-0.615593
0.0469677
-0.16153
-0.276749
-0.00815736
-0.00233851
-0.123704
NA
-0.209691
-0.111182
-0.162002
0.011625
-0.25505
-0.113771
-0.0279193
0.0637713
0.0906827
-0.2305
0.0468487
0.0738566
-0.320234
-0.251778
-0.404192
-0.750449
0.0161571
0.0661257
-0.25904
-0.0774333
-0.428602
-0.342776
-0.531136
-0.0757995
-0.0308828
-0.156364
0.0738577
-0.151068
-0.275826
-0.49727
NA
0.0640225
-0.0158662
NA
0.00582738
0.0720247
-0.342344
-0.239193
0.0452961
-0.608887
0.107015
-0.131715
-0.31729
-0.127717
-0.923408
0.0112538
-0.293793
-0.0855687
-0.289675
-0.132344
-0.465738
-0.840619
0.0329661
-0.114131
NA
-0.717772
-0.615051
-0.236412
-0.288155
-0.0201513
-0.0105385
0.0257356
-0.152985
-0.744871
NA
-0.270207
NA
-0.147171
0.0457205
-0.674118
0.0527492
-0.029057
-0.37143
-0.0894286
-0.178697
-0.28269
NA
NA
NA
-0.546526
-0.531573
-0.801309
-0.240683
-0.53598
0.0472503
-0.165067
-0.530519
-0.0716538
-0.390178
-0.564396
0.0822058
NA
-0.351319
NA
0.073473
-0.339694
NA
-0.322947
0.0415377
-0.381734
-0.248492
0.0747176
0.00317508
NA
NA
0.0590397
0.0343006
-0.0823583
0.0482642
-0.0775567
-0.323572
-0.404331
0.0460891
0.0633711
-0.173622
-0.266623
0.0875702
0.0684319
-0.417677
-0.444221
NA
-0.87451
0.0514337
NA
-0.548377
0.063493
-0.352107
-0.360813
-0.570869
0.0786793
-0.383063
-0.210255
-0.25284
-0.249053
-0.0217293
-0.00160456
NA
0.0837834
-0.189626
-0.0118596
-0.488504
0.00331748
0.0719922
NA
-0.385279
0.0755044
-0.00583417
-0.0246504
0.0568652
NA
0.0647485
NA
0.0417531
0.0402905
0.0458425
NA
-0.319376
-0.342331
-0.273519
-0.190363
-0.000118569
-0.341735
-0.253663
-0.520168
0.354833
NA
-0.0120857
-0.626489
-0.12778
-0.113413
0.0722061
NA
0.0890152
NA
-1.06934
-0.28168
-0.267146
0.00213649
NA
-0.2785
-0.394229
0.073816
0.018512
-0.110913
-0.678099
-0.196445
0.161726
-0.333851
NA
-0.265902
-0.491459
-0.188514
-0.457599
-0.0947617
-0.231711
-0.716023
-0.167677
-0.336123
-0.513893
NA
0.0420504
-0.136029
-0.807033
-0.542327
-0.127735
0.0225896
-0.193734
-0.306737
-0.00652869
-0.487533
0.048123
0.0566191
-0.155017
-0.584063
0.0912498
-0.494022
NA
-0.0214057
-0.170709
-0.324981
0.0205698
NA
0.0748124
-0.175574
0.0901163
-0.537681
NA
-0.236412
0.0863425
NA
-0.546763
0.0728281
-0.17168
0.0442666
-0.136979
-0.053026
-0.633827
NA
-1.20143
-0.268175
-0.731677
-0.115126
0.0780969
-0.145218
-0.119057
0.0421923
NA
NA
-0.124994
0.0518
-0.462084
NA
-0.722242
-0.114155
-0.349105
0.00610423
-0.755785
-0.147251
-0.248346
-0.442147
0.0760941
0.0116138
0.135739
NA
-0.480717
-0.429326
-0.402036
0.00541571
0.0576912
-0.0996858
-0.273501
-0.223866
NA
-0.663883
-0.427691
0.0459907
-0.484021
-0.741858
-0.260622
0.0179548
0.0398002
-0.145024
-0.436851
-0.231578
-0.664812
-0.361941
-0.426069
NA
-0.296418
-0.59849
0.105445
0.0795624
-0.312549
0.0698194
-0.315649
0.0734971
-0.340499
0.0365564
-0.0884303
NA
0.00442118
-0.184045
0.0280358
-0.349647
-0.287391
-0.466477
-0.120369
0.0764436
-0.633476
-0.207549
0.00556408
-0.448623
0.0804288
-0.0865659
NA
0.0945435
0.0754867
-0.677462
-0.00974393
-0.535118
-0.436417
NA
-0.486214
0.0882294
NA
0.0746529
0.0443123
-0.171346
-0.0433901
-0.366245
-0.124072
0.0426622
-0.620187
0.121696
0.0223487
-0.0942222
-0.498971
-0.662841
0.145345
0.0271766
-0.0317621
0.0650879
NA
-0.44088
NA
0.0759609
NA
-0.407876
-0.509516
-0.221753
-0.52673
-0.0286438
0.0789553
-0.37603
-0.00607877
-0.247507
0.0708085
-0.877402
-0.320357
0.0976415
-0.156803
0.273853
0.0851938
-0.10731
-0.703737
NA
0.0549958
-0.0385406
0.0186824
0.0338122
0.0736224
NA
0.0686437
-0.0538884
NA
-0.188878
0.069537
-0.254435
0.0729876
0.0275014
0.017326
-0.532454
-0.0239404
-0.338627
-0.48206
-0.723026
0.0191808
-0.0400164
-0.0890189
-0.254944
0.0491617
-0.415515
0.0772124
0.0372206
-0.691455
-0.400398
-0.0563937
-0.272541
-0.0270842
-0.666882
0.0369863
-0.237365
NA
0.0749759
-0.161286
0.105783
-0.0529967
-0.313668
-0.152589
-0.330827
-0.573293
-0.0128311
-0.188154
-0.637839
-0.67188
0.0392212
-0.362437
-0.0496344
-0.0934483
-0.643802
-0.263535
-0.440443
-0.0290402
-0.00150184
0.0745808
-0.0140144
-0.572339
0.0112724
0.115851
0.073543
-0.128025
-0.305791
NA
0.0483289
-0.0335502
-0.381235
0.0482746
-0.338086
-0.030396
-0.394044
0.0764024
-0.250519
0.0241415
-0.725498
-0.40608
NA
0.0960045
-0.234108
0.289576
-0.0110096
-0.499067
-0.859929
-0.580159
-0.293958
-0.145451
NA
-0.440254
-0.129615
0.0807624
-0.582276
-0.183719
-0.274715
NA
-0.0162558
0.0177273
-0.261883
-0.83104
0.0872465
-0.00756999
-0.573927
0.0444329
-0.484278
-0.301172
-0.723287
0.0451092
-0.393164
0.0571742
0.00486111
NA
0.0686871
-0.328617
NA
NA
0.0819136
-0.171825
-0.0794025
-0.528846
0.10435
-0.372401
0.0448413
0.078711
0.0858821
0.0417924
-0.153247
-0.480001
0.112932
NA
0.0425232
0.0216
-0.231817
NA
-0.110416
-0.185805
-0.0946412
-0.252761
-0.263463
0.0737146
0.0786065
-0.28278
-0.481541
-0.50625
-0.100911
-0.275882
-0.106005
0.0594559
NA
-0.0854636
-0.542631
0.0475974
-0.0310812
2.5851
NA
0.0529498
0.0486624
-0.313789
0.0586961
-0.0728349
0.0786417
0.0683828
-0.258339
-0.0123521
NA
-0.767825
-0.0112637
NA
NA
0.0767066
-0.782342
0.071858
-0.994722
0.0655723
NA
NA
NA
-0.483975
-0.490926
0.0456233
-0.468765
NA
-0.339781
NA
-0.475203
-0.858109
0.0336482
-0.134163
NA
0.0833623
NA
-0.257348
0.0376686
0.00494844
-0.366932
-0.16793
-0.359488
-0.331754
-0.59999
0.009677
0.0708611
3.51669
0.0505189
-0.586948
-0.0190278
-0.0218771
-0.0861445
0.0556311
NA
0.0529212
-0.137504
NA
-0.277234
-0.337467
-0.229769
0.0644413
-0.599558
0.0582997
-0.271748
0.0227877
-0.227594
0.0103301
-0.637284
0.796557
NA
NA
-0.74501
0.149145
-0.554696
-0.5627
0.0743741
0.0507168
0.0231499
-0.277961
-0.0995285
0.0672379
-0.13708
NA
-0.233434
-0.330744
-0.228398
-0.393098
-0.551215
0.0380626
-0.135742
-0.313684
-0.118837
-0.150931
-0.348706
0.0752787
0.0793646
NA
0.0745684
0.0287983
0.0548768
NA
0.0815644
-0.372561
NA
0.0581091
-0.212142
-0.388806
0.0438303
0.0208894
NA
-0.546248
-0.430822
0.0585252
0.0773187
-0.152657
0.0197062
0.113203
-0.289477
NA
-0.295457
-0.136692
-0.0602472
-0.204373
-0.579633
-0.370638
NA
NA
-0.392019
NA
0.0666289
0.024604
-0.829525
-0.244559
-0.198216
NA
-0.395952
NA
NA
-0.209794
NA
0.0673222
-0.457188
-0.521373
-0.105778
NA
-0.154105
-0.429444
0.0406083
0.0690817
0.118405
NA
0.128123
0.0882519
-0.435418
-0.790627
-0.223126
0.072097
NA
0.0666995
-0.257096
-0.697522
-0.330402
-0.460708
-0.491272
-0.336731
0.108015
-0.239073
-0.0319025
NA
-0.0991074
-0.150587
-0.193235
NA
-0.24901
NA
-0.721009
-0.549581
0.0392177
0.0143135
-0.372151
-0.369272
-0.0473553
-0.178124
NA
0.0494302
NA
-0.112012
NA
-0.0872833
-0.842503
-0.222923
-0.582845
0.0448741
0.0209698
-0.260185
-0.471645
-0.411018
-0.31375
-0.224701
-0.54666
-0.0882272
-0.317402
-0.604551
NA
-0.556371
0.169704
-0.0741163
-0.353843
-0.18561
-0.122024
0.0948153
NA
0.0638067
NA
-0.369719
-0.066641
0.0384629
-0.025331
NA
-0.191587
-0.302408
0.0784174
-0.359999
0.035728
-0.458986
-0.239345
NA
NA
-0.322505
-0.613678
-0.408952
0.0672864
-0.424017
-0.598339
-0.442728
0.0757363
-0.201377
-0.500144
-0.533126
-0.359417
NA
-0.258532
-0.00528969
-0.826123
-0.0161024
NA
-0.516185
0.031423
0.0697687
-0.4875
-0.219749
-0.0468444
-0.685231
0.0984581
0.0833346
0.064264
0.0354706
-0.765556
NA
-0.390185
-0.379392
-0.418356
NA
-0.387154
-0.429849
-0.437269
-0.315302
0.0257215
-0.416154
0.0740058
0.0853372
-0.569712
-0.138923
-0.056718
-1.47813
NA
-0.726661
-0.537149
0.0710126
-0.465972
-0.0126105
-0.227602
-0.532296
NA
0.0684791
-0.092511
0.0136692
0.0659989
-3.51
-0.224673
0.0443418
0.0823782
0.00531955
-0.519872
0.0649897
-0.581323
NA
NA
NA
-0.00360009
-0.185394
0.0843845
NA
0.0729541
0.107175
-0.389557
-0.432022
-0.260996
-0.606159
-0.487924
-0.22416
-0.0849409
NA
-0.0951608
-0.205192
-0.947768
0.0248551
NA
-0.423332
-0.449096
-0.324736
NA
0.0476831
-0.177313
-0.531547
-0.0051526
0.0807192
-0.542797
-0.180151
-0.825154
NA
NA
0.0398777
-0.341781
-0.371043
-0.523576
-0.3372
NA
-0.117094
0.0419098
0.0646665
NA
-0.754081
0.0870755
-0.2391
0.00668065
0.0758221
-0.407277
-0.266813
NA
-0.124759
-0.598647
-0.195667
-0.0655499
0.0580088
-0.475086
-0.506447
-0.0635584
-0.116061
0.0178568
0.0115135
0.0764131
-0.215822
-0.59088
-0.451738
-0.392543
-0.360755
0.00515956
-0.494017
0.0735112
-0.710653
-0.244228
-0.0565526
-0.617528
-0.150895
0.0435103
0.0451757
-0.671103
0.0494082
0.0189203
-0.0823947
0.0316789
NA
NA
NA
0.0836499
-0.190425
0.0442654
-0.0159943
0.0909665
0.00883732
0.108308
NA
-0.19208
-0.769774
-0.268227
0.0730511
-0.235887
-0.283539
-0.176729
0.0457669
0.0555109
-0.135941
NA
-0.519607
-0.455777
-0.515178
0.0844587
-0.642466
-0.608711
-0.36874
-0.168918
0.0441377
-0.709495
-0.262939
NA
-0.086292
0.0400517
-0.697308
-0.134289
-0.454145
0.0776243
-0.491986
-0.536691
-0.400112
-0.266418
-0.101409
0.0463043
-0.382584
0.0230643
-0.439778
0.078589
-0.0961808
0.0970086
-0.694359
0.0409051
-0.0963712
-0.533928
NA
-0.363932
-0.205086
-0.38881
-0.00800742
NA
-0.198294
NA
-0.691331
0.0534021
-0.224336
-0.149964
0.0275139
-0.0551219
-0.238043
NA
-0.0440971
-0.280485
-0.295474
-0.0460113
-0.285834
0.0676663
-0.441881
-0.348972
0.10933
0.0592793
-0.0516212
NA
0.0704679
0.01248
-0.176037
NA
-0.6381
0.0438863
0.0742079
-0.436481
0.0888187
0.0141934
0.0476862
-0.415249
0.0887949
0.0716132
-0.213232
-0.359989
0.0342023
0.0466535
0.0760884
-0.197184
NA
-0.0718611
-0.175096
0.0561887
-0.353281
0.0462046
-0.140369
-0.488529
-0.239152
NA
-0.899545
-0.327896
NA
-0.372398
-0.0984803
0.0809691
NA
-0.758866
0.0932597
-0.428113
-0.606172
0.0801657
-0.73316
-0.282425
0.0778117
0.0518
-0.371698
-0.429645
NA
-0.484356
0.125062
0.0587427
-1.01497
0.0825987
0.0807064
-0.0975713
-0.0476533
-0.692768
0.0753347
0.0649158
-0.47056
NA
-0.494306
-0.570717
-0.000706306
0.0665867
-0.305466
NA
0.0669815
-1.38332
-0.00435931
-0.370085
-0.501645
-0.413547
-0.228905
-0.398073
-0.0812481
-0.351436
0.0856329
0.0792756
-0.432014
-0.0185465
0.0720812
-0.305845
-0.385971
-0.719713
-0.796743
NA
-0.447489
NA
-0.52546
0.0551833
-0.0526784
-0.756645
0.0137757
0.231402
0.0430441
-0.350105
-0.199552
-0.438921
-0.0963075
-0.0545851
-0.0131951
-0.689294
-0.000677705
-0.245872
-0.0458761
-0.0435556
-0.361408
-0.00358578
-0.6553
-0.411506
-0.0865739
-0.339594
-0.523531
0.072784
0.00339461
0.081845
NA
-0.363052
0.0794553
-0.180954
-0.597004
-0.326438
-0.494052
-0.160637
NA
-0.255091
-0.181213
-0.411617
0.0599386
-0.355575
-0.282018
-0.284065
0.00880659
-0.115005
0.0824934
-0.139687
-0.19934
0.067447
-0.332084
0.0426008
-0.146452
0.0696806
-0.670394
NA
-0.147697
0.0865079
0.0635116
0.0120593
-0.239329
-0.178795
-0.515989
0.0755153
-0.237742
-0.101326
0.07281
NA
-0.662854
-0.229021
-0.380368
0.0442249
-0.00416984
-0.553481
0.0911738
-0.157732
-0.499181
-0.752924
0.0419567
-0.259348
-0.221749
-0.333266
-0.304258
0.0795886
-0.194567
-0.305057
-0.242008
-0.70066
NA
0.032974
-0.767649
-0.232691
-0.229756
-0.341302
-0.241683
0.064717
0.0156254
-0.450774
0.0386507
-0.187991
-0.2331
-0.140233
NA
0.0505277
-0.173082
0.0678704
NA
-0.415502
0.00955353
0.0601052
-0.137539
-0.00485551
-0.701189
-0.362979
0.0079852
-1.00889
-0.199777
NA
0.0175738
NA
NA
-0.304174
-0.187209
-0.208177
-0.53707
-0.234518
0.0170908
-0.75925
-0.0951088
-0.565583
-0.181862
-0.0126041
-0.0725298
0.0838325
0.0533932
0.068377
-0.0635782
-0.0409428
NA
-0.73727
NA
NA
NA
-0.529733
-0.287135
-0.347352
0.0670391
-0.580467
-0.134154
NA
-0.391552
-0.361703
0.0936687
0.076632
-0.198054
0.0786411
0.0663205
0.0144668
-0.482256
-0.246166
0.0770021
-0.222607
-0.1674
-0.534081
-0.0751332
0.0708853
-0.673263
-0.220387
-0.238398
-0.332636
-0.528287
-0.0248234
-0.781847
NA
-0.496984
0.0769385
-0.513599
-0.30856
0.0468745
-0.467801
-0.00112003
-0.00662016
0.10064
-0.554875
-0.266847
-0.549303
-0.713413
-0.355433
-0.526161
0.0452037
-0.512428
-0.135178
NA
-0.0793512
-0.150329
-0.226415
0.0319491
NA
NA
-0.307142
0.0592486
-0.138957
-0.133081
0.0427066
-0.297678
-0.211609
0.000439228
-0.821221
NA
0.012897
-0.42475
-0.191107
-0.14372
0.0483254
0.0644431
-0.518098
-0.239985
-0.270888
-0.754728
NA
0.0327458
0.0428185
NA
-0.968995
-0.530212
-0.260506
-0.2926
0.0708646
-0.576864
-0.74983
0.0802813
-0.706168
-0.36247
NA
NA
-1.09734
-0.159135
0.0698808
-0.25501
-0.00414656
-0.848848
NA
NA
0.0225777
NA
-0.452245
-0.162268
-0.212107
-0.838989
-0.100723
NA
-0.137096
0.342089
-0.209869
-0.638482
0.0747961
NA
0.0412812
-0.389037
0.0163862
0.0715993
-0.213836
NA
0.106619
-0.693906
0.041509
-0.353811
-0.657352
-0.593473
NA
0.123261
0.166832
NA
-0.422857
NA
-0.596424
0.0373566
-0.0536468
0.0521843
-0.105498
0.0455812
-0.703596
-0.203896
NA
-0.281793
-0.386188
-0.286854
-0.103947
-0.0908679
-0.194635
0.0855247
-0.320621
-0.969052
-0.729709
-0.456557
NA
-0.137189
-0.0766708
0.0417576
-0.45184
-0.479486
0.0184083
-0.267835
0.00327947
-0.249522
0.0620138
-0.287419
-0.109812
-0.227165
0.0710557
-0.130655
-0.455486
NA
-0.138154
0.0753546
-0.000614402
-0.0156375
0.0541584
0.0789753
0.0652791
-0.358338
-0.573833
0.0994254
NA
NA
-0.472379
-0.618783
-0.177656
-0.569093
-0.640858
-0.173703
-0.306501
-0.130586
0.0654434
-0.467522
-0.205885
-0.644705
-0.504286
-0.215526
0.0734675
0.087902
-0.811241
-0.00990418
NA
-0.343985
-0.215062
0.0344293
0.46055
-0.639827
-0.219533
0.0253722
NA
-0.0371183
-0.584739
NA
-0.299896
-0.494761
0.0391056
-0.730658
-0.0919005
0.0715705
0.0672948
0.0805717
-0.546507
-0.604086
NA
NA
NA
0.0699235
0.0456624
-0.545977
-0.588382
0.0532196
-0.284758
0.0924237
-0.16908
-0.137284
-0.543618
0.0487798
0.0868376
NA
NA
-0.473058
-2.61
-0.0713277
-0.238481
-0.281622
-0.331664
NA
0.496633
NA
-0.0381356
0.0615884
0.0550918
-0.552645
-0.401651
0.0400699
-0.613564
-0.0158605
NA
0.0342637
-0.277601
0.0308189
-0.512786
-0.0888918
NA
NA
-0.259555
-0.354218
-0.488609
0.0216109
-0.422815
0.119478
-0.182363
-0.144713
-0.825034
NA
-0.252807
NA
0.292856
0.114206
-0.312243
-0.383952
-0.378188
-0.789399
-0.187831
NA
0.105545
-0.00934579
-0.612869
-0.618708
0.068082
-0.225398
0.0688233
-0.599961
-0.474965
NA
-0.0440082
-0.0626608
NA
0.0883053
-0.180814
-0.362873
0.0575679
0.00225248
NA
NA
0.00548171
NA
-0.0928784
NA
0.0700249
0.0693956
-0.463813
-0.860355
0.0773441
0.0551901
-0.498736
-0.373569
-0.42784
-0.0260096
-0.393976
0.133821
NA
-0.11589
-0.426783
-0.112975
-0.244354
-0.00715919
-0.53896
-0.0688602
0.0915784
-0.313798
0.0293545
NA
-0.462324
0.0252301
0.4392
-0.5722
-0.863723
0.00948435
-0.470075
NA
0.0202789
-0.00106419
0.0309181
-0.416247
NA
-0.325467
-0.436143
-0.510867
-0.564598
-0.634561
-0.722796
-0.097229
-0.213447
-0.171522
-0.0767995
0.116342
-0.515325
-0.470646
-0.59695
0.0258908
0.0928725
0.108569
-0.385856
-0.497979
NA
0.0730645
-0.130133
-0.101875
0.0362986
0.0439888
-0.434127
-0.405904
0.0689564
-0.0609839
-0.29818
-0.165364
0.0691842
-0.017003
-0.114878
0.00487165
-0.0916595
-0.233056
NA
-0.635026
-0.0801075
0.0607619
NA
-0.310322
0.0698524
-0.334932
0.00714462
-0.460344
0.139444
-0.129587
-0.0912196
NA
-0.644844
NA
0.105
-0.454691
-0.0065792
NA
0.0768948
-0.174372
-0.13765
-0.453004
NA
NA
-0.700588
-0.251403
-0.213398
-0.526822
NA
0.0782053
0.12579
0.149136
NA
-0.456518
0.0639531
-0.196507
0.0712767
NA
-0.121815
-0.346417
-0.0364386
0.117671
-0.117258
-0.0350414
NA
-0.160331
-0.14639
NA
0.0476278
-0.345043
-0.216554
0.0301674
NA
0.0966109
0.070131
0.074936
NA
-0.65015
-0.21576
0.0159472
-0.364844
-0.300931
NA
-0.110107
NA
-0.00168513
0.0745414
-0.0629116
-1.00965
0.0491601
NA
-0.315507
0.0101812
0.0459869
-0.226726
0.0396115
0.0727062
-0.0316006
-0.559102
-0.0651437
-0.39632
-0.366433
0.070341
-0.0944814
0.00399936
-0.588974
0.057634
-0.521344
-0.260893
-0.0273741
-0.497458
0.125013
NA
0.0100907
0.0439954
-0.137585
-0.216964
NA
0.0615398
-0.432315
-0.0109038
-0.384575
-0.216032
0.0661851
-0.286434
0.0850948
-0.548328
-0.592338
0.0176951
-0.754674
-0.235998
-0.612687
0.0634336
-0.105714
0.0425805
-0.280429
0.0775671
-0.86182
-0.394162
-0.383995
-0.0249601
-0.0752036
-0.673355
-1.08829
-0.241963
NA
-0.381434
-0.110707
-0.46895
0.0100473
0.0260632
-0.394067
-0.113756
-0.177578
0.0670749
0.0313676
NA
0.0314724
-0.611938
0.125312
0.076126
-0.397773
-0.403465
0.0188687
0.0504133
-0.368467
-0.327187
-0.113571
0.0330833
0.01366
0.0962045
0.0634571
-0.0968495
NA
-0.0541717
-0.739348
-0.515958
-0.556351
-0.27429
NA
0.0933912
-0.300752
NA
0.0759356
-0.175449
-0.482432
NA
-0.0248811
-0.0885293
0.0701804
-0.426122
-0.0657861
0.0100924
0.0235806
-0.862569
0.06038
0.0302847
-0.227109
-0.609035
-0.765299
-0.25201
NA
-0.239476
-0.618562
-0.105758
-0.153027
0.0750275
-0.455718
0.0725671
0.0690449
-1.03635
0.00614355
-0.257093
-0.96386
-0.129165
-0.590099
NA
-0.28797
0.0626884
0.0657129
-0.174086
0.0787104
-0.192794
-0.147251
-0.869592
-0.297214
0.0944377
-0.0156196
-0.21736
-0.0840637
0.00623522
0.0683278
-0.116235
-0.296604
0.0150249
0.015644
-0.0563219
-0.511208
-0.41821
-0.341123
-0.220326
NA
0.0412921
-0.555358
NA
-0.417004
-0.475378
0.0182088
-0.73055
-0.365004
0.0771321
-0.58306
0.0748521
-0.0152011
0.0490725
NA
-0.643933
-0.496778
-0.434004
0.0626876
-0.0845183
0.0747289
0.0325244
-0.218764
-0.745555
-0.00381299
-0.745207
-1.15166
0.0633221
0.0296967
-0.286496
-0.326368
-0.253803
0.0930523
NA
NA
-0.460424
-0.314116
-0.0870601
NA
-0.333695
NA
0.0469058
-0.452961
-0.25413
0.0399935
NA
0.0800362
0.0548876
0.0657654
-0.552621
-0.326998
-0.0235761
0.0484094
-0.334408
NA
0.143159
NA
-0.0335469
0.0628681
-0.507849
0.0705196
NA
-0.229808
0.0456428
0.0355521
-0.401565
0.0222068
NA
-0.0494349
-0.167718
0.0639389
-0.512287
-0.403985
-0.648968
-0.0411673
-0.143021
0.0170693
-0.446863
-0.636729
-0.218997
-0.611904
0.103933
-0.523455
0.0313793
0.0891307
0.0840704
-0.266822
-0.325488
-0.207516
-0.196946
-0.536028
0.0156345
-0.116144
-0.396426
NA
0.117174
-0.180271
0.150358
0.121778
-0.488552
-0.233823
0.0412269
0.0519385
0.0802328
0.00592078
0.097396
NA
NA
-0.11114
NA
0.00457624
-0.754674
0.00901863
0.0498108
0.0382858
-0.55211
-0.00693893
0.0801741
-0.463529
0.0618914
0.0759869
NA
-0.72911
0.0414105
NA
0.108608
-0.0392014
0.122841
-0.468953
-0.280407
-0.247039
-0.873928
0.00501201
-0.247288
-0.809816
-0.425787
-0.27818
0.0285414
0.0832681
-0.463962
-0.0350252
-0.00682167
-0.547266
-0.623568
NA
-0.0810602
NA
0.0775681
-0.364927
0.0655636
-0.159297
0.0108815
-0.286835
0.368089
0.0271836
-0.336243
0.0630004
-0.0351093
-0.145628
-0.114048
-0.334208
0.0467966
0.0464602
0.0678465
-0.398509
-0.249767
0.0682775
0.0349795
-0.748108
-0.500469
-0.556015
-0.986185
-0.328838
-0.231553
0.06977
NA
NA
0.081902
-0.0162686
0.0979238
-0.605935
-0.356042
-0.332468
-0.110071
NA
-0.435312
-0.631007
-0.379621
-0.00108562
-0.352108
-0.747003
-0.26111
-0.0610297
-0.0905548
-0.176571
0.0834586
-0.535477
0.0795612
NA
0.0268329
0.11198
0.000682208
0.0435567
-0.395118
NA
0.179678
NA
-0.574639
NA
0.0897977
-0.61628
-0.725741
-0.00306446
0.283022
-0.333324
-0.0703067
0.0548758
0.0518473
0.0639607
0.0642668
-0.826467
-0.540524
-0.449481
-0.0580633
-0.0917749
-0.0714674
-0.482478
0.03408
0.0332979
0.0822486
-0.309382
-0.258394
-0.369938
-0.766206
-0.252082
-0.658156
-0.21232
0.0771531
-0.379151
0.0496637
-0.501771
-0.418708
-0.0498327
-0.26133
-0.503105
0.0292889
-0.159687
0.0512703
-0.274649
-0.00364872
-0.567181
-0.432965
0.0759504
0.0487565
-0.290995
0.0607489
0.0866665
0.0837809
NA
-0.0382461
-0.0153686
0.0656694
-0.0573404
-0.468282
-0.271501
-0.23502
-0.414869
-1.13408
NA
-0.959169
NA
-0.302348
0.0567898
0.01726
-0.220814
-0.427262
-0.0985305
0.175185
-0.488486
-0.525761
-3.94035
-0.0832249
-0.00977348
-0.600369
0.0752152
0.0472856
-0.27703
-0.0228477
NA
0.000298586
-0.463108
-0.141048
-0.517006
-0.21656
0.0379733
NA
-0.179604
-0.105916
0.038627
-0.443093
0.0280961
NA
-0.256065
-0.0201471
0.106314
0.0924429
-0.0226558
0.0833578
-0.214579
0.0776587
-0.236346
NA
-0.148282
0.0637291
-0.190318
0.0672563
0.0329227
-0.396808
0.071978
-0.666435
-0.0994504
-0.0472213
0.0865853
0.0686182
NA
0.0274795
0.0216842
-0.930183
0.0415774
-0.501484
NA
0.0900003
-0.0814604
-0.0278987
-0.509153
0.32218
-0.285554
-0.0460591
-0.178517
0.0749016
-0.207661
-0.538906
-0.105442
0.142453
-0.0832822
-0.349001
0.0245363
0.0970197
NA
0.023557
-0.451125
-0.582596
-0.684441
0.0919009
-0.493588
-0.514143
-0.219056
NA
0.705102
-0.210893
-0.134634
-0.140902
-0.708259
0.466585
0.040494
-0.0906229
-0.196803
NA
-0.536344
0.0872241
-0.188996
0.0143353
0.0366649
0.0843742
-0.293214
-0.505613
0.0837302
-0.969645
0.0681392
-0.11396
-0.312143
0.0474079
-0.0683157
NA
NA
0.08184
-0.313996
-0.142515
-0.00230139
0.00758447
NA
-0.261405
-0.0954532
0.0498289
-0.675209
-0.213397
0.0453404
-0.424354
-0.303762
0.0364524
0.109522
0.0312735
-0.442121
0.043977
-0.0773477
-0.120419
0.0601188
-0.00985611
-0.342883
NA
0.0720681
-0.0015782
-0.499349
-0.270913
-0.34462
-0.463928
-0.120858
0.0973681
-0.206693
-0.0955318
-0.00963236
-0.225289
-0.00679168
NA
-0.528352
-0.25842
-0.131451
0.0908641
0.0688195
-0.244303
0.0702458
-0.396396
-0.337507
NA
-0.474247
-0.567275
-0.00133425
0.0443264
-0.272506
-0.385386
-0.612487
-0.300901
0.0666416
-0.804797
0.00109847
NA
NA
0.120408
NA
0.070083
0.0279568
0.0687621
-0.260421
-0.4488
-0.0489432
-0.443667
0.0211622
-0.428118
-0.235115
-0.158113
-0.239506
-0.0687375
-0.336221
0.0886332
-0.603132
0.0489753
NA
-0.419206
NA
NA
0.0788483
-0.627975
-1.18581
NA
-0.806619
-0.378539
0.0788326
-0.479947
-0.406051
NA
0.0424493
0.0452055
0.0539138
0.118244
-0.888551
0.047154
NA
-0.63051
0.158573
0.0412287
0.0363327
-0.405329
0.0670395
-0.19324
-0.116819
-0.0869199
-0.296044
-0.16617
0.00774673
NA
-0.123683
NA
NA
-0.351281
0.102826
-0.381901
-0.622482
NA
-0.407365
-0.538782
-0.527438
-0.507679
0.0658843
0.0361142
-0.206208
-0.237585
-0.442648
-0.554513
NA
-0.704897
-0.0197919
NA
-0.348158
-0.30584
0.0678253
NA
NA
NA
0.117536
NA
0.0360363
-0.161188
0.064615
0.0466886
-0.769689
-0.239495
0.14912
0.0729228
-0.0165861
-0.284015
0.0486363
-0.34067
0.0258042
0.0397621
NA
-0.0345664
-0.646058
0.0344503
-0.159357
-0.274672
0.0643248
-0.100843
-0.337754
0.0183393
0.0644381
-0.849468
0.113222
-0.681276
NA
-0.517118
-0.473542
-0.00673144
-0.0361314
-0.470295
0.025503
-0.105246
-0.0423644
0.0773217
-0.302206
0.0769208
0.0754106
-0.254609
-0.0794358
-0.324048
-0.526914
-0.402567
0.0879948
-0.269401
0.0675645
-0.0338903
-0.0457402
-0.247077
-0.517054
0.0696345
NA
-0.00533463
-0.384479
-0.152474
-0.365028
-0.139056
-0.725887
-0.301205
0.0297561
0.0938732
-0.0751687
NA
0.261836
NA
-0.264246
-0.296278
-0.251634
NA
0.228258
0.0682529
0.0796208
-0.479344
0.0554732
0.176591
-0.0990416
-0.896178
0.0204104
-0.437477
0.0674206
NA
-0.393883
-0.502854
-0.529541
-0.0926195
-0.706464
-0.705741
0.0729773
0.0703573
NA
0.334367
0.0983873
-0.454947
-0.0776289
0.0450873
-0.169218
-0.0117094
0.0678864
-0.550937
-0.364308
0.047916
0.0492688
-0.32813
NA
-0.55093
-0.395891
-0.128412
-0.490183
NA
-0.117974
-0.00976476
0.0443495
NA
-0.378861
0.0311075
NA
-0.443717
-0.525392
-2.96552
-0.562049
NA
0.0520175
0.0442211
NA
0.0356811
-0.359261
-0.674553
-0.175134
-0.137577
-0.264663
0.000180784
-0.570938
-0.11271
-0.0461886
-0.0330485
NA
-0.561461
-0.082814
-0.39946
-0.227569
0.054591
-0.234949
-0.0136332
NA
-0.109885
-0.266515
-0.188124
-0.26144
-1.56939
-0.216647
-0.30911
0.0752195
-0.696463
-1.20735
-0.542404
-0.543315
-0.107672
-0.057488
-0.346058
-0.0803349
-0.143894
-0.297633
0.00570877
-0.334614
-0.640805
0.0358721
-0.0826522
-0.101172
-0.0827621
0.0745557
0.0057114
0.0084895
-0.25777
-0.293833
0.0764422
NA
-0.397243
NA
-0.162895
-0.320485
NA
NA
0.140477
-0.33109
0.004063
-0.197489
-0.135844
-0.201341
-0.362322
0.0867136
0.0814974
-0.196631
NA
0.0713889
-0.791565
0.0335571
-0.0411015
-0.168316
NA
-0.512441
-0.417651
NA
-0.30127
-0.377257
-0.297611
-0.476058
-0.206054
-0.531214
-0.729398
-0.44176
-0.361693
-0.404086
-0.479958
-0.422865
NA
0.0461558
-0.261466
0.0735059
-0.626335
0.0706989
-0.283403
-0.0816631
-0.0497889
-0.145991
-0.523551
0.0571449
NA
-0.0537286
-0.335388
-0.167241
-0.243152
0.0734536
-0.326542
0.0866441
0.0671073
-0.0957068
-0.0360046
NA
-0.0529472
-0.347358
-0.24585
0.0670832
0.0800872
-0.0599377
-0.0594015
-0.537868
-0.155206
0.0810377
-0.251484
-0.194221
NA
-0.611868
0.0694581
-0.406884
-0.306519
0.0448056
0.00891367
-0.00752741
0.0175351
-0.477291
-0.436882
0.0842929
-0.242602
-0.0720798
-0.178598
0.0454716
-0.0100834
-0.368761
0.0840726
0.0311723
-0.357304
-0.47302
0.119363
-0.0165556
0.044867
-0.418667
-0.370732
NA
0.0347171
-0.334991
-0.339486
0.0671958
-0.34993
0.0366208
-0.431709
0.0294275
-0.0691814
-0.459174
-0.360795
0.0660674
NA
0.0764896
-0.242771
-0.138327
-0.586287
0.0809959
0.0420392
-0.037903
-0.649895
-0.431634
0.0441173
-0.36067
NA
NA
NA
-0.0815582
0.102271
-0.145903
-0.373862
-0.307853
-0.481565
-0.667942
-0.614179
-0.341905
NA
0.0520555
-0.210993
-0.048579
NA
-0.211358
NA
-0.269772
NA
-0.468624
-0.286421
-0.740325
-0.450563
NA
0.0185354
-0.559267
-0.341594
-0.230993
NA
0.0689143
-0.375864
-0.441651
-0.0847474
-0.0414272
-0.623532
-0.188249
-0.0743443
NA
-0.142087
-0.0569453
-0.584488
-0.535903
-0.56846
-0.278114
0.00786382
-0.390565
-0.510676
-0.225742
NA
0.318048
-0.581219
0.037275
0.0453283
-0.27763
NA
0.0683351
0.0015906
-0.665234
-0.505359
NA
-0.0721377
-0.523544
-0.674555
-0.103118
0.0459082
0.0726945
-0.217218
-0.0442211
-0.0456915
0.0643671
-0.0302328
-0.246278
NA
-0.500756
0.0701737
NA
-0.474646
-0.330626
0.0682149
NA
-0.0810061
-0.681354
0.0671391
0.0781224
-0.631129
-0.039074
-0.0356575
-0.125628
NA
0.0882644
-0.0859226
NA
0.0477913
NA
0.0242019
-0.128907
NA
-0.405748
-0.268206
0.0763309
NA
NA
NA
-0.234913
-0.0630533
-0.0580748
-0.303501
-0.0654963
NA
0.0991813
0.0987275
0.0758523
-0.245123
-0.204282
-0.20044
NA
-0.0264697
-0.304697
0.102328
0.0278342
-0.465054
-0.076555
NA
-0.479297
-0.114777
-0.249972
NA
0.103656
0.0788609
-0.107236
0.904148
-0.328331
0.0713313
-0.279961
-0.624302
0.0541347
-0.507096
-0.655313
0.0392394
0.0118096
-0.893099
0.049185
0.0492047
0.0714288
0.0704581
0.0530843
-0.424049
0.0352812
0.044163
-0.0480138
0.0100949
0.0197684
-0.34216
-0.334853
0.0508791
NA
NA
-0.277057
-0.0500692
-0.815947
0.0446725
0.07778
-0.809
0.109127
0.0625075
0.0693472
0.0325089
-0.523723
-0.339583
-0.00148268
NA
NA
0.096481
-0.0492344
-0.303719
0.132773
-0.609272
-0.461161
-0.594877
NA
-0.358798
-0.00662708
-0.418934
-0.12612
-0.710183
-0.137822
-0.144936
-0.122618
-0.736342
-0.348729
-0.0113623
-0.223282
-0.407795
NA
-0.486291
-0.142289
-0.243523
0.0612605
0.0685455
0.313995
0.00289225
NA
-0.0307461
-0.588935
-0.258861
0.0675575
0.129653
-0.204434
-0.205774
-0.678432
0.0208289
0.0451831
-0.576587
-0.999981
-1.14472
-0.0265878
-0.104723
-0.18165
-0.681586
-0.27482
-0.732666
0.0456052
-0.0550859
-0.364659
-0.0293549
NA
NA
-0.222863
-0.305938
-0.165088
-0.163788
-0.484252
-0.303855
0.0269051
-0.308971
-0.350582
-0.0694307
-0.440175
0.127035
0.0582828
0.00303201
-0.318597
-0.0100836
NA
-0.0514755
0.0108057
-0.0473707
-0.496217
0.0259273
0.0341056
NA
0.0344799
-0.767251
-0.639467
0.123563
NA
-0.125192
0.0379839
0.0728794
NA
NA
-0.0163652
-0.0918792
-0.103886
-0.217103
-0.17289
-0.101264
-0.0965557
-0.0302469
NA
0.0624999
0.0727176
0.0111966
-0.298679
-0.144401
0.00170975
-0.235466
-0.193325
-0.271733
-0.691385
-0.148251
0.038238
-0.370774
-0.653567
-0.492163
0.158158
0.230632
0.0434894
0.0744579
-0.40458
-0.407919
-0.253948
-0.640675
-0.053785
0.0118975
NA
-0.423262
-0.329543
0.0678979
-0.0696591
-0.43209
-0.38921
NA
-0.417469
0.107581
-0.334956
-0.217709
-0.0960954
0.0602622
-0.211445
-0.198979
NA
-0.825446
-0.386801
-0.579251
-0.321596
-0.669634
NA
-0.154505
-0.292886
-0.419763
0.0669698
0.00451184
-0.585594
-0.103351
0.0771367
-0.170268
NA
-0.108982
-0.640371
-0.651106
-0.385572
-0.119893
0.0295245
0.0561729
-0.0276212
0.122872
0.0224689
0.000616402
0.0661455
-0.352722
-0.301608
-0.946946
-0.406501
0.0328174
0.0805104
0.0440657
-0.00951723
0.0710996
NA
-0.503336
0.0787651
-0.131257
-0.239908
0.0656212
-0.384983
-0.114395
-0.690733
-0.426399
NA
-0.107661
-0.255222
-0.0558628
-0.0131549
-0.188398
-0.345464
0.0566272
0.0743747
-0.554171
-0.1306
-0.453081
0.069594
-0.115186
-0.726615
0.105899
NA
-0.0295106
0.0740249
-0.473847
NA
-0.379176
-0.369825
0.178315
-0.420976
-0.298914
-0.0904844
-0.89526
-0.408533
-0.368903
-0.509046
-0.513967
-0.603075
-0.517467
-0.268356
-0.401026
0.0711509
-0.392528
-0.455833
-0.467768
-0.562728
0.0335189
-0.224667
-0.201319
NA
-0.633238
0.0721419
-0.49429
-0.235527
-0.452151
0.0730379
0.0398904
0.110024
-0.190888
0.0441054
-0.556877
-0.12169
-0.160947
-0.102633
NA
-0.490015
-0.259073
0.0480288
-0.244792
-0.166794
-0.34788
-0.559425
-0.489647
0.0612769
-0.126024
0.0366797
-0.50788
NA
NA
0.0812391
-0.436922
0.0582947
-0.598023
-0.391531
-0.0292967
0.166829
-0.533858
0.00344225
-0.134249
0.0776161
-0.11777
-0.0164712
0.0751327
NA
-0.64966
-0.159025
-0.0639906
-0.267732
-0.307003
-0.302667
-0.536305
-0.158064
-0.160372
-0.670289
-0.359461
-0.551712
NA
-0.155657
1.90362
0.0204893
0.0761651
-0.633077
-0.0412396
-0.704076
NA
-0.340064
0.0124808
-0.292751
-0.483849
0.0297409
0.0451105
-0.646233
0.0840163
-0.261011
0.0507797
-0.368025
0.0707702
-0.173082
-1.22921
-0.43967
NA
-0.140468
-0.12656
-0.0734061
0.0676037
NA
NA
-1.00972
0.0797263
-0.00877781
0.0607412
-0.117107
-0.0670495
-0.418101
-0.154358
0.019542
0.223092
-0.268246
3.57329
-0.484876
0.0180745
-0.0831118
-0.0449858
-0.304588
-0.653433
-0.340046
0.0144704
-0.95474
-0.119662
-0.0691631
-0.611056
-0.38426
0.0768369
NA
-0.427883
NA
-0.636081
-0.612814
-0.272711
-0.0700151
-0.0280012
-2.01615
0.0970753
0.0317547
NA
-0.32548
-0.562086
0.0531852
NA
-0.0430635
-0.416919
0.0784346
NA
0.126155
-0.54619
-0.126531
-0.36312
0.0791666
-0.0724207
0.0774726
0.0816515
-0.324656
NA
-0.469534
-0.336547
-0.0576708
0.0445362
-0.0665666
-0.219104
0.0596381
-0.392131
NA
0.0453188
-0.544613
-0.104905
0.0781057
-0.226485
0.106303
NA
-0.313535
-0.197951
NA
0.0727156
-0.435145
-0.864668
0.0673156
0.0753916
-0.149928
-0.376589
-0.737608
-0.72431
-0.663984
-0.521744
-0.352273
-0.322284
-0.134566
NA
0.0186119
NA
0.04468
-0.00845284
0.0263839
-0.175314
-0.0678389
-0.0422138
0.297336
0.0743784
-0.172153
0.0945826
-0.0545208
-0.101459
NA
-0.26777
0.0428057
-0.303301
-0.132955
0.648279
0.0228055
-0.202062
0.000404137
-0.120361
NA
NA
-0.681318
-0.255609
0.0859334
NA
-0.346221
-0.137478
0.0694858
-0.38709
-0.231399
0.0212435
NA
0.059803
-0.0182676
0.0788517
-0.245338
0.118326
NA
-0.128864
NA
-0.287432
NA
0.0871126
0.165571
-0.063828
-0.1988
-0.0762648
-0.672818
NA
-0.132107
NA
-0.689828
0.076595
0.0665571
-0.625547
-0.0586354
-0.270561
-0.293117
-0.21516
-0.0376077
0.00508344
-0.250554
-0.679395
-0.21239
-0.561987
0.0408909
0.0681434
NA
-0.268865
-0.208593
NA
0.0735733
0.0479084
-0.502149
NA
0.0433417
NA
-0.20749
0.0555777
NA
NA
-0.462555
0.0433877
0.0322994
-0.0120454
0.0553284
NA
-0.620448
-0.363411
0.15285
-0.112987
NA
0.0648122
0.0961894
-0.384055
0.0443463
0.207137
-0.376487
0.0259532
-0.231063
-0.726995
-0.460927
-0.55209
-0.431767
-0.172698
-0.00665624
0.0425838
-0.0039973
-0.258962
-0.3388
-0.375046
-0.211141
-0.262763
0.0565816
-0.176289
0.00126505
-0.433935
-0.369114
0.0290015
-0.118986
0.0441401
0.0442291
-0.733988
0.0183399
NA
NA
-0.369236
0.0602735
-0.300821
-0.612355
-0.346684
-0.0802454
NA
0.06399
NA
0.0300939
-0.0322132
-0.00474406
-0.332056
1.82056e-06
-0.395297
-0.148736
-0.567154
-0.308997
0.0727382
-0.101222
0.0165507
-0.194916
0.00870262
0.0908184
-0.334572
-0.0349661
0.0278045
-0.253938
-0.402589
-0.289231
0.0466595
-0.083665
0.0458622
-0.0764056
-0.289288
NA
0.0778709
-0.208285
-0.0862509
0.0479247
-0.216136
NA
-0.673423
-0.0835224
-0.281782
-0.271904
-0.351662
-0.790289
-0.83546
-0.667597
-0.538207
-0.244291
NA
0.0429397
-0.837991
-0.215613
-0.0416725
-0.132942
-0.323233
0.077
-0.450051
0.0823715
-0.614495
-0.269097
-0.0887842
-0.117642
-0.01581
-0.265982
-0.183608
-0.0824823
-0.285703
-0.402007
0.126514
-0.522378
-0.448808
-0.141968
-0.0655414
0.0193258
0.0243912
0.0601777
NA
-0.31461
-0.536419
0.0512866
-0.550287
NA
-0.404151
-0.345669
NA
0.112355
NA
-0.195345
-0.675493
0.100225
-0.0104004
0.0487539
-0.0264238
-0.354895
-0.495742
-0.004433
-0.243157
0.0448674
-0.485047
0.0350234
0.060741
0.0186339
-0.494382
-0.450075
NA
0.0694096
NA
-0.0473579
-0.0252787
-0.0818334
-0.38652
0.0713736
-0.321854
-0.385664
0.0452201
-0.345887
-0.00404241
-0.443904
-0.247839
-0.118711
-0.00197559
0.0709216
-0.471252
-0.33638
-0.168301
0.018741
NA
0.123969
-0.455019
NA
-0.288291
0.0797983
-0.359743
0.0597202
0.00928528
0.0367398
NA
-0.0102022
-0.451539
-0.30051
-0.166759
0.0698876
-0.3359
-0.2261
-0.106571
-0.720131
NA
0.0309443
0.0731217
0.0889475
-0.4611
-0.29943
-0.450118
-0.471407
-0.24875
-0.0498248
NA
0.0703379
-0.702134
NA
-0.117725
0.0263192
0.0605802
NA
-0.33787
-0.580801
-0.0410083
0.0863573
NA
-0.331723
-0.333129
-0.0344962
-0.328158
0.0422869
0.137924
-0.509042
0.0721295
0.0451049
-0.0214675
-0.1487
NA
-0.240299
-0.109375
0.0437577
0.0518743
-0.0257418
-0.284371
-0.0170831
0.0670809
-0.0210547
NA
-3.02
-0.468568
0.0424164
0.0496504
-0.190718
-0.192041
-0.330713
-0.232724
0.0623929
-0.252797
-0.522285
-0.0340585
0.0699229
-0.837244
0.0768193
-0.423486
-1.29354
-0.131394
0.0846656
NA
-0.709222
0.0985366
-0.123613
0.091436
-0.552216
-0.691267
-0.499852
0.07263
-0.0812871
0.0841446
NA
-0.503034
-0.383959
0.0611326
0.0175346
0.0718031
-0.284064
0.0739834
0.0840862
NA
-0.621509
-0.490189
0.0537909
-0.329045
-0.384031
-0.424617
-0.0233517
-0.408917
-0.327868
0.0932075
-0.176379
NA
-0.329073
NA
-0.23619
-0.183465
-0.160608
0.0385702
-0.361105
0.0709489
-0.381569
-0.203887
-0.426804
-0.0142427
-0.0273425
0.0631299
-0.245103
-0.554664
-0.133027
0.0786524
-0.46491
-0.655725
-0.442601
-0.356493
-0.0736917
-0.565875
-0.116847
-0.337463
0.00720828
-0.391068
-0.12704
0.0236012
-0.214594
-3.25
-0.711277
-0.319801
-0.3115
0.117337
-0.400675
NA
-0.465464
NA
0.0777897
-0.458509
NA
NA
-0.176948
-0.00440046
NA
0.0324505
0.0443781
-0.0270114
NA
-0.410497
-0.279554
-0.410513
-0.177182
NA
0.0154769
-0.433004
-0.403594
0.00976712
-0.2663
0.0631661
-0.428284
-0.245535
-0.44343
0.0138902
0.000261955
-0.345802
-0.0627332
-0.0780252
-0.492501
-0.423546
-0.0543258
-0.542423
0.0641836
0.0401967
0.0410998
NA
-0.291133
0.243731
-0.486432
0.0804192
-0.510764
NA
-0.539537
-0.382444
-0.518606
-0.423595
0.0666306
-0.534671
0.070112
0.00993122
0.0815399
-0.4679
NA
NA
-0.00541291
NA
NA
0.0852637
0.0779559
-0.257118
0.0429751
-0.33921
-0.071565
-0.0123642
0.00233129
-0.862604
-0.530967
-0.0667623
-0.431219
0.0444149
NA
0.0835484
NA
NA
-0.148266
-0.480845
0.0161749
NA
0.0290758
-0.66348
-0.455401
-0.132486
-0.504366
0.0806082
-0.463751
-0.1185
0.0272319
-0.00471164
-0.44606
-3.49
0.0436881
0.0924994
-0.489537
-0.291911
NA
-0.391005
0.0535626
-1.06021
0.0260459
0.0813085
-0.623301
0.0644947
-0.365244
0.0441416
0.1036
NA
NA
NA
-0.531781
NA
-0.429854
-0.255755
-0.105556
-0.0450378
-0.225815
-0.446612
NA
-0.0600758
-0.0365377
-0.523865
NA
-0.257721
-0.205876
-0.853591
-0.42493
0.0780154
0.0162184
0.0839741
-0.0131923
0.104441
-0.332778
-0.506505
-0.267364
0.0790146
0.0851001
-0.723436
NA
0.0634276
0.0441907
-0.0958213
-0.475251
-0.414591
-0.307319
-0.110126
-0.26653
0.0884712
0.00601367
-0.00210871
-0.227736
0.072318
0.0791843
-0.2629
-0.248155
-0.279183
0.0158045
0.0406583
-0.519001
-0.0711997
-0.42201
0.11698
-0.186658
-0.206567
0.0411854
0.0910969
-0.0498858
-0.335878
0.0766364
-0.536958
NA
0.0240796
-0.192596
0.0777019
-0.556126
-0.6163
-0.150665
0.0942369
-0.39227
0.0476034
-0.0336314
-0.20989
-0.101433
NA
0.0364609
-0.191556
0.0509778
-0.1734
0.0207085
0.084509
-0.0709104
0.0194693
0.0801976
-0.136652
-0.00852008
-0.244607
-0.492712
-0.0184069
0.0434221
0.000871301
0.103901
-0.333693
-0.409093
-0.879544
-0.595434
-0.32437
NA
-0.00109543
0.0467481
0.100796
-0.256649
-0.484775
-0.628112
-0.0433828
-0.402489
0.0719438
-0.498437
NA
-0.531786
-0.837524
-0.3526
0.076285
0.0123421
-0.378427
-0.110511
-0.210583
-0.276575
0.062038
0.0479408
NA
-0.454816
-0.0998546
NA
-0.0168815
-0.0301454
-0.243223
0.139099
0.0754256
NA
0.0352763
-0.391612
-0.00256806
NA
-0.307888
0.0495669
0.0638981
-0.029749
NA
-0.0524162
-0.10091
-0.847865
-0.15988
-0.572588
-0.269386
0.0633737
-0.53327
-0.178456
NA
NA
-0.683435
0.070524
0.0477616
0.0434209
-0.408217
-0.44596
0.0817428
0.0715583
-0.637225
-0.505937
0.0225076
0.0232768
-0.40691
0.074399
-0.0989866
0.0128629
-0.110176
-0.13453
-0.58455
NA
NA
0.070327
-0.00688891
-0.432578
NA
-0.362098
-0.174463
-0.134112
0.0553956
0.0889172
-0.118164
-1.29002
0.0218745
-0.847024
NA
-0.6952
-0.348175
-0.146921
-0.109804
-0.304779
-0.51481
0.074835
0.0432371
-0.143341
0.0496658
0.010825
-0.542735
NA
-0.0170187
-0.624036
0.12861
-0.551774
0.0462
-0.352008
-0.470282
0.0833806
-0.209893
-0.0146578
-0.47242
0.0720025
-0.297166
-0.203227
-0.172122
-0.0993476
-0.373441
NA
-0.525133
-0.533278
0.0434249
-0.472752
0.0468175
0.0779463
0.0232239
0.0752269
-0.423243
-0.510081
-0.16772
NA
-0.599028
0.00275496
0.0807637
-0.17076
0.0259119
-0.0963961
0.0769084
-0.489185
-0.312757
-0.730617
-0.441308
-0.252807
0.0672018
-0.417234
NA
NA
-0.326069
-0.214044
-0.660573
NA
-0.464261
-0.210956
-0.576648
-0.415599
-0.0621772
-0.513974
NA
NA
-0.400678
-0.111553
-0.629251
NA
0.192
0.017814
-0.285154
0.0642985
-0.435607
-0.32861
-0.653357
NA
0.0198388
0.0688387
-0.541478
NA
-0.728246
0.0165652
0.332954
-0.0414126
NA
0.163046
-0.0442267
-0.525635
-0.23006
-0.525789
0.0710478
0.0378244
-0.678329
-0.374292
-0.494327
0.0752188
-0.439693
NA
-0.63558
0.0768478
0.0855464
-0.611828
0.00630037
0.0423317
-0.233702
0.0673253
-0.632069
0.0300601
-0.547542
-0.0406323
-0.047955
NA
NA
-0.39503
NA
0.0714825
-0.208422
-0.528444
-0.913142
-0.727744
-0.365647
0.0662603
-0.362246
0.0127226
NA
-0.0909343
0.0868311
-0.228001
0.0595954
0.0326686
0.104769
-0.409562
-0.351763
NA
0.0484103
-0.0404317
-0.416048
0.0270389
-0.00326651
-0.0307425
0.0251608
NA
NA
-0.51555
-0.849418
-0.361305
NA
-0.524774
-0.138696
-0.790644
NA
NA
0.0721098
-0.51049
-0.203461
-0.175452
NA
-0.474297
NA
-0.224984
-0.119896
-0.0913604
-0.600459
0.0186315
0.0641048
-0.152166
-0.48471
-0.123816
0.042021
-0.328164
-0.584514
-0.332691
-0.28188
-0.414695
0.0231506
0.118237
-0.0229349
-0.101896
0.0331713
0.080987
-0.103092
-0.0239393
-0.27987
NA
-0.263902
NA
-0.0567508
0.0737796
-0.555882
-0.0844845
-0.0679352
0.0465988
-0.354231
-0.243188
0.116384
0.085493
-0.671972
-0.374477
-0.986984
0.0672505
0.0770123
-0.630395
-0.448489
-0.238349
-0.920842
-0.247237
-0.385583
0.254276
NA
-0.0995397
-0.064658
0.0758855
-0.553347
-0.000724984
0.0673431
-0.374693
0.056126
-0.167663
0.0564113
-0.70871
-0.514909
0.0913164
NA
-0.118974
-0.323974
-0.548346
0.0241269
0.0869858
NA
-0.312267
0.0793575
0.0692882
-0.414584
-0.00198599
0.0393881
0.0347008
-0.399638
0.107302
0.00378948
NA
-0.00492422
0.0175951
0.00469589
-0.393782
-0.198769
-0.151539
-0.358603
-0.115623
NA
0.0177692
-0.490234
0.0951052
0.0620088
-0.160733
0.0797886
-0.388053
0.0290021
-0.723505
0.0878215
0.04291
-0.558851
-0.413405
-0.19297
0.0610571
0.0626688
-0.392391
-0.233844
0.0803896
0.221962
NA
NA
0.078079
0.0202902
-0.674578
NA
0.0601147
-0.0900249
NA
-0.00165778
0.0594302
-0.292075
-0.316452
-0.62148
0.135672
0.0679907
0.0360079
-0.624311
-0.381502
NA
0.0610722
0.0724677
0.0804621
0.00759344
0.0829242
0.0648933
-0.71455
NA
-0.142422
-0.0856267
0.0916794
-0.114202
-0.036262
0.0826341
0.0312744
-0.505679
-0.26967
0.122677
-0.416966
0.0992029
-0.244034
NA
-0.0799841
-0.0132711
NA
-0.050781
-0.593339
NA
0.048594
0.0375817
0.048608
-0.36896
-0.681606
NA
-0.0131139
-0.589599
-0.0140031
0.131875
-0.5553
0.0802138
0.0689289
-0.553871
-0.660322
-0.135358
0.0482256
-0.142906
NA
-0.105348
-0.304558
-0.502566
0.093168
NA
0.0588716
-0.164628
NA
-0.0264783
0.0659652
-0.449071
0.0277572
0.0751022
0.0486313
-0.145936
-0.151647
0.0554704
-0.29386
-0.55949
0.0405458
-0.491827
-0.524143
-0.00601553
-0.0111244
0.0345514
0.0771411
NA
-0.123584
-0.849369
-0.389363
-0.193386
-0.710478
0.0382486
-0.679324
-0.181063
NA
-0.0148022
-0.702469
-0.292846
0.0688951
-0.384401
0.079838
-0.556188
-0.415904
NA
-0.132127
-0.680387
-0.67596
0.107599
0.0359142
0.0165857
-0.240041
-0.821021
0.0488217
0.0118386
-0.129303
-0.00974785
0.0505429
-0.289573
-0.143481
-0.00622315
0.0679906
0.0887441
NA
NA
-0.437574
0.0781499
0.0545469
-0.588411
-0.218816
-0.191309
-0.131355
-0.222234
-0.211348
0.197826
NA
-0.42629
-1.59316
-0.00368787
-0.230435
0.0448141
-0.316924
0.071241
-0.553327
NA
NA
0.0786914
-0.05078
-0.250062
0.0640495
0.00116393
0.0814601
-0.219321
-0.192092
-0.205468
NA
0.0605098
0.0266567
0.148571
0.1789
-0.732067
NA
-0.654204
-0.278564
0.0492601
-0.120995
-0.242766
NA
0.0251768
0.109114
-0.349602
NA
-0.253976
0.06895
NA
0.233916
-0.112478
-0.642165
-0.229414
-0.169567
-0.443242
-0.308355
0.0345151
0.0114792
-0.0011402
0.0664836
-0.302055
-0.0260709
0.00878488
-0.0838429
0.0700706
-0.206697
0.0704771
0.0435542
NA
-0.108645
0.0694831
-0.340015
0.0750798
-0.539694
-0.170993
0.0508614
-0.197886
-0.437882
-0.605503
-0.960022
-0.351936
-0.0822406
-0.331742
0.0657511
-0.295868
-0.161365
0.0287889
-0.0199481
-0.288021
NA
-0.0181914
-0.113324
-0.0340883
0.0711853
0.0476335
-0.434467
-0.20492
-0.633506
NA
-0.456326
-0.213468
0.0311232
-0.0242876
-0.224954
-0.493148
-0.11898
-0.834879
NA
0.0859103
0.136537
-0.742683
-0.809369
-0.0542704
0.139083
0.0457856
-0.26102
0.0763304
0.0605264
-0.0754149
-0.340055
0.0890372
NA
NA
0.196208
0.0963011
0.092038
-0.401557
0.0468642
-0.737344
-0.63266
-0.24968
-2.97
-0.270832
-0.5162
-0.81023
-0.00464332
-0.447083
0.0598318
-0.5252
-0.554187
-0.301323
0.0475558
-0.0197145
-0.241467
-0.172886
-0.0910301
-0.595397
-0.608272
-0.233278
-0.332218
0.0550563
0.0308263
-0.149907
-0.0830146
0.0842605
NA
-0.170974
0.0796829
-0.613868
-0.591028
NA
-0.1153
-0.351103
0.183617
-0.444215
-0.302954
-0.184741
-0.328462
-0.476051
-0.0354994
-0.589078
NA
-0.21039
-1.1389
NA
-0.380001
-0.100812
-0.269483
-0.0286703
-0.194458
-0.464095
NA
-0.273906
0.0625833
NA
-0.50897
-0.246468
-0.63187
-0.289939
0.100147
-0.690805
-0.141368
0.040443
NA
NA
0.00507744
NA
NA
-0.399898
NA
0.0668792
-0.391043
-0.219807
-0.282554
0.00164676
NA
-0.949517
0.0352027
-0.297423
-0.337346
0.064945
0.139216
-0.260473
-0.489656
0.0807543
-0.559901
-0.693257
-0.230319
0.00369914
NA
0.0453013
-0.00683578
0.0224764
0.063221
NA
-0.708418
-0.132458
-0.38722
-0.0188233
-0.715848
-0.543326
-0.32777
-0.329809
-0.0360703
-0.282586
-0.245768
-0.431365
0.0911474
NA
-0.203843
-0.00816725
-0.00271428
0.0142254
-0.210331
-0.701024
0.0163809
-0.654436
0.0952441
-0.35756
-0.209726
-0.529953
0.0630529
-0.0682426
0.0895143
0.0407063
0.0446275
0.0573478
0.0754028
0.167509
0.0320204
-0.154804
-0.60174
-0.798104
-0.87419
NA
-0.624302
-0.149475
-0.469431
-0.119971
-0.284946
0.0768089
-0.378112
NA
-0.331507
NA
-0.275609
-0.580429
0.0722072
0.0732438
NA
NA
-0.535547
0.0777534
0.00628242
-0.41654
0.100733
-0.441376
0.0669459
-0.497408
0.03038
-0.40705
-0.360635
-0.437268
0.029553
NA
0.0481921
-0.154565
0.00313408
-0.750194
-0.408133
0.0105691
-0.15916
0.0789735
-0.295598
NA
NA
-0.00385252
0.0451144
NA
-0.450037
-0.0217606
NA
0.0419613
NA
0.0890389
-0.208961
-0.36012
NA
-0.297233
NA
-0.101696
-0.06939
-0.0928887
-0.355193
-0.162095
0.0322976
0.0717322
-0.137871
NA
NA
-0.0353749
0.0471387
-0.368842
-0.354152
NA
NA
-0.00581902
0.0682129
0.0679092
-0.521741
-0.155648
-0.402256
0.0283871
-0.203246
-0.076216
-0.506625
0.0620585
0.0704805
0.0864158
-0.295355
0.0696013
-0.272322
-1.12082
-0.0715448
-0.206521
0.00897014
NA
-0.279588
0.0474128
NA
-0.721506
NA
-0.690031
-0.264316
NA
0.010025
0.0443894
0.0678408
-0.683665
0.0394477
0.0682687
-0.398818
0.205087
0.0933724
0.0785158
0.000463102
0.0278285
-0.188767
-0.258148
0.0314532
-0.83977
0.0769758
-0.00298482
-0.206539
-0.292596
0.0568748
-0.0670263
0.11843
0.0628601
-0.355846
-0.886546
-0.617637
-0.368269
-0.589597
-0.0740447
NA
-0.365798
-0.35055
0.0210696
-0.444278
-0.094555
NA
-0.173813
-0.361242
NA
-0.352692
-0.391134
-0.211903
-0.0542285
0.0760431
NA
-0.299398
0.0340727
-0.36582
NA
-0.605699
0.0793307
NA
0.0652204
-0.41091
-0.667134
0.120046
-0.332215
0.0387114
0.0441755
-0.244081
-0.377291
-0.722142
-0.562916
-0.417652
-0.498694
-0.206946
0.0659252
0.000529426
-0.373934
-0.389782
-0.0131454
-0.316308
0.0609108
-0.123874
-0.305748
NA
-0.00626282
NA
0.0191219
-0.418291
-0.314018
0.171166
0.0644776
-0.334116
NA
-0.0257899
-0.241778
NA
0.0265321
-0.256902
NA
-0.0473671
NA
-0.184929
-0.116854
-0.501855
NA
0.0261742
0.0182424
-0.182856
0.0401665
0.0901939
-0.18084
-0.742933
0.0467802
NA
-0.926639
-0.0909125
0.0834504
0.0542463
-0.0854455
-0.322284
-0.567477
NA
-0.225466
NA
0.349671
0.0505372
-0.274707
-0.657952
-0.450137
0.0812297
-0.722848
-0.320136
-0.436205
-0.756681
-0.412085
0.0649255
0.0556844
-0.57074
-0.023335
0.0481305
-0.657399
0.0640976
0.133308
-0.473398
-0.132115
-0.0719067
-0.698323
-0.209601
0.0800997
-0.489354
-0.514309
-0.0520332
-0.151191
-0.134724
-0.687318
0.0543614
0.0668317
0.0723758
-0.630028
-0.240461
-0.262966
-0.297916
0.0727163
0.0915411
0.0390365
0.0216541
-0.178619
-0.623915
-0.255001
-0.906149
-0.712863
-1.21777
-0.39078
-0.105008
-0.518575
-0.350425
-0.0077736
0.074831
NA
-0.456303
0.080432
-0.556731
NA
0.511777
NA
-0.813963
NA
-0.445363
0.0158576
-0.478045
-0.000942298
-0.701283
-0.680809
-0.0431352
