-0.140516
0.0628681
-0.334408
0.143159
NA
-0.125549
-0.585653
-0.0235761
-0.425753
-0.530474
-0.192136
-0.0527667
-0.507849
0.0705196
-0.193019
0.0548876
NA
0.0399935
-0.238613
-0.552621
-0.157463
0.0579225
NA
0.0657654
-0.0518573
-0.410563
-0.622874
-0.482063
-0.333695
-0.314116
-0.592077
-0.000212407
0.064533
-0.512814
0.0723501
-2.37452
-0.206631
-0.745555
-0.593337
-0.477268
0.148466
0.0832004
NA
-0.118263
NA
-1.15166
-2.55
-0.745207
0.0683699
-0.286496
0.0296967
-0.0781271
0.0490725
0.0414004
-0.0152011
NA
-0.58306
-0.73055
-0.255829
-0.365004
-0.0845183
-0.496778
0.0626876
-0.434004
-0.555358
NA
-0.197116
-0.280513
0.11833
-0.22937
-0.218704
NA
-0.132471
0.0683278
-0.116235
-0.0646494
-0.297214
NA
-0.21736
-0.734125
NA
-0.341123
-0.0563219
NA
NA
-0.590099
-0.869592
0.102932
NA
0.0626884
-0.174086
0.0760575
-0.310656
0.0618914
0.0285471
0.0741572
0.0414105
0.0759869
NA
-0.433565
-0.754674
-0.665791
0.00457624
-0.209988
-0.705967
-0.364833
-0.130444
-0.55211
-0.0707456
0.00901863
0.0611139
0.00592078
0.0199381
0.0802328
NA
-0.322644
NA
0.0666669
0.0797997
-0.130617
-0.11114
-0.391969
-0.180271
-0.145422
-0.488552
-0.086646
0.0519385
-0.444529
-0.233823
0.0156345
-0.536028
-0.366498
-0.553004
0.0122888
-0.348937
0.117174
-0.0110216
0.0535252
-0.116144
0.0722682
-0.636729
-0.218997
-0.611904
-0.0411673
-0.407046
-0.297903
-0.0257703
-0.221231
-0.266822
0.0480759
-0.523455
0.0666766
-0.403985
-0.00103544
NA
-0.648968
NA
0.0222068
0.0456428
0.0355521
NA
-0.512287
0.0497046
-0.0494349
-0.167718
0.0993801
-0.404922
0.0100473
0.0202111
0.0113878
0.0260632
-0.0822212
0.0502808
-0.515119
0.147626
-0.421141
0.0313676
-0.00547334
0.0670749
-0.177578
-0.394067
0.017667
0.0690259
NA
-0.563995
-0.0752036
-0.0249601
-0.59232
-0.381434
-0.0771399
-0.241963
0.0176951
-0.235998
0.0434801
-0.660322
-0.00906413
-0.192922
0.0772408
-0.327361
0.0775671
-0.384575
-0.216032
-0.609259
-0.425363
0.0615398
-0.770819
NA
-0.336805
NA
0.0661851
0.134481
0.0100907
-0.387246
-0.562285
0.0439954
-0.377845
-0.137585
-0.643152
-0.288446
NA
-0.260893
-0.156256
NA
0.070341
-0.521344
NA
0.057634
-0.489046
-0.588974
0.0459869
-0.0651437
-1.00869
-0.466264
0.0396115
0.00672892
0.00198999
0.0783224
-0.110107
-0.707262
0.0491601
-0.285984
-1.00965
NA
NA
-0.0147762
0.00614355
-0.4648
-0.129165
-0.367503
0.0725671
0.0678607
0.0722511
0.0750275
0.0473632
-0.193472
-0.134313
NA
-0.105758
0.0713253
-0.0606026
-0.618562
-0.341907
0.0894141
0.0297262
0.0302847
-0.0345017
0.0334087
-0.118267
0.0407965
0.0100924
-0.862569
0.06038
NA
-0.0387026
0.0428639
-0.594836
-0.0762348
-0.0500251
-0.371331
-0.515958
NA
-0.606691
NA
-0.556351
0.0730714
-0.0541717
NA
NA
0.068107
-0.175449
0.0759356
0.0466583
0.0933912
-0.777689
-0.113571
-0.327187
-0.448918
0.0188687
-0.589327
0.01366
0.0962045
NA
0.0634571
0.0330833
-0.091814
-0.0416103
-0.500172
-0.518454
-1.07347
-0.272675
-0.16798
NA
-0.524745
0.0919009
-0.451125
-0.476911
-0.147955
-0.0978995
-0.185653
NA
-0.0832822
-0.380883
-0.332765
-0.671887
-0.509153
0.0741809
-0.326034
0.0749016
0.0415774
-0.264475
-0.501484
NA
-0.216947
0.0672563
-0.274999
-0.190318
-0.272952
0.0637291
-0.464746
NA
0.0274795
0.0491979
0.0167438
0.071978
-0.0994504
-0.256065
NA
0.00761206
0.038627
-0.443093
-0.485304
0.0776587
-0.148282
0.0225926
0.0833578
0.0692463
NA
-0.45635
-0.27703
-0.0228477
NA
-0.179604
-0.105916
-0.21656
0.000365325
-0.262053
-0.141048
-0.118587
0.175185
-0.182335
-0.525761
-0.384128
0.00818975
-0.600369
-0.394597
-3.94035
-0.00977348
-0.206693
0.0479371
-0.0955318
-0.150989
-0.120858
NA
-0.538155
-0.131451
-0.528352
-0.130178
0.0720681
-0.34462
-0.230658
-0.147515
-0.565923
-0.499349
-0.270913
-0.0223647
-0.0505141
0.0364524
-0.840069
-0.0444317
-0.423061
-0.0643763
-0.675209
-0.213397
-0.00175244
-0.177991
0.0350648
0.0453404
-0.313996
-0.22916
-0.00230139
-0.15659
-0.450762
0.00670009
0.08184
-0.53112
-0.164889
-0.178598
-0.349394
0.0843742
0.0366649
NA
-0.293214
NA
-0.312143
-0.45702
-0.11396
-0.0505656
0.0681392
NA
0.040494
-0.0906229
0.0804358
0.466585
-0.431506
0.0870611
0.00352007
NA
0.0759224
-0.514143
-0.210893
-0.140902
NA
-0.0195636
0.0834586
-0.176571
-0.321204
NA
-0.379269
-0.193254
0.061988
0.0528228
0.0268329
0.11198
NA
0.0795612
-0.535477
0.0790453
-0.254507
-0.631007
-0.405231
-0.505965
-0.134873
0.239039
-0.0610297
-0.654825
-0.747003
-0.936223
0.0435144
NA
-0.0905548
-0.080883
-0.352108
-0.00108562
0.00513916
-0.121305
-0.0162686
-0.217247
0.0152802
-0.185384
0.0979238
NA
NA
0.06977
-0.173441
-0.605935
-0.349459
0.0464602
-0.398509
-0.529023
-0.249767
-0.328838
-0.3327
NA
-0.0464674
0.0630004
-0.00969311
0.0691055
-0.336243
NA
-0.334208
-0.111125
0.0666819
-0.114048
-0.580675
0.0795362
-0.174062
-0.122016
-0.868417
0.0775681
0.0108815
NA
NA
-0.809816
-0.618107
-0.583208
-0.247039
-0.783743
-0.873928
0.00501201
-0.479628
-0.302698
-0.585354
0.0285414
-0.00682167
-0.0350252
-0.463962
NA
0.122841
-0.468953
NA
-0.0348473
0.0449982
NA
-0.401941
-0.220814
-0.754983
0.0458606
-0.0346113
0.0567898
0.01726
-0.0573404
-0.120323
0.0837809
NA
0.0656694
0.0480758
-0.00364872
-0.567181
-0.475529
-0.399601
NA
-0.791
-0.290995
0.0487565
0.0664453
-0.388053
-0.537577
0.0333887
-0.379443
-0.501771
-0.379151
-0.176059
-0.0868834
-0.0498327
-0.51483
-0.418708
0.0512703
-0.852489
-0.069914
-0.350776
-0.369938
-0.309382
-0.421893
NA
-0.658156
0.0771531
-0.21232
-0.621134
-0.766206
-0.252082
-0.413315
NA
-0.228525
-0.305484
-0.449481
-0.540524
0.0332979
-0.482478
-0.162441
0.03408
-0.725741
0.0897977
-0.590135
0.283022
0.0689508
-0.502344
0.0548758
-0.333324
0.0639607
0.0642668
-0.164552
0.179678
-0.395118
NA
-0.100276
-0.574639
-0.316162
-0.496984
NA
0.0715635
0.185565
NA
NA
-0.0248234
-0.00112003
-0.00662016
-0.373246
-0.513599
-0.356994
0.0769385
-0.30856
-0.44024
-0.0803743
-0.209313
-0.659633
-0.0771222
0.03003
-0.365315
-3.94113
-0.238398
-0.332636
-0.528287
-0.0751332
-0.370333
0.071423
0.076632
-0.328999
0.0663205
NA
0.0497442
NA
-0.586629
0.0936687
-0.482256
-0.254744
0.0703135
0.0453719
0.0455207
-0.68507
-0.149476
-0.580467
-0.134154
NA
0.0670391
-0.653917
-0.14944
0.0533932
-0.0725298
-0.61457
-0.347396
0.116871
NA
NA
-0.73727
NA
-0.0635782
-0.422035
-0.0951088
-0.75925
NA
0.0273855
-0.0145187
-0.304174
NA
-0.187209
-0.797267
-0.306834
0.0393779
-0.364535
NA
-0.466827
-1.00889
NA
-0.617499
0.062251
-0.499054
-0.741728
-0.386594
0.0782115
-0.701189
-0.321942
-0.164417
-0.612387
-0.75289
0.0203318
-0.246911
0.00669947
-0.649214
-0.353811
NA
-0.351292
NA
-0.137096
-0.209869
-0.638482
-0.213836
NA
0.0163862
-0.693906
-0.311964
0.106619
0.0677025
0.0412812
0.122213
-0.162268
-0.334104
-0.212107
NA
NA
NA
-1.6356
0.044044
-0.252694
NA
-0.525546
-0.342054
0.0802813
-0.74983
NA
0.0708646
-0.576864
0.0444982
-0.00414656
0.0679135
0.0698808
-0.606205
-0.848848
-0.0426491
-0.147865
-0.159135
-0.754728
-0.270888
-0.239985
-0.539453
-0.260506
NA
-0.968995
0.0327458
-0.485782
-0.563954
0.0765215
-0.14372
-0.599393
-0.523184
-0.0615683
0.012897
0.046394
0.0483254
NA
-0.406016
NA
0.0427066
-0.133081
NA
-0.138957
NA
-0.211609
-0.526161
0.0717901
NA
-0.554875
-0.549303
-0.713413
NA
-0.150329
-0.333075
-0.179449
0.00650316
0.0187192
-0.350282
0.0996425
-0.653827
0.044382
-0.0240224
-0.260803
-0.411037
-0.0352521
-0.000677705
0.0351807
-0.0131951
-0.689294
NA
-0.148673
0.0678953
NA
-0.235841
0.08088
-0.766945
-0.448942
0.0551833
-0.199552
NA
0.0424701
0.231402
0.0137757
-0.756645
-0.351436
-0.413547
-0.0580445
-0.385971
0.0800022
NA
-0.666004
-0.796743
-0.0185465
-0.480169
0.0436701
-0.297551
-0.00435931
-0.585184
0.0669815
-0.430433
NA
-0.370085
-0.141777
0.00720718
-0.0975713
0.0266721
0.0753347
0.147257
-0.0476533
-0.000706306
0.0509533
-0.494306
-0.00238732
-0.256694
-0.484356
0.0778117
0.0518
-0.429645
0.00193064
0.125062
NA
-0.758866
-0.102395
-0.428113
-0.0407953
-0.899545
NA
-0.372398
-0.510336
NA
-0.00627197
0.0785239
-0.606172
0.0637042
-0.0593541
0.0801657
-0.2331
NA
-0.187991
0.0505277
0.0430499
-0.2271
-0.462716
0.00955353
-0.415502
-0.616098
-0.173082
0.0678553
0.0673373
-0.168203
-0.433145
0.00287075
-0.70066
NA
0.0156254
-0.232691
0.0445006
0.0620439
-0.157732
0.0815433
-0.499181
-0.212391
0.0795886
-0.305057
-0.415122
-0.179845
0.0405472
-0.229021
NA
-0.662854
-0.380368
-0.137612
-0.0203747
-0.213542
0.0911738
-0.690208
-0.00416984
-0.385082
0.0442249
-0.439258
-0.00134041
-0.252066
0.07281
-0.237742
0.0755153
NA
-0.178795
0.0452505
-0.146452
NA
0.0426008
-0.166273
0.0696806
-0.360555
-0.19934
-0.139687
0.0463304
0.0537465
-0.408033
0.00880659
-0.355575
-0.284065
-0.792877
-0.589985
-0.643911
-0.395999
-0.115005
-0.180954
0.0794553
0.055039
-0.0484909
0.208276
-0.30477
-0.152796
-0.785083
-0.363052
-0.696962
-0.181213
-0.411617
-0.255091
-0.0991665
0.0157663
-0.470646
-0.301891
-0.59695
-0.171522
NA
-0.213447
-0.105206
0.0258908
0.108569
-0.0948567
0.0948946
-0.368686
0.0309181
-0.416247
-0.918398
-0.00106419
-0.325467
NA
NA
0.00678427
-0.436143
-0.564598
-0.510867
0.0712454
NA
0.4392
-0.5722
-0.493428
0.0915784
-0.53896
-0.0688602
0.0112156
0.0293545
-0.313798
0.00948435
-0.417621
0.0141186
0.0964627
-0.0207464
0.0460634
-0.277785
NA
-0.42784
-0.0260096
-0.112975
-0.00481069
-0.244354
-0.00715919
0.0967797
0.0773361
-0.426783
NA
-0.194006
0.0690117
0.13072
-0.355721
-0.565634
-0.0928784
NA
-0.379013
0.0773441
-0.373569
0.104279
-0.0202566
-0.180814
NA
-0.0626608
0.0424446
0.0360963
-0.489197
NA
0.0497195
NA
-0.0927072
0.0206877
NA
-0.362873
-0.350494
-0.00934579
0.0984026
-0.618708
-0.612869
-0.414494
NA
-0.878881
0.0655004
0.0512907
-0.225398
-0.599961
-0.0205652
-0.322214
NA
-0.252807
0.0732691
0.0543591
0.114206
NA
-0.238485
-0.56757
-0.825034
-0.144713
-0.715625
-0.759323
0.105545
-0.693354
-0.312243
-0.187831
NA
-0.789399
-0.383952
-0.405092
NA
0.074936
NA
-0.300931
-0.0155826
0.0650257
-0.449503
0.101808
-0.0192732
0.0301674
-0.345043
-0.115399
-0.539543
NA
-0.64176
-0.0085034
-0.0350414
-0.354427
-0.117258
0.0476278
0.0705679
-0.14639
NA
-0.0484008
-0.0154222
0.12579
0.0782053
0.149136
-0.482729
0.117671
-0.647997
0.0395473
NA
0.0712767
NA
-0.346417
-0.0364386
-0.121815
-0.251403
-0.0362203
NA
-0.235084
-0.461883
-0.769284
-0.213398
-0.115356
0.139444
-0.129587
0.0592574
-0.0912196
0.0698524
-0.947356
0.0185062
NA
-0.13765
-0.454691
-0.0916595
-0.233056
-0.0801075
-0.635026
-0.017003
-0.114878
NA
NA
-0.688435
-0.434127
-0.37105
0.0412335
0.06898
0.0689564
0.0719123
-0.130586
0.142582
0.0144704
-0.0859693
-0.306501
-0.0283639
-0.233194
-0.704372
NA
-0.504286
-0.644705
-0.472379
-0.0072607
-0.618783
0.077649
-0.569093
-0.173703
-0.21591
-0.376608
-0.000614402
-0.0156375
-0.544179
0.168051
0.0753546
0.0282158
0.0994254
-0.148238
-0.180001
0.00876265
0.0726978
-0.455486
-0.147611
-0.331214
0.136451
-0.447492
-0.109812
-0.227165
-0.130655
-0.080726
-0.138154
0.108235
0.0637121
-0.267835
-0.427555
0.0184083
NA
-0.45184
-0.0766708
-0.479486
0.0620138
0.0539809
-0.508854
-0.286854
0.0451637
-0.785806
-0.141837
-0.294282
NA
-0.128106
0.0855247
0.0266772
-0.102293
-0.475047
NA
-0.447659
0.103029
-0.425401
-0.312844
-0.46499
NA
-0.203896
NA
NA
-0.342529
0.0521843
-0.105498
NA
0.0441929
-0.488609
0.119478
-0.422815
-0.577656
-0.655417
-0.0158605
-0.383434
NA
-0.232231
0.0645371
-0.20284
0.0400699
-0.178797
0.0550918
0.0869213
0.00109509
-0.401651
-0.552645
-0.114922
-0.0662996
0.0423759
-0.105348
0.0237297
0.199068
-0.652211
0.0615884
-0.0381356
0.162327
NA
-0.575108
-0.588382
-0.526269
0.0532196
NA
-0.0468796
NA
0.0771839
0.0929
NA
-0.0861117
-0.543618
-0.474111
-0.159231
NA
-0.178736
-0.486505
-0.604086
0.0805717
0.0715705
0.0672948
-0.0802491
-0.219533
-0.280884
NA
-0.161109
0.0344293
-0.16649
-0.639827
-0.14373
0.46055
-0.584739
-0.299896
-0.476855
-0.231757
0.0692168
-0.154651
-0.37841
-0.215062
-0.00990418
NA
-1.05864
-0.295457
-0.136692
0.0782929
-0.463088
-0.0602472
NA
-0.556556
-0.579633
-0.152657
-0.0241091
0.0773187
-0.289477
-0.569867
NA
0.0828863
NA
NA
-0.0173325
-0.128768
0.0438303
-0.388806
0.0581091
-0.492343
-0.101977
-0.522563
0.0585252
NA
0.0732963
0.121609
-0.118837
0.089832
-0.348706
-0.455469
-0.19887
-0.142528
NA
0.0745684
0.0752787
0.0793646
NA
-0.330744
-0.233434
-0.5627
-0.277961
0.0507168
-0.372259
-0.313684
-0.55415
0.0463534
0.0706702
-0.606585
-0.228398
0.0380626
-0.0267404
-0.227594
0.0103301
0.0644413
-0.599558
0.149145
-0.216137
-0.74501
-0.637284
-0.218952
-5.42652
NA
-0.109621
-0.337467
0.0536365
-0.229769
-0.778335
NA
-0.31252
-0.59999
-0.410367
-0.331754
-0.111134
0.0556311
-0.394099
-0.518745
NA
-0.112012
NA
0.0448741
-0.582845
-0.00327498
-0.411482
-0.101008
0.0413168
-0.0473553
0.012705
-0.372151
-0.283975
-0.371252
NA
-0.178124
-0.557353
0.152777
-0.196571
NA
NA
-0.889504
0.0392177
0.0848025
-0.00545958
-0.491272
-0.336731
-0.0355489
NA
-0.395682
0.0594848
0.0445577
-0.0319025
NA
-0.239073
0.0655487
0.0655973
-0.697522
NA
0.0822281
NA
-0.322009
-0.609894
-0.330402
0.0794383
0.0882519
NA
0.0429777
-0.278206
-0.299984
0.0690817
0.0119147
0.0666995
0.0733563
NA
-0.223126
0.0673222
-0.457188
-0.605812
-0.357799
0.0834355
-0.209794
2.23939e-05
-0.289414
-0.170375
-0.551579
-0.105778
-0.521373
-0.00871159
0.024604
NA
-0.30973
NA
-0.531727
0.080336
-0.328617
NA
0.00486111
-0.310962
-0.276778
NA
0.0961448
NA
-0.349823
-0.573927
-0.00756999
0.0444329
0.0872465
0.0451092
-0.9567
-0.447057
-0.393164
NA
-0.723287
-0.0817445
-0.301172
-0.484278
NA
NA
-0.0162558
NA
-0.274715
-0.324671
0.0610164
-0.618979
-0.0281814
-0.261883
0.0177273
-0.125901
NA
-0.580159
-0.499067
0.0807624
0.0677744
0.0750717
-0.725498
-0.260289
-0.030396
-0.338086
0.0764024
-0.015964
-0.468984
0.289576
0.101931
-0.234108
NA
-0.305791
0.115851
0.0453171
0.0112724
-0.381235
-0.638851
-0.117548
0.0483289
NA
-0.643802
-0.0582673
-0.362437
-0.0140144
-0.00150184
0.07183
-0.634694
-0.573293
-0.114889
NA
0.00202655
-0.35032
-0.134163
0.0336482
0.0833623
0.0443508
-0.339781
-0.475203
0.0829224
NA
-0.858109
-0.366932
-0.34718
0.0376686
-0.257348
-0.104992
0.0456233
-0.602589
-0.167297
-0.46536
-0.443894
-0.677039
-0.327317
-0.334583
0.074347
0.105026
0.00806975
0.0822684
0.0538307
0.330604
0.0731353
0.0719278
0.314879
-0.0355431
-0.184468
-0.367523
-0.568397
NA
-0.568783
NA
-0.00028309
0.0949983
-0.258339
NA
0.0586961
-0.313789
-0.557393
-0.208012
NA
-0.181553
-0.158312
-0.692054
NA
-0.0112637
NA
-0.275882
NA
-0.100911
-0.0855753
2.5851
0.0475974
-0.283585
-0.138867
-0.866327
-0.252761
-0.343108
0.0776567
0.0630266
0.0737146
-0.28278
-0.481541
0.112932
-0.153247
-0.185805
-0.0946412
-0.552897
-0.231817
0.0268879
-0.179326
0.0819136
-0.103742
-0.0794025
-0.13883
-0.339862
0.0448413
0.233132
-0.528846
-0.703034
-0.372401
0.0441377
NA
-0.086292
-0.262939
-0.519607
-0.482707
-0.176729
-0.706273
0.0899213
0.0844587
-0.515178
0.0999611
-0.235887
-0.769774
0.0730511
-0.283539
0.065553
-3.37719
-0.19208
-0.282291
NA
0.0909665
-0.0159943
-0.514515
-0.623496
0.0640881
-0.247619
0.0189203
-0.234175
0.0756576
-0.395065
NA
0.0118039
-0.364824
-0.47531
0.0316789
-0.120813
0.0154947
-0.000620111
0.0735112
-0.244228
-0.0798484
-0.622593
NA
-0.150895
-0.617528
-0.297774
-0.114479
-0.215822
0.0637528
-0.360755
-0.612111
-0.107875
0.0764131
-0.0964845
0.0462921
-0.263185
NA
-0.116061
-0.598647
NA
-0.0655499
-0.467707
0.047053
-0.0635584
0.0654837
-0.468169
-0.518765
0.0580088
NA
-0.466537
0.0424695
NA
NA
-0.12944
0.0760884
-0.342436
-0.659811
0.0941081
0.0376205
0.0892829
0.00778768
0.0561887
-0.175096
-0.44364
-0.0718611
-0.353281
0.166922
0.0617446
NA
-0.0778021
0.0919573
-0.563667
0.0466535
0.0342023
-0.325898
NA
-0.662736
0.0934872
0.0789129
-0.142202
-0.436481
-0.642016
0.0141934
-0.496586
-0.967241
-0.212786
0.10933
-0.348972
-0.177025
NA
-0.606549
0.0920788
NA
-0.0516212
0.08175
0.0637218
NA
NA
-0.564638
0.0378431
-0.0638817
-0.733934
NA
0.0570064
-0.128449
-0.313558
0.0958201
-0.691331
-0.44747
-0.00800742
0.0904266
0.079293
-0.470326
0.0275139
-0.290538
-0.0961808
0.0970086
-0.043259
-0.280431
-0.382584
-0.363932
-0.494682
-0.533928
-0.524748
0.0409051
-0.0963712
0.0583763
NA
-0.537912
-0.0116058
0.0400517
-0.134289
0.0463043
-0.645696
-0.300683
0.0257215
-0.168851
-0.418356
-0.387154
-0.196006
0.0325284
NA
-1.47813
-0.056718
-0.294748
-0.284657
0.0853372
-0.416664
-0.138923
-0.0737308
0.0898981
-0.685231
0.0651054
-0.0182673
-0.290325
0.0697687
-0.0468444
-0.414343
-0.379392
NA
-0.129264
-0.390185
NA
0.0354706
NA
NA
-0.258532
-0.208214
-0.500144
-0.193824
-0.555197
NA
0.0681975
-0.533126
-0.131388
-0.239809
-0.598339
-0.0258784
NA
0.0432863
0.0672864
-0.548008
-0.182048
-0.689729
0.0754824
-0.129866
0.0757363
-0.102155
0.0900887
NA
-0.157656
-0.239345
-0.458986
0.073778
-0.359999
0.035728
NA
-0.549648
-0.150085
-0.225764
-0.122024
0.0638067
0.0948153
-0.260107
-0.00817574
0.0691979
-0.066641
0.218022
-0.674167
0.0842619
-0.788759
-0.325232
-0.192287
-0.18561
0.169704
-0.556371
-0.109496
-0.220654
0.0739968
-0.260185
NA
0.061214
-0.317402
0.0761928
0.00668065
0.0814421
-0.0466028
0.0758221
-0.395197
-0.2391
-0.40283
-0.537244
-0.264631
-0.092287
-0.148036
NA
-0.341781
0.0398777
-0.371043
0.109997
0.078052
-0.508021
-0.661556
NA
-0.178872
-0.571839
-0.2665
-0.622087
0.0702816
NA
-0.466936
NA
-0.370427
0.0739619
-0.825154
-0.51473
-0.502265
NA
-0.53038
NA
-0.177313
NA
-0.324736
NA
-0.783593
0.0464426
-0.718261
-0.18836
-0.044355
-0.22416
-0.444001
-0.00195547
-0.113949
NA
-0.675159
0.107175
-0.429366
-0.154099
-0.606159
NA
-0.389557
-0.449997
-0.432022
-0.257307
NA
-0.260996
-0.321017
0.0443418
0.00531955
-0.519872
-0.0401517
-0.224673
-0.00360009
NA
-0.824356
-0.866875
0.0710126
-0.465972
-0.296331
-0.308465
-0.325336
-0.35263
0.0684791
-0.532296
-0.239193
-0.302019
-0.342344
-0.31729
0.0406352
-0.0693495
-0.131715
0.107015
-0.49727
-0.275826
0.0640225
-0.11128
-0.151068
-0.156364
-0.0308828
-0.425604
-0.0158662
0.0282492
NA
0.0614361
0.0738566
-0.583469
-0.27474
-0.0757995
-0.531136
0.0847867
0.0161571
NA
-0.25904
-0.428602
-0.0774333
0.0694431
0.0165193
NA
-0.209691
NA
-0.2305
-0.0799883
-0.25505
-0.113771
-0.41101
-0.0695108
-0.0279193
-0.0852913
-0.159174
-0.290439
-0.200633
-0.0912112
0.0738749
-0.186563
-0.615593
-0.00233851
-0.16153
-0.0201938
NA
-0.596518
-0.4087
NA
NA
0.185244
NA
0.0513683
-0.381509
0.0479818
0.108108
-0.06942
-0.509851
0.112358
-0.256859
-0.275353
-0.389724
-0.596261
-0.127233
0.456185
-0.454338
-0.355567
0.0698131
-0.222956
-0.57758
-0.52896
-0.0456819
0.0735563
NA
-0.0768955
-0.565355
-0.295596
-0.40522
-0.00656999
-0.352074
-0.482275
0.073473
-0.435472
0.0541973
-0.0716538
0.0472503
0.0456085
0.0190204
NA
-0.119481
-0.390178
0.0420684
-0.546526
NA
0.0180772
NA
NA
-0.476547
0.0793918
-0.320219
-0.214033
0.112664
NA
-0.178697
NA
0.060391
-0.37143
-0.158237
0.0227273
0.0417993
-0.123716
0.294647
-0.270207
-0.395149
0.0473858
-0.632972
0.083493
0.0217965
-0.0732121
-0.147171
0.0736519
-0.288155
-0.514042
0.0244135
-0.266545
-0.356078
-0.0631857
-0.0640777
-0.465738
NA
-0.229883
-0.236412
-0.114131
-0.570682
-0.475782
-0.358263
0.0630991
-0.557229
0.0435466
-0.127717
0.0856727
-0.509517
-0.293793
-0.42069
NA
-0.0855687
NA
-0.124384
0.0112538
NA
0.0761004
0.0706522
-0.351913
-0.269362
-0.35163
0.0593221
0.0688381
0.0682308
-0.0649515
0.0922275
-0.577966
-0.607404
-0.413665
0.0722274
0.0370451
-0.351674
NA
0.0605357
-0.100031
0.0900864
0.022672
-0.4706
0.0468214
-0.33787
-0.0614445
-0.75415
NA
0.0716807
-0.265212
-0.566894
0.0488505
-0.528332
-0.965219
0.0348242
-0.335639
-0.551032
-0.393954
0.0568909
0.0360904
-0.107318
0.073159
-0.258541
-0.152759
-0.0512417
-0.108688
0.0718603
0.0015212
0.0331743
0.0816194
0.0031316
0.0448252
-0.0936307
0.056559
0.0492762
-0.401439
-0.0610069
-0.0132061
0.105094
0.382019
0.0250081
0.107301
0.0726023
0.0450094
0.0432547
0.0745348
-0.207229
0.100357
-0.415588
-0.475595
-0.254167
0.0248696
-0.0376848
0.026798
0.0993706
-0.474919
-0.860496
-0.0225828
NA
-0.54646
-0.0429498
0.0608757
0.0512703
-0.128086
-0.561482
NA
-0.217064
0.0229013
-0.159393
0.0472675
0.072935
-0.326124
0.0795926
-0.103535
-0.68247
-0.138157
-0.0721587
-0.312059
-0.708203
-0.131663
-0.737317
-0.422613
-0.630985
-0.788295
-0.301815
0.276867
-0.414505
-0.137484
-0.538319
-0.551008
0.0480609
-0.0410381
-0.42922
0.0339001
0.0311492
-0.248323
-0.235773
-0.262047
-0.0779102
-0.0136692
-0.0634163
-0.0559472
0.0894851
0.0810844
-0.407071
-0.43594
-0.494792
NA
-0.519236
0.0459648
NA
-0.321781
-0.548228
-0.551461
0.0435462
0.0879165
-0.0940823
-0.218652
-0.297511
-0.463088
-0.16296
-0.562127
0.0998136
-0.148203
0.00261855
-0.2809
-0.519229
0.0565711
NA
0.0878831
0.0974157
-0.0660512
NA
-0.357008
NA
-0.104404
0.15496
-0.120005
-0.625192
-0.103867
NA
0.0492033
-0.0185057
-0.24831
-0.45606
0.0945435
NA
-0.00974393
-0.372331
-0.207549
-0.633476
-0.700889
0.00556408
0.0425081
0.0764436
-0.120369
-0.424408
NA
-0.0865659
-0.184045
-0.0282159
-0.872296
0.0145612
NA
-0.349647
-0.414994
0.105445
NA
-0.340499
0.0365564
-0.412912
0.0795624
NA
-0.260622
0.129002
0.0667253
-0.346006
-0.223866
NA
0.0346978
-0.14927
0.134422
NA
-0.15898
-0.404147
-0.231578
NA
-0.0884262
0.0688149
0.0985543
-0.294922
-0.164075
0.0539915
-0.442147
-0.604496
-0.349105
-0.480717
-0.429326
-0.0390308
0.135739
0.0698114
-0.409968
NA
-0.540539
0.0116138
0.0760941
-0.36273
0.0518
-0.124994
-0.462084
0.0767184
-0.586806
0.0844456
NA
0.0369863
-0.507495
-0.237365
-0.0529967
-0.385612
-0.152589
-0.161286
NA
0.0133464
0.105783
-0.150839
-0.0443919
0.0772124
-0.691455
-0.799519
-0.350062
-0.444134
0.0813973
-0.272541
0.0582497
-0.0270842
-0.490681
-0.400398
-0.0563937
-0.0783522
-0.67351
0.017326
NA
-0.602543
0.0361512
-0.254435
-0.723026
-0.0400164
-0.398599
-2.925
0.0569133
-0.0239404
-0.532454
0.0105178
0.189053
-0.338627
-0.0342068
0.0549958
-0.330905
-0.572586
-0.0538884
0.069537
NA
NA
0.0736224
0.0338122
0.0186824
0.0686437
0.0250385
0.0976415
-0.156803
-0.320357
-0.877402
-0.703737
NA
-0.0962625
-0.112196
-0.124407
0.0851938
0.273853
-0.583076
NA
0.0789553
NA
-0.00607877
-3.455
-0.250792
NA
NA
-0.486133
NA
-0.44088
NA
0.145345
-0.509516
-0.221753
0.0430696
NA
-0.407876
-1.03562
-0.0433901
0.0443123
NA
-0.511749
0.0223487
-0.498971
-0.0942222
-0.632026
-0.61796
0.121696
-0.124072
-0.620187
-0.0924669
0.070012
-0.366245
-0.610502
-0.520168
-0.253663
0.0675394
-0.000118569
-0.525898
0.0761981
-0.260504
0.142039
-0.0957011
NA
0.0402905
-0.342331
-0.190363
0.0458425
-0.319376
0.0525205
0.0651738
0.0669382
-0.189626
NA
-0.488504
0.00331748
0.0817742
0.0767354
0.0837834
-0.34239
-0.385279
NA
-0.0679846
0.0755044
NA
NA
0.0322807
0.125989
-0.758979
-0.383063
NA
0.0786793
NA
NA
-0.249053
-0.0217293
-0.210255
-0.25284
NA
-0.544448
-0.179336
-0.548377
0.0575657
-0.0303719
-0.16336
-0.591111
-0.352107
-0.17266
0.063493
-0.179504
0.0265731
-0.232949
-0.444221
-0.534871
-0.256736
NA
NA
0.0353801
-0.0792065
-0.323572
-0.0775567
0.0482642
NA
-0.173622
-0.136428
-0.174799
0.0881954
NA
0.0747176
-0.0823583
0.0590397
-0.522988
-1.20143
0.071479
-0.145218
0.0428516
-0.115126
0.0634318
-0.242373
NA
-0.236412
0.0863425
-0.398423
-0.209913
-0.627752
NA
0.0589138
0.0728281
-0.546763
NA
-0.324981
-0.0231136
-0.537681
-0.555501
NA
-0.298396
0.00725381
0.0566191
0.0378703
-0.538626
-0.487533
-0.3213
-0.0809896
-0.306737
-0.0938375
NA
-0.0214057
NA
NA
0.0769081
-0.114982
-0.114737
-0.179479
-0.131263
-0.0303812
-0.127735
NA
0.0681608
-0.0607418
-0.0614538
0.0966108
-0.136029
-0.467478
-0.145761
-0.567485
0.161726
-0.333851
NA
-0.253089
-0.619565
-0.716023
-0.778708
0.0638524
-0.188514
-0.491459
-0.265902
0.0802894
-0.0947617
-0.394229
NA
-0.459747
0.0111788
-0.472312
0.0767187
0.0114892
0.018512
0.073816
0.0722061
0.0571111
0.00900739
-0.12778
0.10453
-0.28168
0.00213649
-0.267146
0.0737388
0.0738529
0.0468642
NA
-0.401557
0.042272
0.092038
-0.5162
-0.81023
-0.329799
-0.806967
-0.63266
-0.24968
-0.270832
NA
NA
-0.26102
-0.475148
-0.295509
NA
NA
0.0605264
NA
NA
-0.0754149
NA
-0.0705894
-0.493148
-0.224954
-0.26285
0.078774
0.139083
0.126621
-0.0542704
-0.809369
-0.00408138
-0.11898
0.0859103
NA
-0.742683
-0.564025
0.0711853
-0.0340883
-0.485625
-0.0518579
NA
NA
-0.0181914
-0.113324
-0.213468
0.0476335
-0.633506
-0.20492
-0.331742
-0.351936
-0.0213019
-0.605503
0.0493496
-0.161365
-0.295868
0.0287889
0.0599729
-0.351687
-0.148091
0.0197773
-0.313317
-0.696384
-0.340015
-0.346509
-0.469193
-0.206697
0.00878488
-0.302055
-0.542057
-0.334851
-0.0838429
0.0700706
-0.184561
0.0741946
-0.221786
NA
0.0435542
-0.785423
-0.913867
-0.161963
0.0477123
-0.169567
-0.22441
-0.443242
0.102542
0.0385124
0.203303
-0.0011402
-0.559901
-0.153774
0.0807543
0.172703
-0.0202666
-0.670318
-0.693257
-0.230319
NA
-0.132458
-0.708418
-0.00683578
0.0453013
0.0224764
-0.708638
-0.346775
-0.0235454
NA
-0.294975
-0.25626
-0.391043
0.00164676
0.139216
NA
0.0721841
-0.132889
0.0352027
-0.337346
-0.492518
-0.141368
-0.577477
0.040443
-0.63187
0.100147
-0.690805
-0.247841
-0.609237
0.0720645
-0.694135
-0.213564
-0.582147
NA
-0.850653
-0.345627
-0.0910918
-0.380001
-0.100812
-0.50897
0.0576719
NA
0.0625833
NA
NA
-0.302954
-0.0681288
0.105706
-0.444215
-0.354515
-0.159358
-1.1389
NA
0.0293842
-0.184741
-0.407332
-0.276906
NA
0.0763527
0.0619933
-0.700308
0.0163178
NA
-0.613868
-0.00649312
NA
-0.1153
-0.332218
NA
0.0203215
0.171545
-0.595397
-0.608272
-0.0910301
0.0308263
-1.07224
-0.988457
NA
-0.0820717
-0.447083
-0.3129
0.0598318
NA
-0.364946
-0.241467
0.0475558
0.0117385
-0.922007
-0.120685
0.0405458
-0.29386
-0.524143
-0.00601553
-0.0111244
0.039286
-0.0758045
0.0751022
0.0486313
0.0554704
-0.151647
-0.145936
-0.276795
0.0683799
0.0461853
0.00991674
0.0479437
NA
0.0588716
NA
0.0659652
0.0277572
0.045263
NA
-0.0264783
-0.502566
0.0273034
0.093168
-0.108935
-0.421349
-0.304558
-0.834433
-0.275746
-0.335529
-0.181111
-0.135358
0.0629706
0.0802138
0.0811365
0.0689289
0.0456389
-0.681606
-0.308783
-0.53401
NA
-0.0131139
0.0215436
0.131875
-0.30875
-0.101038
-0.389286
-0.36896
-0.0929772
0.0442703
-0.195026
-0.551131
0.0615777
0.0621512
0.0992029
0.122677
-0.416966
-0.474048
0.0369907
NA
NA
-0.0799841
-0.0132711
0.109114
-0.242766
-0.0583777
-0.112478
-0.229414
0.233916
0.0733439
0.06895
-0.219321
-0.0674559
-0.205468
-0.210775
-0.654204
0.0605098
0.0540347
-0.316924
-0.465067
-0.131185
-0.230435
-0.00368787
-0.0619964
NA
-0.0298293
-0.546908
-0.199753
-1.23726
NA
-0.515801
-0.42629
0.197826
-3.5
-0.0377716
-1.59316
-0.366329
0.074793
-0.191309
-0.126393
-0.000319984
-0.211348
-0.0831003
-0.333825
-0.129303
0.0118386
0.00222655
-0.67596
0.0359142
-0.153981
0.114867
0.0468832
-0.132127
-0.280532
-0.579499
0.0466174
-0.384401
0.0733818
-0.24382
-0.137618
NA
0.160394
-0.415904
0.0725024
0.0852532
0.0249796
-0.489828
0.0771411
-0.193386
-0.389363
-0.0148022
0.0772319
NA
0.0756796
-0.181063
-0.100128
-0.0618243
0.0198798
-0.72616
-0.716102
-0.203735
-0.661557
-0.119418
-0.116854
-0.784441
-0.447034
NA
-0.626418
-0.559544
-0.0257899
NA
0.0756658
NA
NA
0.0265321
-0.0857571
-0.526744
-0.314018
0.0191219
NA
0.0644776
-0.0131454
-0.389782
-0.195905
-0.373934
0.0304939
-0.316308
0.0609108
-0.218373
-0.305748
-1.087
-0.244081
0.168655
-0.437362
-0.0216433
-0.377291
-0.417652
-0.41091
0.0652204
NA
-0.667873
-0.358721
NA
-0.332215
0.0387114
-0.261139
NA
0.0632409
-0.36582
-0.299398
-0.0542285
-0.211903
-0.564183
0.0793307
0.0857964
-0.34436
-0.293523
-0.361242
NA
-0.233344
0.0139032
NA
-0.000942298
-0.701283
0.0651019
NA
-0.389309
-0.813963
-0.440427
-0.0431352
0.0799407
-0.384574
-0.680809
NA
-0.712863
0.511777
-0.334278
0.0447737
0.080432
-0.556731
-0.449145
0.0915411
0.0727163
0.0390365
-0.297916
-0.262966
-0.255001
0.046104
NA
-0.623915
-0.178619
-0.134724
-0.167315
0.0543614
-0.0520332
-0.0686189
-0.153634
-0.151191
0.0635033
-0.560226
-0.65902
NA
-0.132115
-0.473398
0.133308
-0.296312
-0.321162
-0.151329
-0.481478
-0.209601
-0.489354
0.0800997
-0.0507315
-0.412085
0.0649255
-0.320136
-0.023335
-0.545483
-0.129602
0.0556844
-0.243742
0.0791358
-0.57074
NA
-0.0986775
-0.0854455
-0.347224
-0.450137
-0.528453
-0.81543
0.0505372
-0.182856
0.0182424
0.0401665
0.0261742
-0.18084
0.0465013
0.194516
-0.244944
0.0799403
0.0105691
-0.15916
0.0789735
-0.634933
0.0823697
0.0472296
-0.750194
NA
-0.450385
-0.545971
-0.226764
-0.360635
0.03038
-0.369369
-0.285129
0.0925544
0.029553
-0.206813
0.027779
0.0356383
0.085533
0.0443884
-0.580429
NA
0.0732438
-0.117395
0.100733
0.0669459
-0.68956
-0.452566
-0.41654
-0.166656
0.0965731
0.0768089
-0.0245116
0.060384
-0.284946
0.371753
-0.036307
NA
-0.176077
-0.331507
-0.378112
-0.223565
-0.154804
-0.1144
0.0320204
-0.120529
0.167509
NA
NA
-0.112441
NA
0.0895143
-0.529953
0.0630529
-0.580304
0.0407063
0.0659947
0.219361
0.0446275
0.121314
0.0573478
0.0592992
0.0142254
-0.210331
-0.045226
NA
-0.00816725
-0.209726
-0.35756
0.0952441
-0.32777
NA
-0.289615
-0.0188233
NA
0.0911474
-0.172112
0.134864
-0.368269
0.11843
-0.452951
-0.168575
-0.355846
0.0628601
NA
-0.00298482
-0.292596
0.0457588
0.0314532
0.0769758
-0.83977
0.0570452
0.067082
NA
-0.0091927
-0.748506
0.0350085
-0.381603
0.0394477
0.0417594
-0.683665
-0.126308
0.000463102
-0.188767
0.0682687
0.00290172
0.0293385
0.0890965
NA
-0.279588
NA
0.0678408
-0.0920802
0.010025
NA
NA
-0.690031
-1.1469
0.0864158
-0.451697
0.0283871
-0.443627
-0.506625
-0.203246
-0.702586
-0.00922658
-0.0239555
-1.12082
-0.0715448
-0.518753
0.0429808
-0.222269
-0.0353749
-0.45744
-0.228696
0.0322976
-0.858634
-0.137871
-0.521741
NA
-0.00581902
0.0682129
NA
-0.354152
-0.101696
-0.328186
-0.06939
-0.297233
-0.354275
-0.304567
0.184286
NA
-0.482039
-0.162095
-0.0217606
-0.548175
-0.36012
-0.726195
NA
-0.630104
-0.107279
NA
0.104681
-0.0116372
-0.181307
0.103901
0.00909661
-0.0933717
-0.410924
-0.595434
-0.409093
NA
0.0706568
0.069012
NA
0.0194693
-0.136652
0.0801976
NA
-0.478802
-0.244607
0.0434221
NA
-0.332173
-0.191556
-0.630721
-0.20989
0.0476034
-0.23354
0.0364609
0.084509
0.0273332
0.085625
-0.0896991
-0.131178
0.020561
-0.40463
0.0207085
-0.190149
-0.301967
-0.192596
0.0240796
-0.626785
NA
0.0796313
-0.150665
-0.399032
-0.161333
-0.108871
NA
0.11698
-0.42201
-0.41055
-0.206567
-0.186658
-0.0711997
-0.418385
0.0766364
-0.0498858
-0.285158
-0.80119
0.0439475
0.072318
-0.43271
-0.227736
-0.162841
-0.248155
0.00505434
-0.0919769
-0.279183
0.0791843
-0.2629
0.050262
NA
0.0525871
NA
-0.414591
-0.475251
-0.0532627
0.0673083
-0.00210871
-0.0701127
-0.307319
-0.110126
0.0548098
0.0884712
0.0889172
-0.847024
0.0806105
-0.118164
0.104233
-0.432578
NA
-0.00688891
-0.174463
-0.342303
-0.362098
-0.154003
-0.226018
-0.196785
-0.325394
-0.742612
-0.203887
-0.422865
-0.221012
0.0459263
NA
-0.231235
-0.110176
0.0128629
0.0445672
NA
-0.56749
0.0477616
0.0434209
-0.370914
-0.637225
0.0715583
-0.408217
0.0817428
-0.093204
-0.44596
NA
-0.683435
NA
-0.0255576
-0.681105
0.079427
-0.53327
NA
NA
-0.486762
-0.178456
-0.161962
0.0596203
-0.391612
0.0352763
NA
NA
-0.029749
-0.10091
-0.399094
-0.323448
NA
NA
-0.307888
0.0495669
-0.0998546
-0.485177
-0.210583
0.00958872
0.0479408
0.062038
0.139099
-0.345498
-0.0168815
NA
-0.837524
-0.326075
-0.498437
-0.110511
-0.0471156
0.235682
0.0123421
-0.105917
0.076285
-0.542423
0.0641836
0.0401967
-0.00550758
-0.537427
NA
-0.536783
0.0410998
-0.291133
-0.476061
-0.385968
-0.01773
-0.591042
0.0557667
-0.492501
-0.140146
-0.0780252
NA
NA
NA
0.0138902
-0.0488792
-0.0685862
0.0728059
-0.286315
-0.423546
-0.290608
-0.224683
-0.552334
0.0726983
-0.341931
-0.177182
0.20504
-0.112861
0.0670519
-0.428284
0.0631661
0.044586
0.00976712
-0.291886
-0.507668
NA
0.0715949
NA
-0.279554
0.0395403
-0.267228
0.0443781
0.0845708
0.0686728
-0.105087
-0.3115
-0.177981
-0.711277
-0.319801
-0.0656585
-0.458509
-0.501855
-0.340482
-0.026418
-0.46491
0.0670264
0.0799062
-0.442601
-0.943003
-0.655725
-0.286409
0.0236012
0.0675092
-0.393468
-0.214594
-0.116847
0.0685582
-0.565875
-0.118948
0.0338548
-0.178406
-0.72059
NA
0.0631299
-0.0142427
-0.245103
-0.497445
-0.381569
0.0709489
-0.130207
-0.183465
-0.137871
0.0162184
-0.694378
-0.0666657
0.0780154
0.0146599
-0.498273
0.0634276
-0.547221
0.0441907
-0.295083
-0.723436
-0.247788
-0.650088
-0.208364
-0.595401
-0.17842
-0.0450378
0.0605525
-0.330392
-0.105556
-0.255755
-0.253974
-0.523865
NA
0.0119915
-0.365244
0.0644947
-1.06021
0.0535626
0.1036
NA
-0.531781
NA
-0.207773
0.0441416
-0.280921
0.0807122
-0.342301
NA
-0.489537
-3.49
0.0436881
-0.291911
-0.00530198
0.0032596
-0.763858
-0.423292
NA
-0.415661
-0.376882
-0.504366
-0.463751
-0.1185
0.00787549
-0.862604
0.0779559
-0.0123642
0.00233129
-0.071565
0.0761841
NA
NA
-0.0695935
0.0835484
NA
-0.148266
-0.431219
-0.249939
0.0393075
0.0444149
-0.288915
-0.0983155
0.0666306
0.075035
-0.308796
0.070112
-0.153564
0.0574321
0.141564
-0.598938
NA
NA
0.0815399
-0.0632847
-0.374249
-0.539537
-0.382444
-0.12892
0.0265707
NA
0.0804192
0.0451708
NA
-0.237889
-0.514909
0.0332854
-0.334961
0.025626
-0.70871
NA
0.0753584
-0.548346
0.0241269
-0.323974
0.0451847
-0.450526
NA
-0.355872
-0.553347
-0.725513
-0.0995397
0.070047
0.0758855
-0.141709
0.0673431
-0.737906
-0.496702
0.0363714
-0.243447
0.0430948
NA
0.085493
-0.388644
-0.671972
0.0465988
0.0473983
0.116384
-0.243188
-0.630395
NA
-0.238349
-0.385583
-0.374477
-0.986984
-0.00316236
0.0770123
-0.103092
-0.0302596
-0.27987
-0.0229349
-0.24613
-0.755466
0.0626147
0.0331713
-0.0844845
0.0737796
-0.170709
-0.328164
-0.332691
0.0217565
NA
-0.152166
-0.28188
0.0231506
0.102228
0.078686
-0.119896
0.00934714
NA
NA
-0.600459
-0.361305
NA
NA
NA
-0.203461
-0.21159
-0.51049
-0.0177616
0.0560149
NA
0.0199125
0.042143
0.0721098
-0.328195
-0.646131
-0.962075
-0.546265
-0.0307425
-0.0799188
0.0723574
0.0712242
-0.797722
0.0915178
0.0882085
NA
0.0476004
NA
-0.142422
0.0607248
0.137398
-0.421384
-0.173795
-0.089814
0.0808142
-0.114202
-0.0856267
-0.430506
0.0679907
-0.71374
0.135672
0.0818231
0.0724677
-0.381502
0.0774452
NA
-0.0781701
-0.0315692
0.0800697
NA
0.0202902
-0.292075
-0.0832082
-0.00165778
-0.157442
NA
-0.0900249
-0.544777
-0.457688
0.078079
0.051783
NA
-0.498671
0.04291
-0.534766
-0.502297
-0.476646
0.0290021
0.0626688
0.0939732
-0.345803
-1.48654
-0.0223998
0.0697562
0.0610571
-0.358603
-0.490234
-0.266027
NA
0.00469589
-0.151539
-0.393782
-0.198769
0.097501
-0.615636
-0.0471811
0.0951052
NA
-0.18384
-0.312267
0.0692882
0.00378948
NA
0.0167335
0.0656939
-0.0243732
0.107302
0.0932367
-0.270532
NA
0.0840426
-0.513974
-0.576648
-0.00883913
-0.415599
-0.441308
-0.170861
-0.312757
0.0336755
NA
0.0426468
NA
-0.179698
-0.252807
-0.119689
0.0527092
-0.417234
-0.599028
-0.17076
0.0807637
0.0635709
NA
0.0769084
-0.489185
-0.474667
-0.0963961
-0.472752
0.0259641
0.0779463
-0.284632
-0.533278
-0.16772
-0.00838594
0.0232239
-0.0928539
-0.607377
-0.423243
-0.67275
-0.152932
0.0720025
-0.205019
-0.373104
-0.203227
0.0441909
-0.710893
-0.214826
-0.266597
0.0259831
0.0566133
-0.373441
NA
0.010825
0.0470987
-0.542735
-0.460971
NA
-0.46847
-0.47242
-0.240619
0.0137841
NA
-0.624036
0.12861
-0.551774
0.38012
-0.0675903
0.0403359
-0.304779
-0.322626
NA
-0.143341
0.0432371
NA
-0.358555
-0.297585
0.0679729
-0.146921
-0.469582
-0.348175
0.0103658
-0.285698
0.0739594
-0.228001
0.104769
-0.378398
-0.0909343
0.0868311
0.0421365
-0.351763
-0.543396
-0.528444
0.088359
0.0662603
-0.260594
0.0127226
0.0126536
-0.727744
-0.500266
-0.196908
NA
-0.547542
-0.047955
-0.0406323
-0.418801
-0.117828
-0.632069
0.0300601
0.0673253
0.062147
-0.769528
-0.39503
-0.186375
NA
0.0874646
-0.686113
NA
0.0794651
-0.62149
-0.374292
-0.466585
-0.494327
-0.652162
-0.611828
-0.0527203
-0.439693
NA
0.163046
0.0826079
-0.38458
-0.525635
-0.285022
0.0323251
-0.0442267
-0.499516
-0.062792
-1.10468
0.0688387
0.00888559
-0.280378
-0.602024
0.332954
-0.165217
0.0416453
-0.630703
-0.116375
-0.65909
0.0642985
-0.822543
0.0465751
-0.285154
-0.728921
0.017814
NA
-0.653357
-0.198563
-0.435607
-0.605987
-0.32861
-0.151631
NA
-0.557558
NA
-0.537554
-0.00997329
0.0514737
NA
-0.629251
-0.697166
0.0104933
0.223092
-0.799833
-0.236855
-1.00972
-0.541118
0.0416749
0.0763458
NA
0.0797263
0.0731623
NA
-0.173082
NA
-0.261011
0.0707702
0.0434828
NA
-0.140468
-0.12656
-0.340064
-0.221408
0.0209061
-0.704076
0.0756473
-0.671863
NA
0.0840163
-0.488613
0.0451105
0.0297409
1.90362
-0.359461
-0.584439
NA
-0.16034
-0.155657
-0.0707846
0.0358351
0.0204893
-0.411947
NA
-0.151527
-0.267732
-0.483507
-0.302667
-0.134348
0.0766044
-0.0639906
-0.0731153
-0.0258013
-0.158064
-0.160372
-0.11777
-0.112143
NA
0.0751327
-0.0292967
-0.0137139
-0.481806
-0.420393
-0.391531
0.00344225
-0.134249
-0.435826
-0.0168403
-0.105416
-0.0545208
0.0399861
0.0945826
-0.0678389
-0.26777
0.0428057
0.04799
0.0480884
-0.260175
-0.149928
0.0733615
-0.00146222
NA
-0.175314
-0.510369
-0.134566
-0.308801
-0.352273
-0.322284
-0.114621
-0.0807913
-0.500407
-0.155717
0.0453188
0.0626007
0.0508566
-0.197951
-0.365179
-0.435145
-0.864668
-0.313535
NA
0.00723077
-0.336547
0.0445362
0.0926155
0.0458702
-0.453961
0.0774726
-0.28861
NA
0.0816515
-0.392131
-0.0167144
-0.448613
-0.0665666
-0.117306
0.0596381
0.0567288
0.126155
-0.126531
NA
-0.521916
-0.304822
-0.36312
-0.0724207
0.0970753
-0.32548
0.0783961
-0.0280012
-0.416919
0.038339
0.0531852
-0.36976
-0.38426
-0.281511
-0.427883
0.0684216
0.0811197
-0.101923
-0.272711
-0.290797
-0.42225
0.0922992
-0.313628
-0.551528
0.0180745
3.57329
-0.484876
0.0433084
NA
-0.304588
-0.0217502
0.0199849
-0.559575
-0.0691631
-0.95474
-0.117948
-0.51603
-0.0658579
NA
-1.02609
-0.00951723
-0.41688
-0.503336
-0.0276212
0.0561729
-0.248096
-0.633003
-0.108982
-0.438993
-0.406501
-0.301608
0.0328174
0.000616402
0.0224689
0.0661455
0.0783262
0.0669698
0.00451184
-0.419763
-0.437285
-0.292886
-0.154505
0.0771367
-0.103351
-0.585594
NA
0.00404537
-0.376051
-0.143705
-0.0960954
NA
-0.191773
-0.977097
-0.417469
-0.321596
0.0594721
-0.00696833
-0.211445
-0.268019
NA
-0.420656
-0.35417
-0.329543
0.086633
-0.209036
-0.053785
-0.0850066
0.0118975
-0.280233
-0.0696591
0.0725193
-0.630304
NA
0.0678979
0.0434894
0.230632
0.158158
0.0512908
0.0854398
-0.21521
NA
0.038238
-0.148251
-0.653567
-0.178353
NA
-0.253948
0.0404502
0.107972
-0.407919
NA
-0.0628207
0.0404028
0.0743098
-0.271733
NA
0.0907381
-0.222987
0.364363
-0.17289
-0.217103
-0.298679
0.0111966
0.0727176
-0.182109
0.104749
-0.0965557
-0.0302469
-0.363794
0.0231555
NA
-0.489647
0.348782
NA
-0.321437
NA
0.0700477
-0.556877
0.110024
-0.190888
-0.166794
-0.704427
0.145735
-0.259073
-0.562728
0.0971591
-0.392528
-0.153331
-0.406695
NA
-0.452151
-0.104537
0.0462726
-0.235527
0.0690264
-0.224667
-0.201319
-0.268356
-0.0293869
0.0711509
-0.369338
0.178315
0.0572731
-0.315245
-0.325842
-0.0904844
-0.412457
NA
-0.528902
NA
-0.369825
-0.00552834
0.0647739
-0.345464
-0.188398
-0.0131549
0.0566272
-0.453081
-0.652079
-0.727428
NA
0.235446
-0.114395
-0.384983
-0.457142
-0.690733
0.0309443
-0.106571
-0.146099
-0.611234
-0.372392
-0.4611
0.0828685
0.0896054
0.0830181
-0.0565449
-0.451539
-2.08098
0.073238
0.0440106
-0.3359
-0.35098
-0.166759
-0.337988
0.123969
-0.121994
NA
-0.288291
NA
-0.33638
NA
-0.419858
-0.315728
0.0177493
-0.118711
-0.156968
-0.443904
-0.247839
-0.156711
0.0556663
-0.00197559
0.0709216
0.0628645
NA
-0.494382
-0.450075
0.0694096
-0.485047
-0.318324
0.0713736
0.0923554
0.0452201
-0.595908
NA
-0.0252787
-0.38652
-0.479387
NA
NA
-0.373708
0.100225
-0.675493
-0.550287
-0.629117
-0.345669
0.0726159
-0.166534
-0.202484
-0.0264238
-0.243157
0.0336781
-0.495742
-0.108793
NA
-0.0788976
-0.215076
-0.298229
-0.722509
-0.31461
-0.247038
-0.536419
0.0243912
0.0601777
-0.925893
-0.117642
-0.418712
-0.265982
0.0337686
-0.01581
0.0787873
-0.0887842
0.126514
0.0472851
-0.494266
-0.448808
-0.502928
-0.522378
-0.402007
-0.284064
-0.0141601
NA
-0.792203
-0.329045
0.0702084
-0.279341
0.0431634
0.0932075
-0.408917
-0.327868
-0.0233517
-0.424617
-0.384031
-0.490189
-0.0759953
-0.0812871
0.196864
-0.432861
0.0566741
0.07263
0.0175346
-0.0322512
0.0768193
-0.158199
0.091436
-0.123613
-0.234538
-0.709222
0.0312338
0.0846656
0.0462918
-0.252797
-0.433724
-0.277731
-0.232724
0.025874
-0.192041
-0.0340585
0.0927181
NA
0.0670809
-0.196216
0.0424164
-0.190718
0.0496504
-0.544399
NA
-0.446554
-0.0170831
0.0504654
-0.109375
-0.0257418
0.0518743
-0.333129
0.00120081
0.0863573
0.0662937
-0.271948
NA
-0.328158
0.0142003
-0.543558
-0.509042
0.137924
0.0422869
-0.424115
NA
-0.471407
0.0703379
-0.0498248
-0.33787
0.0263192
0.0358657
0.0939257
-0.466591
-0.620448
-0.345394
0.0648122
-0.36187
NA
-0.364296
NA
NA
-0.112987
-0.657758
0.0616465
NA
-0.211052
-0.496198
-0.118766
-0.20749
-0.634656
-0.180459
-0.312318
NA
-0.117101
NA
-0.0120454
0.0322994
-0.718648
-0.425672
0.0732795
-0.431482
NA
0.0681434
0.0408909
-0.268865
-0.442276
0.0749322
0.0851281
0.0479084
-0.625547
0.0784532
-0.427915
-0.212746
-0.0233331
-0.689828
-0.0394617
0.086522
-0.269174
NA
0.00508344
-0.21239
-0.250554
-0.21516
-0.192874
-0.503549
0.0691306
0.0329322
-0.672818
0.0578523
0.165571
NA
0.0871126
-0.1988
NA
-0.533654
-0.646057
0.059803
-0.245338
0.00711363
0.0694858
-0.231399
-0.0847361
0.0729508
NA
0.118326
-0.149224
NA
-0.287432
-0.128864
NA
-0.59947
-0.496683
-0.397417
0.000404137
0.0706598
0.0859334
0.118522
-0.255609
NA
-0.365093
-0.132955
0.648279
-0.854493
0.0228055
0.00879297
-0.192871
NA
0.0429397
-0.244291
-0.323233
-0.450051
0.0823715
0.077
-0.215613
-0.837991
-0.0416725
-0.0835224
-0.216136
0.0509972
NA
-0.734025
0.100627
NA
-0.351662
0.0458622
NA
-0.402589
-0.083665
0.0466595
-0.31604
0.0165507
0.0727382
-1.03006
NA
0.0908184
-0.732434
NA
NA
1.82056e-06
-0.308997
-0.567154
0.0300939
-0.0322132
-0.332056
-0.00474406
0.0183399
-0.369236
-0.518009
NA
0.101308
0.0441401
NA
-0.612355
-0.0802454
-0.346684
-0.198281
-0.348873
0.0425838
-0.375046
0.0598382
-0.258962
-0.487469
-0.00665624
-0.537895
0.0290015
0.0193176
-0.433935
0.00126505
0.0821718
-0.0655328
-0.262763
-0.6982
-0.176289
NA
-0.410983
-0.125934
NA
-0.172698
-0.708507
-0.376487
0.207137
-0.40175
-0.431767
-0.726995
-0.460927
0.0356811
NA
-0.842178
NA
0.0442211
0.0520175
-0.412383
0.0516056
-0.264663
0.000180784
-0.570938
0.0456661
-0.00976476
-0.303391
-0.387668
NA
0.0770186
NA
-0.291826
NA
-0.443717
-2.96552
0.0284825
-0.405538
-0.378861
0.0765827
0.0678864
-0.432364
-0.364308
-0.369196
0.0648119
-0.250304
-0.128412
-0.501649
-0.309445
NA
0.0705045
-0.0372552
-0.567929
-0.16161
-0.705741
0.0703573
-0.056234
0.0450873
-0.169218
-0.0847823
-0.0117094
-0.454947
0.0983873
0.334367
-0.367521
0.0674206
-0.508344
0.0204104
-0.502854
-0.146643
0.0214201
-0.578222
0.228258
0.0644812
-0.477899
0.176591
-0.728636
0.0632855
-0.0969377
0.0297561
0.0299697
-0.288758
-0.157269
-0.251634
NA
-0.138264
-0.0751687
NA
-0.264246
-0.152474
-0.384479
0.0406466
-0.398682
-0.862085
0.0170281
0.079702
-0.00533463
-0.37555
0.216195
-0.199536
-0.531214
-0.729398
0.0743249
-0.479958
NA
0.0768251
NA
0.0793896
-0.30127
NA
-1.05014
NA
-0.168316
0.0747913
-0.206054
-0.476058
-0.355328
-0.608308
-0.33109
-0.135844
0.0713889
0.0335571
0.0814974
NA
0.0867136
NA
-0.641359
0.0604443
0.00808069
-0.320485
NA
-0.0437426
-0.235234
-0.222754
-0.248007
-0.101172
-0.640805
-0.486769
NA
0.0876721
NA
-0.162895
-0.498049
-0.293833
-0.0448788
0.0764422
-0.416103
-0.428472
-0.696463
0.0752195
-0.304375
0.0798807
NA
-0.107672
-0.542404
0.0217043
-0.30911
-0.46921
-0.438114
-0.346058
-0.297633
-0.220806
-0.143894
-0.551868
0.0799201
0.0851458
-0.660906
-0.0789442
0.0237537
-0.26144
-0.216647
0.0851829
NA
-0.188124
-0.352096
-0.266515
-0.11271
-0.360369
0.0816087
-0.39946
-0.114394
-0.227569
NA
-0.082814
NA
0.0898853
-0.325782
-0.24367
0.102826
NA
-0.351281
-0.527438
NA
-0.538782
0.00698588
-0.622482
NA
-0.0869199
0.0758393
-0.116819
-0.459292
-0.371809
NA
-0.123683
-0.498304
0.0467719
-0.312166
-0.296044
-0.16617
0.0461477
NA
-0.19058
-0.79051
0.118244
0.047154
0.158573
-0.63051
-0.193918
0.0447969
-0.13276
NA
0.0788483
-0.806619
NA
-0.433205
NA
-0.406051
NA
NA
-0.593896
0.0296735
-0.378539
-0.553746
0.0751024
-0.479947
-0.710586
-0.431102
0.0842791
-0.336221
0.0886332
NA
NA
NA
NA
-0.509272
-0.277129
NA
-0.428118
NA
-0.235115
0.0211622
NA
-0.158113
-0.239506
-0.0687375
-0.264359
NA
NA
NA
0.137421
0.0639752
-0.497564
-0.804797
-0.300901
-0.475602
0.00109847
-0.0480932
-0.260421
0.120408
NA
NA
NA
-0.396396
-0.808432
-0.612487
-0.385386
-0.00133425
-0.272506
-0.567275
0.0733984
-0.337507
-0.402567
0.0249426
-0.137495
-0.526914
0.0675645
NA
NA
-0.0457402
-0.111886
0.0754106
-0.44999
-0.302206
-0.0794358
NA
0.0623707
-0.254609
0.0241755
0.025503
-0.0423644
0.0705625
-0.594924
-0.475313
-0.0918661
-0.105246
-0.374796
0.0725896
-0.849468
0.0183393
0.0644381
-0.268968
0.113222
-0.0151347
-0.473542
-0.274672
0.0201872
-0.159357
-0.646058
0.0344503
0.0397621
0.0132374
-0.336535
-0.337754
0.089799
-0.100843
0.0643248
-0.320953
0.14912
-0.161188
0.0466886
0.0486363
0.0842287
-0.0688217
-0.0165861
-0.426671
NA
-0.270527
0.117536
-0.415115
-0.0784141
0.023172
NA
-0.589544
-0.160674
NA
-0.520731
NA
0.0626133
-0.815587
NA
NA
NA
-0.124133
-0.0603251
-2.96638
-0.237231
-0.043594
-0.237585
0.0142418
-0.710183
-0.137822
-0.348729
-0.736342
-0.295039
0.096481
NA
NA
-0.00148268
-0.381827
-0.461161
0.084172
-0.609272
-0.418934
0.132773
-3.18
-0.422011
0.0351966
0.0508791
-0.339583
-0.523723
0.0325089
0.0446725
-0.815947
0.0625075
0.0754695
-0.809
0.0530843
-0.0646892
-0.457404
-0.424049
0.0352812
0.210658
0.0197684
-0.463665
-0.334853
0.044163
0.0183556
-0.786464
-0.0480138
-0.34962
-0.279961
0.0541347
0.0392394
-0.133603
NA
-0.510364
0.0714288
0.0492047
-0.740845
0.049185
0.0685731
-0.65031
0.0495378
0.0545546
NA
-0.479297
-0.195936
0.0615161
0.904148
-0.458893
0.103656
-0.179181
-0.0264697
-0.511044
-0.618121
-0.141054
0.0278342
-0.161342
NA
NA
-0.304697
-0.131985
0.102328
-0.303501
-0.14679
-0.510965
-0.464194
-0.0630533
-0.27616
-0.204282
0.0331785
-0.245123
0.0837736
0.0991813
NA
-0.689807
-0.416396
NA
0.00606485
-0.639467
0.123563
-0.532126
-0.255973
NA
0.0379839
-0.125192
0.0634
0.0341056
0.0259273
-0.0473707
0.0344799
NA
-0.310613
0.0170206
0.043885
0.0582828
NA
NA
0.0108057
-0.437168
-0.0514755
0.00303201
NA
-0.0344445
-0.18712
-0.484252
-0.631169
NA
-0.163788
-0.219347
NA
0.104866
-0.302612
-0.303855
-0.350582
0.0599802
NA
0.0724183
-0.0293549
NA
-0.248823
-0.645328
-0.260412
-0.999981
0.0399784
0.0208289
-0.678432
0.0451831
-0.732666
0.0434728
-0.364659
-0.104723
-0.266786
-0.681586
-0.0306474
-0.588935
NA
0.0686865
-0.758904
-0.0307461
0.129653
-0.205774
-0.204434
NA
NA
-0.100098
-0.151905
0.0502166
-0.357833
0.313995
0.0685455
0.00289225
-0.56155
0.0612605
-0.243523
-0.037903
NA
-0.174916
0.0441173
-0.0415267
-0.0926079
-0.36067
-0.0691814
-0.138077
-0.339486
NA
-0.579203
0.0974593
-0.586287
-0.138327
-0.242771
0.0778886
0.0420392
0.0809959
-0.459174
-0.47302
-0.386414
-0.228286
-0.370732
-0.418667
NA
-0.00428902
-0.334991
0.0347171
-0.0165556
-0.0178673
0.0764298
0.044867
-0.0720798
-0.0910013
NA
-0.242602
-0.432474
0.042583
0.060752
-0.706355
0.0448056
0.00891367
-0.00752741
-0.336558
-0.611868
NA
-0.406884
0.0104339
0.0879336
-0.0599377
-0.159123
NA
-0.0594015
-0.191558
NA
0.0800872
0.0705529
-0.194221
-0.155206
-0.537868
0.0810377
-0.251484
0.0776996
-0.952906
-0.243152
0.0571449
-0.180999
-0.0360046
-0.0529472
-0.0957068
NA
0.0670832
0.0671
-0.468926
-0.426896
0.0922996
NA
NA
-0.283403
-0.522105
-0.334237
0.0735059
0.071709
-0.626335
NA
NA
-0.347157
-0.0497889
-0.385178
0.0763309
-0.0935231
-0.128907
NA
0.0505006
-0.234913
-0.0898714
NA
-0.204034
-0.325395
-0.631129
-0.039074
-0.125628
0.00182723
-0.154491
-0.604392
0.0477913
-0.0432634
0.0242019
NA
0.0652782
-0.32215
-0.0859226
NA
0.0689545
0.0701737
NA
NA
-0.20809
0.078754
-0.173885
-0.471101
-0.330626
-0.0810061
-0.162903
NA
-0.523544
0.195479
-0.452647
NA
-0.0916765
NA
0.0643671
-0.0750508
-0.217218
-0.713296
NA
-0.593188
NA
-0.225742
-0.205485
-0.602195
-0.56846
-0.0155994
-0.535903
0.0757091
0.0458519
0.0864324
-0.27763
0.0683351
-0.321722
-0.0457519
-0.310948
0.026584
-0.0323378
-0.230993
-0.2875
-0.341594
NA
-0.116079
NA
-0.0743443
-0.188249
-0.0847474
-0.065134
-0.0963299
-0.210993
-0.128799
0.0520555
-0.211358
NA
-0.048579
-0.341905
NA
0.106667
-0.334257
-0.740325
-0.593328
-0.286421
0.0927859
-0.136875
-0.338414
0.102271
NA
-0.217389
-0.375349
-0.0892845
-0.307853
0.0748905
-0.373862
-0.421897
-0.00893028
0.218671
0.10383
-0.0357153
-0.394038
-0.707053
-0.0576861
0.0757123
-0.00989124
-0.412343
-0.327104
0.0367585
0.0239983
-0.445913
-0.119974
-0.345168
0.0513021
-0.0881676
-0.626261
NA
-0.230531
0.0540812
-0.444743
0.0880369
-0.521058
0.0696971
-0.481988
-0.253754
-0.13471
-0.165173
0.0173158
NA
-0.364813
-0.17594
-0.00265514
0.0357423
-0.846489
0.0738458
-0.5435
-0.0647362
NA
0.102728
-0.619181
-0.0205478
-0.183555
NA
0.0618515
NA
0.0392375
-0.213944
0.0495675
0.0694706
0.348654
-0.520229
-0.344384
-0.496493
-0.112295
0.108755
0.0549279
0.0414712
-0.170236
0.0422363
-0.0561756
0.038685
0.118564
NA
-0.199537
-0.296804
-0.291061
-0.441781
0.0467035
-0.0267666
-0.184083
-0.0605485
NA
-0.184862
-0.0896858
-0.31283
-0.264354
0.0683528
-0.405118
-0.358489
0.0719959
-0.0898716
-0.318075
-0.0575179
0.0717045
-0.143948
NA
-0.284163
0.0435921
-0.22542
-0.139536
0.111564
-0.354496
0.0449917
-0.216489
0.167939
-0.175956
-0.506401
-0.0976055
-0.484009
-0.049437
-0.451778
0.0822717
0.0466771
-0.0276322
0.0695972
-0.386995
0.0674485
0.182488
-0.132385
-0.36247
NA
-0.258818
-0.117652
-0.362848
0.102504
0.0517555
-0.0842155
-0.0998665
-0.293454
NA
-0.356111
0.00252149
-0.654638
0.103163
-0.399966
-0.00296857
-0.513438
0.0222197
0.0803112
-0.0463968
NA
-0.375374
0.0580756
0.0228813
-0.113507
0.0830128
-0.297173
-0.370804
-0.0968981
-0.149779
-0.0669021
-0.014712
NA
-0.0614755
0.0380633
-0.292292
0.0752045
-0.543753
-0.0740105
-0.264059
0.0186271
-0.0483236
-0.408636
-0.108943
0.0543521
0.0282003
-0.052647
0.00627103
-0.241579
-0.974617
-1.17202
-0.164874
-0.535335
NA
-0.354613
-0.567619
-0.436725
0.12841
-0.509144
-0.593596
0.0373359
-0.059463
0.0650241
-0.445557
0.0474472
-0.457183
0.0467748
0.0448738
0.0658084
0.0716736
-0.00165948
-0.419523
-0.0437867
-0.186799
-0.115771
-0.361049
-0.068223
0.227515
0.0126057
-0.202634
-0.0569769
-0.0187747
-0.260787
-0.514619
NA
-0.167329
0.0106031
-0.0127711
-0.148972
-0.272235
0.066593
0.0716635
-0.171891
-0.601508
0.051617
-0.230933
-0.0785714
0.0757772
0.109443
-3.25
-0.322472
0.0383553
-0.383548
-0.028094
-0.133048
-0.736198
0.0470788
-0.417094
-0.346982
-0.728
-0.43574
0.0676059
NA
-0.756439
-0.254738
-0.506647
-0.447216
-0.223689
-0.0319761
-0.312042
0.0952088
-0.563452
-0.199657
-0.551652
NA
-0.0874213
-0.386968
-0.10459
-0.206773
-0.242687
0.0246845
NA
-0.247054
-0.334726
0.0886516
-0.482968
-0.320034
0.149981
-0.656027
0.0767972
-0.595776
0.0780416
0.0761435
-0.34012
-0.366703
-0.343673
0.0745635
0.0572129
NA
0.0107344
0.00817408
-0.573391
-0.39794
0.0309037
0.0460721
0.0651204
-0.314246
-0.0616659
0.0820098
0.0029204
-0.498587
-0.637425
-0.0121389
0.0449758
0.0532654
NA
NA
-0.333921
0.0342607
-0.389223
0.0652258
-0.589351
0.044381
-0.122539
-0.431852
-0.153881
-0.321195
-0.227444
-0.0383927
0.170393
0.0482779
-0.0676192
-0.421554
0.07
-0.395611
-0.728253
-0.363546
-0.458554
-0.201581
-0.157728
-0.240437
-0.427564
-0.0727601
-0.307997
-0.562172
-0.216427
0.0071641
0.0440591
-0.407826
-0.0429692
0.0751057
NA
-0.106317
-0.133807
NA
-0.142807
-0.422968
-0.184937
-0.286691
-0.0806317
-0.39682
0.0287171
-0.0818738
-0.104982
0.0433319
NA
-0.0671744
-0.32739
-0.223842
-0.489778
-0.606041
0.0140752
NA
-0.216826
-0.44783
-0.052786
0.101398
0.412087
-0.0749275
-0.304663
0.0719129
-0.418549
-0.470783
0.0531439
-0.547752
-0.084875
-0.588769
-0.00274352
0.0699381
0.0328129
-0.114563
0.0649273
-0.0111834
0.0795991
0.0461056
-0.382712
-0.180322
-0.246408
NA
0.164912
0.0777265
0.0483857
-0.694885
-0.00607609
0.0908675
-0.284687
0.0103156
-0.0930471
-0.654034
0.0674848
0.0527814
-0.225625
0.250494
-0.334726
-0.223893
0.325506
NA
0.0468424
NA
NA
0.0720003
0.111001
-0.337087
-0.529993
-0.0073534
-0.314653
0.0751019
-0.200903
0.0437039
-0.710792
-0.399478
-0.688336
-0.027262
-0.46762
0.0435606
0.0457967
0.0686543
0.0657483
-0.251218
-0.242173
-0.148118
-0.454646
-0.127942
0.0253034
0.0784663
-0.511863
0.037152
-0.751933
-0.100296
-0.357296
-0.473718
-0.479034
-0.382037
0.0872343
-0.308113
-0.378608
-0.317352
-0.384212
NA
-0.137545
-0.0760849
-0.155081
0.0967032
0.0535048
0.185662
-0.296194
-0.481718
-0.0198596
0.00600407
-0.743125
-0.216986
NA
-0.0895452
NA
0.0592989
0.0419451
0.0131021
-0.151538
-0.590802
0.104505
-0.483609
-0.130652
-0.278719
0.0571198
-0.205473
-0.128661
-0.239453
0.0228023
-0.527355
0.0616655
0.0773012
0.0686423
-0.264915
0.0909645
-0.143809
NA
-0.610943
-0.530322
NA
-0.312448
0.0069574
0.102932
0.0942771
-0.37751
-0.708883
0.0726627
-0.752175
-0.0457223
-0.238027
-0.0805827
-0.204447
-0.224181
-0.343867
-0.902234
-0.16127
0.0730407
0.0404028
-0.542414
NA
-0.6774
-0.254253
-0.403095
-0.226511
-0.172272
-0.748562
-0.543213
NA
NA
-0.660235
0.732047
-0.199115
-0.521318
0.0784157
-0.408525
-0.476558
NA
NA
-0.3608
-0.224399
-0.258484
0.0656729
-0.0696499
-0.661068
-0.167892
-0.193551
-0.400382
-0.130472
-0.233
0.070735
-0.0153079
0.0602276
0.0305293
-0.380479
NA
0.0221327
-0.0328897
0.0605924
-0.155028
0.0219362
-0.379931
NA
-0.456482
0.0597055
0.0675952
-0.0813468
-0.106545
-0.155778
0.0658
-0.657261
0.0721186
0.0236811
-0.340259
-0.158519
0.0342486
0.076271
-0.614561
NA
-0.664791
0.0543458
-0.606275
-0.117953
-0.553802
0.0450544
-0.564843
0.0723387
-0.607558
-0.0914737
-0.479054
0.744628
0.0167387
0.088489
-0.65241
0.0766159
0.0745336
-0.645093
-0.333375
0.0982549
0.0145525
0.0470584
-0.266189
-0.70181
0.0786002
NA
NA
0.0762653
NA
0.0662907
0.0617183
-0.00102871
NA
-0.438071
NA
-0.167433
-0.111779
0.077396
0.0619218
NA
-0.335786
-0.0723058
0.0153805
-0.254459
-0.285382
-0.26364
-0.142682
0.119415
0.0704821
-0.454224
-0.337382
NA
-0.288809
-0.0644327
NA
0.0552799
0.0508459
0.00824496
NA
-0.0242773
0.163005
NA
-0.677855
0.0658989
0.130849
-0.19866
-0.233908
-0.0519473
0.0430114
-0.159827
0.0597309
-0.174666
-0.359593
-0.111358
-0.0797497
NA
-0.33015
-0.518297
-1.84488
NA
-0.283432
-0.4305
0.0107249
0.0626261
-0.247637
-0.0342322
0.0584217
-0.223857
0.0340221
NA
-0.536047
-0.310446
-0.401132
-0.480291
0.0601076
0.046977
-0.0453405
-0.530039
-0.265841
NA
-0.567185
0.0432078
-0.448649
-0.650026
-0.388991
-0.0423701
-0.823474
0.0360188
-0.389144
-0.017351
-0.527428
-0.170484
NA
0.0588529
NA
NA
-0.492762
-0.213896
NA
0.0318967
-0.424253
-0.574702
0.0620974
NA
-0.14962
NA
-0.556586
0.0758421
0.088573
0.096809
-0.159603
-0.550269
-0.108534
0.0760367
0.0679047
-0.505599
-0.076983
-0.629827
0.055956
-0.00099049
-0.0706525
NA
0.0874843
0.0709202
0.0629953
0.12015
-0.443025
-0.760048
-0.434524
0.0713728
0.0146392
-0.375019
0.0784204
0.132039
-0.366824
-0.137543
-0.575553
-0.46575
0.0132874
0.0225095
-0.542007
-0.1367
0.0111014
-0.31476
-0.290062
-0.160458
0.103067
0.00734085
-0.268306
-0.385132
0.109404
0.0119908
-0.567295
-0.416686
0.0461481
0.0552631
-0.0483321
NA
-0.223865
0.0182194
-0.307242
-0.113721
-0.0796161
-0.545362
-0.421278
-0.340683
-0.319993
-0.279051
-0.454133
0.0172486
3.02541
-0.247977
0.0675651
NA
-0.243422
0.0702287
-0.0847306
-0.81733
NA
-0.0321748
-0.750029
0.0981288
-0.362878
NA
0.0261461
-0.0810129
0.0655638
0.0856538
0.0548208
0.0575101
0.0273655
0.172685
-0.485623
NA
0.068843
-0.0166259
0.107946
-0.0012778
-0.0283659
-0.216938
-0.00122865
-0.125539
0.0929233
-0.589279
-0.274923
0.0851616
-0.00871034
0.0706113
0.0553028
-0.190762
NA
-0.641186
0.0433961
NA
-0.690148
NA
-0.460656
NA
-0.618753
-0.587916
-0.165799
-0.0890644
0.127991
0.0688738
-0.493721
0.0452648
NA
-0.214812
0.099442
-0.227719
-0.369
NA
0.0759454
0.13223
-0.502897
-0.267978
-0.198925
-0.0810278
-0.398833
-0.0295174
-0.192018
-0.326865
-0.199198
-0.106634
-0.476972
-0.245524
0.0789151
-0.0359067
-0.0204177
NA
-0.621785
0.071963
NA
-0.413001
NA
NA
0.0817171
-0.0803872
-0.355548
-0.958163
0.0656733
0.0596515
-0.0121179
-0.20935
-0.0728257
0.030173
-0.510129
-0.19677
NA
-0.47196
-0.305502
-0.487654
-0.714958
-0.535471
0.00465425
NA
-0.270418
-0.320123
0.0403484
-0.0384142
-0.447595
-0.722822
-0.249069
-0.36463
-0.138489
-0.80294
NA
0.0433757
NA
-0.219928
-0.0275465
-0.337368
-1.92
0.0716766
NA
-0.539362
-0.26695
0.0841384
0.0456106
-0.00844619
0.04662
-0.0853831
NA
-0.00698105
-0.156661
0.0460418
NA
-0.0760122
-0.292209
-0.160192
-0.71661
-0.215984
-0.677111
-0.315238
-0.188214
-0.324312
0.121012
0.0677756
-0.283307
-0.288423
0.0653936
-0.162958
-0.190778
NA
0.0957809
0.0545946
-0.513397
0.0644361
NA
0.0711538
-0.257167
NA
-0.469116
-0.06723
-0.278286
-0.354391
-0.0980302
NA
-0.257804
-0.333572
-0.674732
0.0266709
-1.1728
0.17023
0.0655689
0.0469086
-0.114947
-0.529553
NA
0.0819676
0.0215843
-0.615059
-0.160761
-0.141803
-0.523964
-3.5
NA
0.0160863
0.0338124
-0.00142194
-0.188921
0.0316368
NA
-0.184722
-0.863773
0.0967654
-0.582267
-0.554767
0.149418
-0.324248
-0.71143
-0.530708
-0.0209139
-0.330565
-0.258429
-0.0909653
NA
-0.236021
-0.681029
-0.366178
-0.301112
0.0747236
-0.14702
-0.0603612
0.0938737
-0.277064
0.109866
-0.0208559
-0.363005
-0.6739
-0.361621
-0.592308
-0.414692
-0.148117
-0.0719549
-0.727481
-0.826647
0.0601597
0.0311405
-0.119317
-0.388647
0.0107051
-0.257903
-0.0735722
0.0677715
-0.111727
NA
-0.599254
0.0492751
-0.549212
0.0784727
-0.152152
-0.565996
0.0966516
-0.34174
0.0708739
0.00127786
-0.0929474
-0.430307
-0.212532
-0.0203897
NA
-0.279336
0.0611679
-0.536312
-0.0312584
0.0595348
0.0440786
0.0374565
-0.282597
0.0779908
-0.577466
0.103203
0.0407724
0.000578716
-0.472763
-0.247425
0.0732508
-0.437161
0.0162489
0.00294511
-0.373458
-0.476807
-0.353711
-0.383495
0.0741069
0.0754244
0.253845
0.00995283
0.0929202
-0.00593669
-0.192258
-0.327726
NA
-0.473298
0.0182885
-0.0130545
-0.12566
-0.422464
0.0884504
-0.0968309
-0.0562986
-0.127227
-0.664305
-0.0616376
NA
-0.521159
-0.339784
0.0543848
-0.335846
0.104439
NA
NA
-0.466819
-0.447007
-0.206198
-0.380637
0.086135
-0.116961
-0.684103
0.0251594
-0.531746
0.0317908
0.0418211
NA
-0.203107
0.0701531
-0.647839
NA
0.0490124
0.0429278
-0.117615
0.0446602
-0.187005
-0.361981
-0.576711
NA
0.064105
0.0703397
0.0836344
-0.101739
0.148948
-0.141943
0.114164
-0.219826
-0.204222
-0.520497
-0.453188
-0.180655
0.0520656
-0.0808834
-0.0527879
-0.299095
-0.010966
-0.177862
-0.0870367
-0.435916
0.0435562
0.0707896
0.124178
-0.0114802
-0.039876
-0.438779
-0.128865
-0.405947
-0.343087
-0.534706
-0.153671
0.00110483
NA
-0.649222
-0.18698
NA
NA
0.0204825
-0.64745
0.0157224
-0.206911
-0.0632359
-0.215426
-0.303026
-0.430919
-0.180401
-0.162742
-0.15821
-0.0618053
0.0625523
0.0116706
-0.048786
-0.00265877
-0.111718
NA
-0.32406
NA
-0.0128933
0.0187021
-0.360899
0.0231283
0.00471052
0.0135142
NA
0.00175417
-0.101083
-0.320668
0.0738734
-0.290583
0.0758082
0.043411
NA
-0.29735
0.130565
-0.250874
-0.706973
NA
0.0468175
0.0230597
-0.345162
0.0450721
-0.36788
0.0537788
-0.310909
0.0839874
0.0789029
-0.570014
NA
-0.452117
0.0644627
0.241648
0.0179823
-0.0637275
-0.360805
-0.772714
0.0729781
-0.47907
-0.115111
-0.320457
0.063127
0.00478925
-0.43578
0.0694348
NA
-0.078477
-0.0494924
0.0686441
NA
-0.386304
-0.265599
-0.331074
-0.512003
-0.333366
-0.635663
-0.175732
-0.272083
-0.751606
-0.163535
NA
-0.0191033
0.0844441
0.0386833
-0.336069
-0.0128983
-0.180424
-0.648068
-0.396936
-0.161933
-0.684452
-0.317209
-0.272235
-0.0777838
-0.33742
NA
-0.0782573
-0.153818
-1.00751
-0.146616
0.0321136
NA
-0.221994
-0.163497
0.01364
-0.175151
NA
-0.0606987
-0.246792
NA
0.0810482
0.0682604
-0.363101
0.0870128
-0.00942367
-0.425858
-0.545793
-0.119186
-0.00411501
-0.36096
-0.230544
0.0668812
0.167675
NA
-0.318677
-0.25134
-0.276125
-0.262989
NA
0.114635
-0.549332
-0.534293
-0.581378
-0.636278
0.0897269
0.0691181
-0.186348
NA
0.00796215
-0.224535
-0.309682
-0.112156
0.0300009
-0.761472
0.00383097
0.067365
0.048433
0.11902
-0.144065
-0.367925
-0.275392
0.114657
-0.352462
-0.055962
NA
-0.600344
-0.139448
-0.333457
-0.148704
-0.322527
NA
0.0144101
-0.259337
-0.453291
-0.551882
-0.0412126
NA
-0.0280458
-0.382035
NA
-0.203549
0.0578226
-0.369922
NA
-0.0599503
-0.226373
0.0969094
-0.796372
-0.323489
0.0749303
0.0674732
NA
0.0468232
0.0740206
0.00104343
0.00423874
-0.657899
-0.0132105
-0.341475
-0.453917
NA
-0.557425
0.491791
-0.0443005
-0.0186589
-0.551851
-0.0933485
0.0603068
-0.581807
0.0392931
0.0852843
0.0911834
NA
-0.271508
0.0358748
-0.282117
-0.190966
0.0464471
-0.301044
-0.291807
-0.584022
-0.190341
0.0407499
0.0662582
0.048659
-0.465009
-0.301368
-0.679146
0.101994
-0.0997806
NA
0.0696619
0.069573
-0.246109
-0.372757
0.0732048
-0.297584
-0.29785
-0.240475
0.0490763
-0.346909
-0.372461
-0.544381
-0.104066
0.0614939
0.080614
0.0644991
-0.0958837
NA
-1.15722
0.202627
0.0399773
-0.13219
-0.426203
0.0582436
0.0455146
0.0561576
0.0778296
0.037365
-0.043631
-0.0631231
-0.0255375
0.00116131
0.0798288
-0.0899546
0.0215929
0.0446054
NA
-0.0391157
0.0583931
-0.258203
-0.196948
0.029205
-0.372308
-0.0539003
-0.441233
-0.0120969
-0.240701
0.0989212
-0.33415
0.0761884
-0.359965
-0.278119
-0.471776
-0.325023
0.00307286
-0.130252
0.0133569
-0.0121518
-0.181976
-0.220843
-0.165709
-0.818956
-0.163042
-0.363327
NA
0.0205853
-0.558063
0.0715658
-0.760385
-0.621553
-0.264257
0.0836262
-0.77484
-0.0180179
-0.531313
-0.441792
0.0764921
NA
0.0267388
0.0524268
0.0141901
-3.07
0.0377822
0.0587017
-0.0697514
-0.534549
-0.000930689
-0.0580479
0.0458485
0.0439136
-0.491818
NA
0.0593644
-0.135814
0.0747784
-0.341906
-0.0225448
-0.288007
NA
-0.366385
0.050278
-0.00567077
0.0249269
-0.184612
0.0113068
NA
-0.576313
NA
0.14879
-0.331171
-0.62651
-0.162017
-0.151252
0.0514675
0.0147031
-0.239235
0.395589
0.0692358
-0.183426
0.0464229
-0.630456
-0.553496
-0.0795939
-0.322424
-0.60135
0.104899
-0.159802
-0.131969
-0.302817
-0.296485
0.044543
0.0185754
0.0784909
0.0885659
0.0245183
0.0425795
-0.602891
-0.612053
-0.306223
-0.290466
0.0951402
-0.360629
NA
-0.226067
-0.233247
-0.0511595
-0.302452
0.0109305
-0.322245
-0.0696114
-0.279641
0.0562216
NA
-0.116394
0.0110523
-0.0965094
NA
-0.510293
-0.0126944
-0.00143553
-0.458491
0.705829
0.0530766
-0.17499
-0.297559
0.0686013
-0.0375134
-0.0252679
-0.413906
0.0748388
-0.856082
-0.13044
-0.373077
NA
-0.514278
-0.0047178
-0.309587
-0.251746
-0.249542
-0.435079
0.0455847
-0.00513382
-0.191697
-0.372444
NA
NA
NA
0.0798631
0.00607807
-0.592284
0.0106845
NA
-0.372813
-0.101922
-0.663631
0.0638892
0.106789
-0.00773608
NA
0.0448899
0.0324016
-0.169654
-0.159665
0.0412052
0.0784487
-0.831691
NA
0.0132729
0.103397
-0.00385154
-0.433442
-0.260591
-0.0287362
0.0982984
-0.509907
-0.326553
NA
-0.532636
-0.729457
0.0454248
0.0322658
-0.588872
-0.579126
0.0294454
0.0436257
-0.507738
0.110985
0.0845293
0.0927008
0.0954887
-0.179878
-0.611878
-0.107046
-1.06118
-0.23834
-0.305146
0.0913958
-0.983142
-0.198995
0.0737901
0.0736306
0.0741703
0.0692275
-0.481021
0.0725227
-0.533392
-0.148302
-0.0513294
-0.0285752
-0.387114
-0.217853
0.0128524
-0.248843
0.0328673
-0.0805171
0.0596859
-0.320647
-0.0754166
-0.548627
-0.399381
0.0713278
-0.558905
-0.514577
-0.681026
-0.231556
NA
-0.104379
0.0110623
-0.226442
-0.146829
0.0757589
-0.00540177
-0.108588
0.000809455
-0.418341
-0.29882
-0.18708
-0.132253
-0.17058
-0.32356
0.071004
-0.611577
NA
0.0937129
-0.290342
-0.220333
-4.88906
-0.246876
-0.117302
0.0192331
0.0278189
NA
-0.162658
-0.48688
0.00975483
0.0727043
NA
-0.777668
NA
-0.0349866
-0.590706
0.0881687
-0.0752976
0.110466
NA
-0.193873
NA
0.0726533
-0.0340903
-0.0420658
0.0664282
0.00974058
-0.253735
-0.235931
NA
-0.0688984
-0.25994
-0.466156
-0.134908
NA
-0.191086
0.0225265
0.111886
0.0750601
-0.226321
-0.311288
-0.0344301
-0.743437
NA
-0.247376
0.269214
0.0598788
-0.310766
NA
-0.0590107
-0.727578
-0.0666853
-0.965442
0.0383269
-0.387385
-0.253122
0.0296472
0.0401881
-0.0460098
0.0435192
NA
-0.182455
0.101495
-0.639739
-0.401669
-0.108498
-0.369389
-0.0439003
-0.331218
NA
NA
-0.444624
-0.322715
-0.126249
-0.467086
-1.66645
-0.609629
NA
NA
NA
-0.288237
0.083916
-0.313483
-0.569373
0.0754721
0.0778052
0.0758144
0.0387692
0.0451229
0.0670919
-0.105214
0.00374403
NA
NA
-0.64448
-0.257786
0.0390406
NA
0.0623815
NA
-0.32142
-0.0825246
-0.680171
-0.0149526
0.0679104
-0.239135
-0.51811
-0.0386297
0.0276115
-0.465116
0.0578282
-0.491106
-0.208497
-0.156662
-0.0230396
0.0744895
NA
NA
-0.34861
-0.334191
-0.0298813
-0.564942
-0.205541
0.0343666
-0.016036
-0.0245035
-0.511218
-0.0565911
-0.270669
-0.847474
-0.531489
-0.182436
-0.372178
-0.640091
-0.364684
-0.476052
0.0818625
-0.286778
NA
-0.447515
-0.0360032
-0.412112
0.0832626
-0.288073
0.064724
0.00911255
-0.111828
-0.789714
0.105226
-0.0378622
-0.120053
0.00691412
-0.269005
-0.643406
0.0730306
-0.541744
-0.08552
-0.179509
NA
0.0170985
0.0790148
-0.37976
-0.0907436
-0.340128
NA
0.0644488
-0.000567455
-0.18614
-0.56853
-0.150151
0.0417265
NA
0.0834073
NA
-0.171121
-0.780598
0.072212
0.0710356
0.0437111
0.0169247
NA
0.017513
-0.340392
-0.146505
-0.787197
NA
0.0495025
-0.492587
0.0873808
-0.363041
NA
NA
0.0191823
0.0762407
NA
NA
-0.382864
NA
-0.335087
-0.461514
8.93648e-05
0.0680285
-0.419215
-0.45834
-0.766584
NA
-0.347285
-0.478149
NA
0.0447551
-0.376522
NA
0.0594785
-0.332402
-0.142138
0.0249828
-0.0436097
-0.39164
-0.802551
-0.176418
0.0454102
-0.0482047
-0.254291
-0.481875
-0.602366
-0.174414
-0.285983
NA
-0.293865
0.00185645
-0.319232
-0.303677
-0.636267
-0.38436
0.0692853
0.0460065
-0.26175
0.0397219
-0.88263
-0.0570003
0.0915949
-0.387734
-0.803442
-0.100666
-0.408485
-0.155813
-0.134855
-0.668345
NA
-0.243611
-0.345024
-0.208399
NA
0.0790034
0.0533605
-0.205291
NA
-0.344567
-0.193675
NA
0.0452308
-0.201401
0.0798824
0.0783441
-0.273897
-0.549321
0.0457238
-0.442972
-0.682188
0.122455
NA
-0.0678569
-0.0805762
-0.112809
NA
-0.727708
0.0783505
0.0129554
-0.436683
NA
-0.106065
0.0570643
-0.326039
0.0736221
0.00263452
-0.111067
0.0183596
NA
0.0933295
0.103418
-0.173308
0.0743157
-0.482089
-0.00960223
-0.370957
-3.305
NA
0.130127
NA
-0.088601
-0.0026437
0.0757462
0.00681848
0.044097
-0.319265
-0.557185
0.0460514
-0.0822491
-0.482221
-0.177568
-0.369284
-0.0884286
0.0389901
0.652332
-0.253892
0.0304297
-0.277294
NA
0.0229506
-0.424467
NA
-0.169771
0.0820904
0.0563861
-0.209594
-0.44664
NA
-0.224567
-0.6892
0.0112253
-0.376924
-0.374223
-0.334708
0.0200804
-0.0405243
NA
-0.527772
-0.216333
-0.200279
0.0622966
0.0566083
-0.1777
0.0493911
-0.623055
0.144032
0.0330107
-0.398674
-0.179445
-0.476608
0.0756807
0.048495
-0.271222
NA
NA
0.0141178
-0.135973
-0.413431
-0.424913
NA
0.0482429
-0.117296
0.0198116
0.0601044
0.0398097
0.345934
0.12797
-0.369996
NA
-0.418057
-0.633855
NA
-0.0513404
-0.0356509
-0.384747
0.0268719
-0.433293
-0.010923
0.085374
-0.488738
-0.395446
-0.293216
-0.294947
NA
0.0536169
-0.353489
0.1442
0.0375386
-0.646988
-0.430616
0.0239443
-0.201319
0.0784373
0.0721491
0.0159003
0.0808973
0.0157927
NA
0.0940848
0.056034
-0.186461
0.024023
-0.392763
-0.347929
-0.146505
0.0703995
NA
-0.174479
-0.450178
0.10832
-0.206056
0.0783015
-0.557846
-0.142384
0.0787939
-0.255208
-0.290462
-0.265615
NA
0.00182682
-0.549425
0.0765914
-0.329947
-0.501303
-0.510571
0.0725388
0.0843585
0.0617798
-0.06457
-0.247241
-0.214127
0.00393744
-0.614576
-0.471448
-0.505466
0.0892084
-0.066877
-0.532761
0.0687759
-0.582908
0.0745886
-0.508144
-0.293408
-0.330073
-0.138862
-0.136331
-0.0927153
-0.205075
-0.368607
-0.995171
-0.139472
0.0624504
-0.213013
-0.111227
-0.20972
-0.685379
-0.0907666
-0.509577
NA
-0.691863
0.0463537
-0.593695
-0.584802
-0.704865
NA
-0.372607
0.0480141
-0.423022
NA
NA
0.0803215
NA
-0.524604
0.0698858
0.0626398
-0.16816
0.112093
0.0919248
-0.123622
-0.159489
NA
-0.196623
0.0901594
-0.585718
0.0406116
0.0138967
-0.108139
-0.43083
-0.339313
-0.502346
-0.706532
NA
NA
-0.497796
-0.393414
-0.154355
0.0556228
0.129028
-0.000940604
-0.188721
-0.0478376
0.0125802
0.0654094
-0.331658
-0.352299
-0.707869
0.0679684
-0.156585
0.0750006
0.0448063
-0.358483
0.0273405
-0.305335
0.0915394
0.0556933
NA
-0.0870068
-0.0799637
-0.454157
-0.0520838
-0.344897
-0.074836
-0.635648
0.0138023
-0.399095
-0.231502
-0.211598
-0.00542681
-0.483371
0.0821409
-0.069599
-0.614666
-0.283727
-0.488639
-0.297061
0.104522
NA
0.0686751
-0.205157
-0.253081
-0.303632
-0.49892
0.281156
NA
-0.405721
-0.496899
0.0921839
-0.156813
0.0354
-0.285905
0.0281973
-0.108479
-0.127575
-0.178584
-0.0610588
0.0746475
-0.299063
-0.405136
-0.384014
NA
-0.338235
-0.713532
-0.380886
-0.488867
0.0429224
-0.0861696
-0.65389
-0.292016
0.0174918
0.0709005
0.0459928
-0.392145
-0.434678
-0.360668
-0.17607
-0.423433
0.0427173
0.0422437
0.0921487
-0.74062
-0.182896
-0.154053
0.0767282
NA
-0.2532
0.013391
-0.815668
NA
-0.394211
-0.1128
-0.0935381
-0.324675
-0.380357
NA
-0.22037
-0.280268
-0.795976
0.138917
-0.0916539
0.208075
0.038328
0.0429021
-0.458119
-0.364119
-0.0100506
-0.498818
-0.419261
0.0570781
-0.0702277
-0.480045
0.0279546
0.0664919
-0.473948
-0.0928726
NA
-0.0860105
NA
0.027967
-0.0154448
NA
-0.46027
-0.431778
-0.0819073
-2.80205
-0.577749
-0.463909
-0.416945
0.0268762
-0.359652
-0.258801
-0.110237
NA
0.111648
0.0237638
-0.199262
-0.163123
NA
NA
0.0363922
0.121401
-0.146938
-0.336177
-0.61743
-0.75104
NA
-0.451538
-0.275197
0.0345055
NA
-0.320013
-0.244372
-0.0559731
-0.148517
0.0174741
-0.273897
-0.503341
0.0755478
-0.309166
-0.189777
0.0258654
NA
0.0379181
-0.252564
-0.342366
-0.453526
-0.276747
-0.184489
0.0316562
-0.00199306
-0.0861549
NA
0.0476487
-0.0925673
-0.409976
0.0205863
NA
-0.490276
-0.183295
0.0705402
NA
0.0352517
-0.130875
0.0909302
-0.347584
NA
0.0790804
NA
-0.221337
-0.648723
-0.3643
-0.319901
-0.194981
-0.761563
0.0367388
-0.0979732
-0.17232
-0.26272
-0.362972
-0.573208
NA
-0.0227279
-0.16245
-0.0516848
-0.067609
0.0734415
-0.10712
-0.304137
NA
0.0782135
-2.2628
0.0380642
-0.005731
0.0682847
0.0496719
NA
-0.592103
-0.161583
-0.0253815
0.0422892
-0.596628
-0.850727
-0.582149
0.0714363
-0.451007
-0.420631
0.0193345
0.0529908
0.0663434
-0.551759
-0.162192
0.0743393
0.0263728
0.0580006
0.0455662
0.0441768
-0.376375
0.0753532
NA
0.0545588
NA
-0.704853
NA
0.0706524
0.0674628
-0.0481569
-0.597961
-0.54727
-0.156334
0.0691939
-0.419719
0.118006
0.0490012
-0.222957
NA
-0.429743
-0.29213
0.096269
-0.627387
NA
-0.172475
-0.283219
0.00911626
-0.519358
NA
-0.133293
-0.661213
-0.328626
-0.32561
-0.037817
-0.0477879
-0.318699
-0.484011
-0.177491
NA
NA
-0.125342
0.0917016
-0.0501952
-0.0919197
-0.452719
-0.325723
NA
-0.26696
-0.272312
-0.225261
-0.152405
-0.374886
0.0906068
-0.203415
-0.242412
NA
0.042578
-0.212452
-0.734683
NA
-0.282696
-0.650758
-0.0254117
NA
-0.212196
0.0479988
-0.201796
-0.0166975
NA
0.0644313
0.0509928
-0.183388
0.052646
-0.181677
-0.57717
-0.618933
-0.145345
0.0622285
0.0417923
-0.00331782
-0.00291022
-0.0169017
-0.239355
-0.634546
-0.194717
-0.248691
NA
-0.46945
-0.0419032
-0.548041
-0.347094
-0.0376008
-0.418131
-0.479906
0.0756468
-0.42505
-0.0108289
NA
-0.118539
-0.35403
-0.147449
-0.47726
-0.338975
0.0727931
-0.21347
-0.00516026
-0.377816
NA
NA
-0.488105
-0.139922
0.079879
0.0422742
NA
-0.155204
-0.0473295
-0.365639
NA
0.0066946
-0.345925
NA
0.0781948
-0.366826
-0.371794
-0.524833
0.0848236
0.119268
0.0768555
0.269282
-0.725963
-0.100872
-0.0967892
-0.468728
-0.480404
-0.110032
-0.0133477
0.0214907
-0.516317
-0.291609
0.0705847
-0.368189
-0.608861
-0.561924
-0.162706
NA
-0.30336
-0.568021
-0.391914
0.0750747
0.122014
-0.450341
-0.177429
0.069059
-0.498546
0.0435162
-0.591471
-0.633562
-0.0750449
0.000814722
0.0794419
0.0811015
NA
0.0375761
0.0743818
-0.154522
0.0681618
0.06847
-0.127663
0.139164
0.410081
-0.520166
-0.224134
-0.460836
NA
-0.0191371
-0.2259
-0.084569
-0.448288
-0.0153865
-0.577304
-0.033834
-0.885454
-0.582448
0.0971
0.11305
-0.17087
-0.538043
-0.654934
-0.358297
0.0870692
-0.2616
-0.455671
-0.764352
-0.423815
-0.720825
0.0475705
-0.367982
-0.00373439
-0.750518
-0.381822
0.0535392
NA
-0.151546
-0.570926
-0.684232
-0.108912
-0.472893
0.0663762
-0.767771
NA
-0.21332
-0.323922
0.0356458
NA
0.0127648
0.0706965
NA
-0.314181
NA
NA
-0.0357021
-0.423096
-0.571451
-0.579245
-0.00608571
-0.38485
-0.0857268
NA
-0.389256
0.0158371
-0.122514
NA
-0.262181
-0.306716
-0.0914716
-0.494507
0.0734853
0.042906
-0.468438
-0.00602215
-0.278091
-0.4907
-0.404186
-3.61461
-0.724793
-0.545102
-0.0304699
-0.379691
0.0489892
0.0669085
-0.269436
-0.178066
-0.524897
0.0756337
-0.00280339
-0.00881282
-0.0483558
-0.595801
-0.70546
NA
0.00301677
NA
-0.725843
-0.00348582
0.0808678
-0.328272
0.0735409
-0.259874
0.045068
-0.58172
-0.0195271
-0.296029
-0.123437
-0.385206
-0.255294
-0.465656
-0.820062
0.121955
0.0438229
-0.585996
0.0555949
-0.405441
-0.0201309
-0.490988
NA
-0.527294
-0.220963
0.0767334
0.0448582
-0.290599
-1.10551
0.115888
-1.01394
-0.0277747
0.0762299
-0.523337
-0.591047
-0.286745
-0.220957
-0.758195
-0.146419
-0.0500533
-0.205382
-0.657898
0.0959327
0.0142334
NA
-0.282434
-0.296739
-0.0239415
0.0484565
0.13156
-0.243801
0.0188233
0.00991729
-0.431986
0.0815677
0.0688698
0.0739969
-0.148206
-0.574452
-0.0938282
0.0748081
-0.147055
-0.393713
-0.501568
NA
0.0949
0.0571486
-0.538769
-0.325791
0.0666983
0.00497556
0.0254321
-0.453074
-0.274198
-0.424614
-0.355225
-0.455712
0.0441002
-0.630214
-0.167766
-0.0158773
-0.40412
NA
0.0670256
0.021532
NA
-0.659086
-0.032368
0.114569
-0.224664
NA
-0.547111
-0.316709
0.0562214
-0.355472
0.0774085
0.0569084
0.0142249
-0.0678095
-0.555494
0.0142193
0.0803537
-0.0729449
0.0703034
0.280311
-0.114054
-0.334932
-0.258594
-0.767615
-0.496164
0.0824378
-0.100363
0.0306427
0.0229618
0.0250134
-0.587389
-0.236752
NA
-0.388455
0.602067
-0.101803
-0.360735
0.0652071
NA
0.0289781
-0.195237
-0.23694
-0.283721
-0.109445
-0.67037
-0.482263
0.070985
0.0683596
-0.639951
NA
0.0545075
-0.229267
NA
-0.524637
NA
0.0874041
-0.276193
-0.319481
0.0594792
0.0746366
0.0710768
-0.541812
-0.0133685
-0.0662341
-0.668613
-0.0366126
NA
NA
-0.220758
NA
NA
0.0710256
-0.652158
-0.17111
0.0151954
-0.435909
-0.0960716
-0.488586
-0.580972
-0.106909
-0.13696
0.0751331
NA
-0.159706
-0.0774137
-0.605301
-0.303329
0.0788388
-0.432622
0.190574
-0.229966
-0.217412
-0.71084
0.00629514
-0.376763
0.0594928
-0.382913
0.0393699
-0.199993
0.068756
0.0696821
-0.583345
0.0187453
0.0860266
0.068122
-0.46747
-0.318259
0.106716
-0.477484
0.11353
NA
-0.502239
-0.0677613
0.0725914
0.0810294
-0.480774
0.0761434
0.116578
0.0383791
0.04371
-0.334699
0.12925
-0.250156
-0.421095
-0.224569
-0.06682
NA
-0.126309
-0.335872
-0.848775
0.0575174
-0.0316138
NA
-0.348502
-0.0919562
-0.376301
-0.564086
-0.159976
-0.146075
-0.35821
-0.552044
-0.431443
-0.153413
-0.117295
-0.254438
-0.513049
NA
-0.0542175
-0.394859
-0.765499
-0.253039
-0.0700897
0.0440225
-0.149016
-0.399715
-0.262488
-0.400421
0.0196691
-0.465983
0.0578045
-1.46038
0.0744647
0.0792499
0.00465984
-0.346276
-0.468323
0.0432554
-0.767681
-0.459354
-0.516613
-0.37298
0.0732517
-0.392258
NA
-1.3105
0.0814057
0.0447536
NA
-0.213805
0.0449251
0.0100071
0.0454131
-0.459679
-0.487333
0.0798398
-0.498642
-0.214043
NA
-0.0418164
-0.359607
0.0863953
0.143585
0.0811789
-0.546984
0.0637491
0.0588717
NA
-0.236408
-0.00138421
-0.515012
-0.141063
-0.424731
0.0071949
-0.151307
-0.496377
0.0408829
-0.272515
-0.753642
0.0452724
-0.0266842
NA
NA
NA
0.0731781
0.0372146
-0.607484
-0.467444
NA
-0.387573
0.00812732
NA
NA
0.0668779
0.0757699
-0.528946
-3.46
0.0328004
0.0505725
-0.549437
NA
-0.46085
-0.504781
-0.638258
-0.690567
-0.205243
-0.190846
NA
-0.0803514
0.0430423
-0.203753
-0.466569
-0.340491
-0.537974
0.0306188
-0.613748
-0.025526
0.0703492
-0.0291078
0.0699678
-0.32314
-0.452132
0.00224579
NA
-0.0205306
-0.139151
0.0424588
0.0099458
-0.189993
-0.765428
-0.336922
-0.0423014
0.0884472
-0.145986
NA
0.0886088
NA
-0.240468
-0.112622
-0.736817
-0.0389202
-0.175688
-0.237109
-0.163543
0.0704309
-0.307258
NA
0.0883841
-0.685333
0.0787484
-0.269354
-0.0390323
0.0584267
NA
-0.418626
0.0379366
-0.2743
-0.220741
0.0879315
-0.544708
NA
0.0735671
0.0126744
0.0451041
-0.668437
-0.359274
-0.466971
0.0821467
-0.125223
-0.0712785
-0.240475
0.108622
0.0462762
NA
-0.272281
NA
-0.570494
-0.327092
-0.676856
-0.584799
-0.0729847
0.0457123
-0.318784
0.0379834
-0.121482
-0.640091
-0.165083
-0.361442
NA
-0.412898
NA
-0.496236
-0.520006
-0.354156
-0.476735
0.0131664
-0.424457
-0.317946
NA
-0.0726008
-0.0931421
0.0753492
NA
-0.433921
-0.422089
-0.270769
-0.238259
-0.157782
-0.66996
0.01085
NA
-0.0595533
0.0318729
-0.624083
-0.331531
-0.250876
-0.370606
-0.00690016
0.061137
0.0407657
0.0248027
0.0596438
0.0661939
-0.236697
0.0373378
0.0887241
0.0832006
NA
0.0695967
0.0553212
0.0650801
0.00345826
-0.268211
-0.0377965
-0.0277501
NA
-0.690362
-0.82436
0.0856952
-0.835773
-0.255676
-0.375734
0.0982234
-0.349818
0.0584881
0.043125
-0.0591972
0.0795272
-0.052577
-0.175661
0.045568
-1.29442
-0.620977
-0.340968
-0.11341
-0.048581
-0.0395316
-0.654028
0.0778369
-0.15939
NA
NA
-0.363228
0.0504184
-0.269657
-0.114535
0.082806
-0.752935
-0.526918
NA
-0.522265
-0.0418711
-0.318052
-0.759237
0.10363
0.0632001
0.0142716
-0.0498172
-0.187479
-0.361332
NA
0.0754684
0.015835
-0.0818152
-3.51
0.0746662
-0.0620855
-0.681728
-0.357237
-0.32137
-0.273477
NA
0.0727833
-0.311629
-0.0101187
-0.274787
0.0926538
NA
-0.327179
0.0740079
-0.170447
-0.627308
-0.0192778
-0.00378631
NA
0.0484609
0.0224783
-0.283351
-0.445845
NA
0.0639681
NA
0.0721731
NA
-0.528056
-0.0982042
NA
0.0836433
0.0691312
NA
NA
-0.190595
-0.201365
0.0530503
0.086134
-0.672093
0.0426898
NA
0.137887
0.0326636
-0.00246145
-0.122937
-0.351665
0.057375
NA
NA
0.0810901
0.0750803
-0.649823
0.0504644
-0.166724
-0.871549
-0.227934
NA
-0.0740501
0.0222448
-0.70967
NA
-0.585166
-0.480768
-0.0680326
0.0195676
-0.314719
NA
-0.414017
-0.373033
-0.012113
0.0916207
0.0907211
-0.419301
-0.451982
NA
-0.157601
-0.60137
-0.179427
NA
0.104283
0.100484
-0.414544
-0.133055
-1.30205
0.0421528
-0.574994
NA
-0.159201
NA
-0.495892
-0.0295557
0.0673192
-0.366144
0.0543204
0.0539536
-0.551814
0.0709166
0.0733857
-0.369289
-0.355899
-0.10288
0.072111
-0.421419
-0.0547678
0.0711615
-0.25385
-0.308702
NA
-0.516676
0.116747
-0.24119
-0.699533
-0.240357
0.0909316
0.0749136
0.0463012
-0.163017
-0.512614
0.0908006
0.0812851
0.171403
-0.345397
NA
0.0336735
NA
-0.328998
-0.255621
-0.417881
-0.262766
-0.347336
-0.29934
-0.37983
-0.0243632
0.100319
-0.598623
0.13887
-0.0463293
-0.283478
0.0527768
0.0336335
-0.0273717
0.0175909
0.10596
NA
-0.599533
-0.60254
-0.0564478
0.0150545
-0.129203
-0.338335
-0.22882
-0.0955068
-0.567021
-0.305047
0.109074
-0.0324557
-0.0896586
-0.0761066
NA
NA
-0.695642
-0.0784386
-0.151874
-0.0404711
NA
0.0649519
0.0091788
-0.555431
0.0794887
-0.301722
NA
0.0986155
0.0469346
-0.475724
0.0441489
0.0116572
-0.0734068
0.0697386
-0.560806
-0.314486
NA
0.0455643
-0.00563814
-0.147554
-0.673991
-0.409055
0.0147574
-0.0799242
-0.373337
-0.0217271
-0.648012
-0.00489079
NA
0.0588426
0.00640636
-0.168165
-0.0970632
NA
0.0141307
-0.0321816
0.0258147
-0.14856
-0.149795
-0.512662
NA
-1.1623
0.0611114
-0.548185
0.0105385
-0.395759
-0.487035
0.0205351
-0.00575153
-0.570751
-0.117014
-0.328922
-0.32162
-0.477374
-0.112386
0.0212957
-0.0191015
-0.194692
0.171868
-0.343514
-0.109918
-0.192807
-0.00889727
-0.00123536
-0.0243387
0.0732474
-0.109394
-0.0917498
0.0725066
-0.0688777
0.0122779
-0.0106278
-0.132047
-0.159878
-0.596784
-0.0520021
0.0695224
NA
-0.572873
-0.134343
-0.297204
0.0718239
-0.295888
-0.242615
0.0427148
-0.236932
-0.419542
-0.452805
-0.0194391
-0.356111
0.10148
0.0283245
-0.306435
-0.396469
-0.150456
-0.509382
-0.063486
0.0183682
-0.18815
NA
-0.145839
-0.225321
0.0457017
-0.0954046
0.0479529
-0.168299
0.0488828
NA
0.0167542
NA
-0.231601
-0.259965
NA
-0.4268
0.043425
-0.29406
0.0662008
-0.517816
-0.645778
-0.489697
NA
-0.479659
-0.394498
0.0861899
-0.569895
0.0724404
0.230521
-0.254978
-0.450373
-0.588166
0.0048074
-0.31084
-0.951148
0.00260535
0.0585375
-0.0352722
-0.560619
-0.0267443
0.0754208
-0.596698
NA
0.112815
-0.223044
-0.0792933
-0.34072
-0.351992
0.0757116
0.0637864
0.0774054
0.0605591
-0.212968
-0.470587
-0.0910039
0.0020978
NA
0.0765996
-0.112414
-0.237274
-0.531409
0.0778809
-0.0497606
0.0277714
0.0620172
-0.00202648
-0.293055
0.0620895
-0.6051
-0.427974
0.0425683
-0.429564
-0.821144
-0.495472
-0.512255
-0.17972
-0.277087
0.0690414
0.013722
-0.956873
-0.25074
-0.523816
0.0110939
-0.00722031
-0.297021
-0.715972
0.0704107
0.0611605
0.0528276
NA
0.0660142
0.180906
0.0181571
-0.540789
0.0604056
NA
-0.114591
-0.151978
-0.413125
-0.0129954
-0.560093
-0.327577
0.00455193
-0.67799
-0.298289
-0.41876
-0.0863128
-0.29834
-0.426904
-0.527187
-0.787216
-0.592944
-0.45526
-0.676946
-0.433168
-0.599329
-0.532602
0.0133838
NA
-0.124079
-0.230414
-0.0323582
0.0821923
-0.190059
-0.223982
-0.266596
0.00461191
0.0133704
0.0737109
0.0403211
-0.192991
0.138053
NA
-0.555249
NA
NA
-0.445315
-0.526695
-0.438799
-0.226971
0.0897901
0.0777023
-0.419158
0.126194
NA
-0.211409
-0.0282588
-0.238546
-0.520261
-0.201656
0.0913285
0.135284
-0.685016
-0.244385
-0.400624
-0.106976
0.0143224
0.0892593
-0.577082
-0.855839
0.129008
0.284561
0.0525841
0.0722294
-0.40135
-0.302682
0.0740872
0.0393806
-0.246339
-0.12577
-0.191059
-0.00820376
0.051191
-0.276503
-0.0501073
-0.330133
-0.302487
-0.685951
-0.241779
-0.344433
-0.396315
-0.35575
-0.278942
-0.936582
-0.241261
0.0079058
0.0817325
0.145312
0.073196
NA
-0.288943
-0.0609076
0.104322
-0.250106
0.109569
-0.54141
-0.51331
-0.444805
-0.881152
0.0773902
0.0676182
0.060361
0.0676313
-0.522944
NA
0.0623541
-0.0889251
NA
-0.0355857
0.0421785
-0.547062
-0.0289691
-0.122511
-0.164664
0.0454361
0.0866194
-0.27695
0.0398299
NA
0.0397833
NA
-0.00618975
NA
-0.527965
-0.152287
-0.60453
-0.108379
0.0467719
-0.233797
-0.0189853
0.0924625
0.00163
0.0298828
0.0336635
-0.604573
-0.38815
-0.756467
NA
0.0735222
-0.129967
-0.365867
0.0453342
0.0706745
-0.529561
0.0234596
-0.484807
-0.262615
-0.66388
-0.427405
0.00256002
0.0204949
-0.136444
-0.47268
-0.240341
NA
-0.000487527
-0.496329
-0.439728
-0.257917
-0.304805
-0.220053
0.0200397
-0.545727
0.153554
-0.518369
-0.245881
0.0377495
NA
NA
0.0771867
-0.757193
-0.500229
0.0859449
-0.0501745
-0.454073
0.169479
-0.511361
0.0784318
-0.385428
-0.0963313
0.0027562
-0.137787
0.0672609
-0.261189
0.0952101
-0.275024
-0.530177
-1.0283
-0.337988
0.0705573
-0.283601
0.0667368
-0.332559
0.0784136
NA
0.034697
0.033704
NA
-0.0440755
0.0853561
0.0392563
-0.232403
-0.764786
-0.286157
0.0682853
-0.0913442
-0.714604
-0.478348
NA
-0.373453
-0.250082
0.0981171
-0.235646
0.0416258
0.089681
-0.487395
-0.534141
-0.190924
0.00130566
0.049965
0.0447921
0.0812033
-0.267523
-0.363945
-0.218765
0.0461647
NA
-0.23421
-0.70265
-0.52983
-0.549466
-0.486257
-0.392299
-0.327598
-0.0678527
0.0871077
-0.15672
0.0479574
NA
-0.307896
-0.124303
0.10969
-0.0136258
-0.0879589
-0.380281
-0.191769
0.0465416
0.0931607
-0.977
NA
-0.16368
NA
-0.41085
0.0415108
-0.633857
0.0621501
-0.19305
-0.446594
0.120543
-0.0363368
0.0793094
NA
-0.2165
-0.156216
-0.449791
0.00919909
-0.639304
0.0840264
-0.697017
0.0817825
0.0601094
-0.205617
0.0413308
0.00578414
-0.642957
0.0636408
0.0470511
-0.0649246
0.0436084
0.0465994
0.0786942
0.0851245
-0.123031
0.0904424
-0.0796369
-0.592249
-0.250182
0.075076
0.0876848
0.0825963
-0.203061
-0.198658
-0.485529
-0.424917
-0.0109411
-0.904445
0.0441604
-0.759723
NA
-0.332291
-0.110856
0.0638576
-0.205733
-0.359969
-0.440801
NA
-0.00888515
-0.707734
0.0419762
-0.639779
0.0446596
-0.593955
-0.386917
0.0399765
-0.398085
-0.037905
-0.168836
-0.61616
-0.21144
0.0421188
-0.134844
0.0298306
-0.294394
NA
-0.617652
NA
0.00566846
-0.0780769
-0.356567
NA
0.0326149
-0.327942
-0.381744
-0.202128
-0.612476
-0.101605
-1.00127
-0.572638
-0.214329
-0.144128
0.0183914
-0.174639
-0.00373651
-0.227844
-0.037639
0.179082
0.068121
-0.419472
-0.931645
-0.0681054
-0.298966
-0.235102
0.0455415
-0.30331
-0.83132
-0.403555
0.0580934
-0.0843521
-0.385438
-0.0434693
-0.61437
-0.283397
-0.343673
NA
0.0220253
-0.0596501
-0.565133
0.0460806
NA
-0.685692
0.118869
-0.369592
-0.174789
0.0690548
-0.257202
NA
-0.155329
-0.344179
-0.580796
-0.339183
-0.578098
-0.189865
0.0647114
-0.629642
-0.251375
-0.0284524
-0.398043
-0.394028
-0.0477066
0.0521347
-0.364422
NA
-0.336413
0.0619162
0.0139969
-0.327513
-0.0727286
NA
0.042207
-0.0815682
-0.0668986
-0.41976
-0.840023
0.0782205
-0.673064
0.01285
-0.463456
-0.21111
-0.12874
-0.210402
-0.122053
0.0359261
-0.164119
-0.183857
0.0965363
-0.12383
0.0651579
-0.181281
NA
-1.15726
0.0608051
-0.464343
-0.303736
0.0338792
-0.465844
-0.730269
0.0684387
-0.429815
-0.023189
-0.420869
-0.155074
0.0444913
-0.84229
0.0795137
0.0209699
0.0716288
-0.450003
-0.38571
0.0430046
-0.010738
-0.208098
0.0431919
-0.27696
-0.316088
-0.358616
-0.618161
-0.314084
-0.290369
-0.0504438
NA
-0.224376
0.0608086
0.0359845
-0.280194
0.0772773
-0.00679254
0.0792025
0.0286761
-0.298615
-0.279199
-0.158243
0.114363
-0.427079
0.103864
-0.497211
-0.357813
-0.515326
0.079456
-0.114337
-0.0370556
-0.560847
-0.358831
-0.070276
0.0725921
0.0722518
0.176249
0.0807974
-0.458589
0.110199
-0.364378
0.00510642
-0.257773
-0.817896
-0.60795
NA
NA
-0.0753989
-0.22631
-0.921827
0.0721889
-0.826865
0.0464188
0.0013002
-0.0330406
NA
0.0902003
0.0633687
-0.593412
-0.00268716
-0.0529059
NA
0.0750305
-1.12329
-0.375981
-0.0768868
-0.113301
-0.568576
0.0684699
NA
-0.00766218
-0.217589
-0.343324
-0.354887
0.0680932
0.00522665
-0.151388
-0.73112
0.0402598
-0.239049
0.0985882
-0.001966
-0.413112
-0.109956
-0.021933
0.0418329
-0.620133
0.0947693
0.105227
NA
0.0872036
-0.0914568
0.00277231
0.0767328
0.116927
0.0102308
NA
-0.373763
NA
-0.0443761
0.0444462
0.0379547
NA
-0.540775
-0.469932
0.0693894
-0.221586
0.0964952
0.0459271
-0.420844
-0.536788
NA
0.0138134
-0.0101648
-0.164446
-0.243764
-0.0743798
-0.0867513
NA
-0.501728
NA
-0.473333
-0.514584
0.0668621
NA
NA
-0.725294
0.0903331
-0.0200014
-0.342219
0.0600568
-0.00636473
-0.107513
-0.736735
-0.00832919
0.049107
-0.372092
-0.0366762
NA
-0.13351
-0.362661
-0.136115
0.0419496
-0.477844
-0.033321
0.0724346
-0.0717847
-0.129589
0.0678583
0.0310456
-0.274285
0.0107264
-0.143349
NA
-0.300434
-0.304117
0.0126598
0.0754372
NA
NA
-0.381149
-0.460036
-0.302082
NA
0.0720296
0.0887779
0.0891706
-0.262234
-0.0166764
0.0637183
-0.92234
-0.0279037
-0.192679
NA
NA
0.0444407
-0.11392
-0.137191
-0.358353
-0.0612149
-0.0924579
-0.383588
-0.0780343
-0.511412
0.0618383
-0.221153
0.0890553
-0.248799
-0.12443
0.0243919
-0.020072
-0.711424
0.0737372
NA
NA
-0.641981
-0.560849
NA
0.0624976
-0.603945
0.0668541
-0.0408124
NA
-0.134451
-0.51878
NA
-0.654647
0.159129
-0.421974
0.0190971
-0.278551
0.0781695
0.0471747
-0.294031
-0.446842
0.0731038
NA
-0.375201
-0.403558
-0.272159
-0.0765596
-0.45232
-0.240761
-0.0709616
0.0790203
-0.641491
-0.209011
-0.0114344
-0.282658
-0.102229
0.231069
-0.278767
-0.149715
-0.503275
-1.06603
-0.47822
-0.241637
0.0541898
0.0203104
-0.409521
NA
-0.00757078
NA
-1.12879
0.0337537
-0.883822
0.059088
0.0898983
-0.654724
-0.635827
-0.705112
-0.0525396
0.106118
0.0268363
NA
NA
-0.565178
0.0479249
-0.293758
0.266608
-0.272439
0.0763771
0.0442174
-0.11783
0.0881846
NA
-0.342887
0.0773703
-0.306825
-0.00878237
0.0567322
-0.457109
-0.425108
-0.44817
-0.231833
0.0737259
-0.22849
-0.455626
-0.0830366
NA
0.0332299
-0.422313
-0.344681
-0.0574919
0.0758851
0.120173
-0.438156
0.0199336
-0.209167
-0.189393
0.0978093
-0.29931
0.0648494
-0.0324551
-0.0757326
0.00157087
0.0141625
-0.0267406
-0.344515
-0.162408
-0.20457
0.0740387
-0.382586
-0.43751
-0.162109
-0.286741
-0.312219
0.0712464
-0.242153
-0.153627
-0.0309837
0.0138774
0.100453
-0.321028
-0.309315
-0.639407
0.0771425
NA
0.0931381
-0.743926
0.0402389
NA
-0.566917
-0.0376573
0.0464276
-0.141317
-0.157841
-0.297986
-0.473763
NA
-0.815726
-0.0145071
0.00218207
NA
-0.373243
-0.220802
0.0768739
0.0713903
0.173922
-0.338178
0.0388864
NA
-0.582777
-0.01532
0.0506089
0.0798569
-0.00412749
0.0920068
NA
0.0438694
-0.313682
-0.145838
-0.154707
-0.670434
0.0158219
-0.244151
0.0578327
-0.08476
-0.175729
-0.132078
-0.147017
0.0890149
-0.545008
-0.667891
0.0627706
0.0776744
-0.127545
-0.150602
0.0473793
-0.223077
-0.0884027
0.0454629
NA
0.0410747
-0.320738
-0.523913
-0.162872
-0.786527
0.0697574
-0.815843
-0.35229
-0.206379
-0.749598
0.0409386
NA
-0.57935
-0.45894
0.0705639
NA
NA
0.0243335
-0.571205
-0.354036
0.0660773
-0.0322283
-0.242972
-0.341486
NA
0.0498484
-0.0978899
-1.13805
-0.559403
-0.51037
0.0699322
-0.556046
0.0653754
-0.257965
0.0851892
-0.241195
NA
-0.30106
0.126332
0.0288938
-0.252167
-0.0343807
0.0428081
-0.294907
-0.171114
NA
-0.00352863
-0.348632
-0.596396
-0.013209
0.0520378
0.0752257
0.0690241
0.122695
NA
-0.449029
-0.335739
-0.329226
0.0782233
0.0946532
0.0791822
-0.342819
-0.172234
-0.331479
0.0196135
-0.170498
-0.687454
-0.0911871
0.0733814
0.0517413
0.0104392
-0.752032
0.0205504
-0.679543
NA
-0.354677
-0.406863
-0.207421
0.0783546
-0.4229
-0.67197
-0.6442
NA
0.00521899
0.112498
-0.0134924
-0.216883
-0.181156
-0.567515
-0.207376
NA
-0.451988
-0.0859047
-0.00488729
-0.362647
-0.447598
0.10151
-0.264665
-0.093997
0.110254
-0.025528
-0.100323
-0.329375
-0.632448
-0.150641
0.128198
-0.080549
0.0367099
0.0457195
-0.885457
-0.442283
0.0359035
-0.205406
-0.540823
0.0475885
-0.402234
-0.137231
-0.474838
-0.0841111
-0.2149
0.0798025
-0.213124
-0.367424
-0.233305
-0.137361
0.00171997
-0.112125
-0.451299
NA
-0.0891941
-0.335839
-0.459967
-0.061252
0.0691278
NA
-0.0501887
0.0263693
-0.196604
-0.327177
0.0924739
-0.0336835
-0.729398
-0.0844286
-0.428905
0.0685227
-0.0506017
-0.276238
-0.163753
-0.107176
0.042888
0.0788958
-0.374722
-0.0632509
-0.459188
-0.0946642
-0.175657
-0.406194
0.0555141
-0.0170942
-0.444942
0.0497259
-0.369934
NA
0.000717087
-0.0339661
0.0574322
0.0208632
-0.0543169
-0.526686
-0.0962978
0.0208824
-0.207877
-0.363115
-0.152555
0.0471863
-0.678977
-0.400313
-0.386786
-0.303486
0.0521066
-0.376377
0.0401466
-0.184869
-0.552481
-0.248406
0.121744
-0.437368
0.237212
0.0606275
-0.641723
0.0207534
-0.0557086
0.0150602
0.0946803
-0.336809
0.029692
0.0697521
0.117614
0.088624
-0.369187
0.075181
0.0129404
-0.453575
0.058752
-0.367605
0.109716
-2.86
0.00661708
-0.289108
-0.388075
0.0506041
-0.343294
-0.358136
0.0565244
NA
NA
-0.0844259
NA
-0.447967
NA
-0.444591
-0.423228
NA
0.0787409
-0.288335
NA
NA
0.882473
NA
-0.398731
-0.282635
-0.247019
-0.00616802
0.0881071
-0.159089
-0.0394493
-0.47579
0.0361086
-0.505913
-0.557174
-0.172689
0.073898
-1.09546
0.0392225
-0.188912
0.0931923
NA
NA
-0.525893
-0.204233
-0.342837
-0.527442
0.17555
0.0303756
-0.736087
0.0223324
0.024411
-0.514269
-0.0442003
NA
NA
-0.0235241
-0.574023
0.0196284
-0.324798
-0.132269
0.0272949
-0.283774
-0.407324
0.104065
NA
0.0440189
-0.164263
NA
0.0125072
-0.190199
-0.305373
0.012369
0.0442434
0.0196744
0.0863971
-0.343276
0.0285889
-0.259803
0.071814
-0.457852
0.074888
-0.277552
-0.428062
NA
-0.147381
0.063876
-0.30103
NA
-0.1994
NA
-0.209928
-0.637945
-0.127067
0.0872585
-0.119841
-0.783374
-0.0393629
-0.698591
-0.404392
NA
0.0855275
0.00816497
-0.18145
0.0935981
-0.017326
-0.17734
-0.665005
-0.0563991
-0.465694
-0.431153
0.0458894
-0.177995
-0.107802
-0.0849351
0.033592
-0.196163
-0.21375
0.0794531
NA
-0.92765
NA
0.0360129
-0.14477
0.0144476
-0.17901
-0.06988
-0.524834
-0.324512
-0.26442
-0.343497
0.0619474
0.0816916
-0.179035
0.0188353
0.0547971
0.0399711
NA
0.0158619
0.0752524
-0.660638
0.0674933
0.0488336
-0.589963
-0.0812203
0.087768
-0.00430183
-0.240505
-0.134831
-0.488997
-0.236935
-0.288126
-0.465742
0.00605187
-0.832169
-0.452003
0.0789085
-0.24893
0.021987
-0.465771
0.017012
-0.433621
-0.0278628
-0.327995
-0.242502
-0.0688105
-0.529762
-0.0258084
0.0659575
0.0239779
0.0761972
0.0659951
NA
-0.797116
0.0670322
-0.308828
NA
0.0473203
-0.397725
0.080517
-0.0231075
-0.105575
-0.366495
NA
0.0523045
-0.253293
0.104718
NA
0.0496206
-0.919353
NA
-0.264308
-0.746259
-0.381558
-0.585987
0.0816696
-0.131239
-0.0934873
-0.205658
0.0729143
-0.441665
-0.185684
-0.42694
-0.278765
0.047221
-0.462586
0.0848946
0.0966067
-0.0370101
NA
-0.771393
-0.0302168
0.0236986
-0.517352
0.0485886
-0.2815
-0.110783
-0.497949
-0.60147
NA
0.0875705
-0.265913
0.0899471
-0.565502
-0.469566
0.0645285
-0.411679
-0.122169
-0.0461212
NA
-0.596283
-0.460245
0.0134556
0.0546636
NA
-0.575607
0.0712179
-0.410578
NA
-0.223417
0.064576
-0.0748279
-0.531188
-0.13978
-0.249529
0.0174647
0.0481767
-0.433802
-0.35443
-0.0707587
-0.463589
-0.34612
-0.26603
NA
-0.193493
-0.784338
-0.493082
NA
0.00056426
0.0688732
-0.249722
-0.366931
-0.183932
-0.323219
0.112812
NA
0.293192
0.0338561
-0.0522375
-0.942133
NA
0.0733437
0.0463314
-0.312443
-0.345963
-0.20042
-0.635512
0.0550291
-0.0360135
0.112847
-0.066186
-0.316244
NA
-0.143079
0.0372363
0.0280161
0.0241311
0.0839759
0.0909627
-0.20871
-0.0635819
0.0761829
NA
-0.620212
-0.412719
NA
-0.0522373
1.36364
NA
0.000328726
0.0356156
-0.31736
-0.291487
0.0694409
0.0647295
-0.12019
-0.363077
-0.328757
0.0205568
-0.323556
-0.247557
0.0843486
-0.0529077
-0.525004
-0.471126
-0.0735714
-0.180741
-0.580953
-0.218602
0.0680543
-0.130694
-0.53482
0.0181196
-0.515623
-0.83611
-0.0564331
0.0528048
-0.467366
-0.0606056
-0.0594279
-0.0126781
NA
-0.434752
-0.40613
-0.501138
-0.053519
0.0822078
NA
0.0278531
0.0949
-0.293877
-0.311819
0.040126
0.0812239
0.077102
-0.205418
0.0760832
-0.368309
0.0769236
0.0789983
-0.314674
0.0904692
0.0326594
-0.576067
NA
-0.0898993
NA
0.265216
0.0251645
-0.0907863
0.0682351
-0.0947898
0.108951
0.0832141
-0.375399
-0.0445835
0.069849
0.0453512
0.0552493
-0.385376
0.0776599
NA
0.0105914
-0.802878
-0.632396
NA
NA
-0.383145
-0.204198
-0.0171087
0.108014
-0.212506
-0.167286
-0.400646
0.0423205
-0.0284679
NA
0.0412883
-0.444211
-0.257174
-0.0867838
-0.14909
-0.0899251
0.0518136
-0.429293
0.0808618
-0.28334
-0.315279
0.0566517
-0.263489
-0.121986
-0.50553
-0.575433
-0.0348785
-0.276533
-0.456629
-0.471776
-0.67474
0.0698309
-0.165574
-0.239849
0.010467
-0.120041
-0.202248
NA
-0.171462
0.0714868
-0.28471
0.0885891
-0.333373
-0.619761
-0.00632492
-0.165873
-0.314437
-0.00624764
0.0804495
-0.568333
0.0384532
-0.176687
0.0792553
NA
-0.097996
-0.247172
-0.0137437
-0.237192
-0.308564
0.0762982
0.0263333
-0.095896
NA
-0.127578
-0.277707
-0.069876
-0.0130042
-0.132465
0.0707708
-0.688616
NA
-0.479756
-0.137699
-0.385923
0.162786
-0.494644
0.0707915
NA
-0.342967
-0.225911
NA
-0.0847956
-0.426462
0.0351577
0.127172
-0.166103
-0.0903612
-0.140613
NA
-0.518063
0.0372626
-0.041202
-0.110187
4.93543e-05
0.0971
NA
-0.757969
0.00376205
-0.0285797
-0.605912
0.142975
-0.167252
-0.0284485
NA
NA
0.530169
NA
-0.355061
NA
-0.537027
-0.333134
NA
-0.667652
NA
-0.211376
0.0273262
-0.119906
-0.318328
-0.490037
-0.574957
-0.578161
NA
-0.0453247
0.0322909
-0.459052
-0.769657
-0.400515
-0.456171
NA
0.0728273
0.0217029
-0.55963
-0.537828
NA
-0.248303
0.0350394
-0.39057
-0.0728898
0.0481396
0.0540945
NA
-0.194648
-0.638081
-0.397081
-0.473112
0.00808688
0.0888984
-0.444132
-0.244213
-0.0386511
0.060218
0.0391505
-0.617886
0.0534971
-0.0204962
0.0214758
-0.0698831
-0.294448
0.0126427
-0.216247
0.0426823
0.0475627
-0.307109
NA
0.0360695
-0.0579039
-0.495901
NA
-0.569609
-0.321337
-0.336592
-0.241113
-0.475166
-0.178311
-0.53811
0.0625805
NA
-1.05388
0.0456177
-0.305287
0.0933341
-0.00682563
-0.400814
-0.0859635
-0.418664
0.0568031
-0.921558
NA
-0.00784917
NA
-0.535388
-0.295972
NA
-0.791506
-0.104898
NA
0.0765945
-0.390461
-0.370396
-0.376405
0.065687
0.0685165
0.0819808
NA
-0.239037
NA
0.0706558
0.0456214
-0.402775
0.055712
-0.199684
-0.451724
NA
-0.410742
0.0042424
-0.590259
-0.425829
-0.293589
-0.210015
-0.0367061
0.0580265
-0.365127
-0.300293
-0.415141
-0.668593
NA
-0.562
-0.367896
0.00528682
-0.589879
0.065801
0.0163276
-0.832349
-0.504354
NA
-0.514446
-0.400478
NA
0.0728285
-0.583416
-0.818684
-0.498508
0.0644286
NA
-0.742046
-0.165356
0.028796
-0.501517
NA
0.0231734
-0.0589642
0.127423
-0.477004
-0.317488
-0.014593
-0.334887
-0.128605
-0.491142
-0.440379
-0.74213
0.0407426
0.157338
0.00478259
-0.151217
0.0223696
NA
-0.108105
-0.510052
-0.847111
0.0220932
0.0189515
-0.0874141
0.051967
-0.279814
-0.299359
NA
-0.0591437
-0.38756
0.0313404
-0.0656291
-0.0665129
-0.0290256
0.16351
-0.23924
NA
NA
0.375341
0.106998
0.0624486
NA
NA
0.0186489
-0.351958
0.0785487
-0.191373
0.081624
-0.299164
-0.522389
-0.0610438
NA
0.0643886
-0.487743
0.00839915
0.0729009
0.00701336
-0.393021
0.0479689
-0.251162
-0.461952
NA
-0.269101
-0.495451
-0.444275
-0.183359
0.0352253
0.0857195
-0.196042
-0.0331263
-0.367557
0.0419267
NA
-0.184145
-0.373303
-0.0704978
NA
-0.61128
-0.818125
-0.793322
-0.664834
0.118662
-0.10524
-0.169929
-0.218401
-0.42309
-0.393249
-0.798226
-0.727221
NA
0.0325435
-0.207075
NA
-0.602831
0.0451446
NA
-0.15953
-0.670267
0.0568758
NA
-0.412522
NA
-0.182411
-0.689844
-0.0645522
0.039726
0.0499077
-0.457789
0.0422927
-0.00740619
-0.420534
0.0211722
NA
-0.379366
0.0488922
-0.0947113
-0.0316973
-0.624849
0.0426213
-0.363946
0.0744512
0.0650571
0.0961063
0.154524
0.0682554
0.0815894
-0.188776
NA
-0.360885
NA
NA
-0.0742373
-0.0451211
0.0447013
-0.381491
NA
-0.560809
-0.47681
-0.473032
0.0675814
NA
-0.0434271
-0.2912
0.0569171
-0.38276
0.0512094
0.074663
-0.464022
0.133683
-0.54284
-0.100199
0.0628603
-0.31725
0.07814
0.0275532
NA
-0.406262
-0.471357
0.10801
-0.0280277
-0.615226
-0.434205
-0.0167053
-0.195578
-0.386037
-0.286634
0.0782861
NA
-0.0370391
-0.38557
-0.0311089
-0.198911
-0.492932
-0.113653
-0.439691
0.0096597
-0.000664102
-0.582679
-0.0986913
NA
-0.0299022
-0.520421
0.0446426
NA
-0.0421144
-0.619654
-0.451169
-0.681216
-0.338011
0.0621365
-0.522869
NA
0.0132081
0.013793
-0.255241
-0.685217
-0.0455856
-0.158503
-0.201208
-0.432682
-0.0366331
-0.0374348
-1.33045
0.0501755
-0.181311
-0.55145
-0.407123
-0.301873
-0.593181
-0.268241
-0.293174
0.00234869
NA
-0.727178
0.0853557
0.0978055
NA
-0.526794
-0.141962
NA
-0.428206
-0.739701
