NA
-0.514722
-0.212984
-0.0609839
-0.0919227
-0.620187
NA
-0.848572
NA
-0.326039
-0.407795
NA
-0.36895
0.0721953
0.0730407
-0.247019
NA
-0.2616
0.00352007
-0.0342305
-0.542414
-0.282161
NA
-0.233056
-0.528314
-0.732207
-0.221433
0.08652
-0.023335
NA
-0.27482
-0.640695
-0.125464
-0.358916
0.00831613
-0.308702
-0.164178
-0.236462
0.158804
0.116747
-0.144911
-0.437906
0.0286025
-0.296315
-0.10288
-0.0248053
-0.127663
0.0462836
-0.000636585
-0.772258
-0.142515
-0.01333
NA
-0.170226
-0.473398
-0.421344
-0.331074
-0.0460113
-0.0844259
-0.127536
-1.46778
NA
-0.831217
0.0453404
0.0338122
-0.334334
0.0619891
-0.366144
-0.429519
-0.391579
-0.674578
-0.348972
-0.100666
-0.511674
-0.306539
-0.0686189
0.0263169
0.149136
-0.550302
-0.181006
NA
-0.654715
0.0521838
-0.178408
-0.313284
-0.0773477
NA
0.017326
-0.0812216
-0.240461
0.0312735
-0.297916
-0.227844
-0.157601
-0.0520569
0.0454102
-0.477504
0.0968539
0.0300892
-0.556699
0.0581926
-0.481875
0.0223143
-0.0399027
-0.0369264
NA
NA
-0.480404
-0.0233517
-0.841857
NA
-0.00901118
NA
-0.373072
NA
-0.510242
-0.586885
-0.474006
-0.0337873
-0.401928
NA
0.00486804
-0.522378
-0.0294625
-0.461514
0.0845978
-0.68048
-0.882486
-0.562855
-0.293589
0.0760692
-0.788724
NA
-0.245998
-0.825034
-0.269097
-0.536419
-0.247038
NA
-0.00888515
0.0944665
-0.338359
0.135739
-0.900952
NA
-0.578809
0.0245817
-0.157376
-0.692081
0.0898219
0.0775908
0.0456413
-0.131985
0.042143
-0.690533
-0.140341
-0.421793
0.0756468
NA
-0.322298
-0.00934579
-0.397855
NA
0.0683168
-0.205733
0.0183937
0.0329866
-0.281211
0.0342203
-0.0927072
-0.623445
NA
0.0731919
NA
-0.389342
-0.421872
-0.00908006
0.0685165
-0.23609
0.0624574
0.0682192
-0.28941
-0.56853
NA
-0.0168397
NA
-0.131113
-0.386715
-0.59652
-0.130086
-0.244778
NA
-0.435601
-0.719309
-0.5718
-0.188773
-0.0928784
-0.223866
NA
-0.215456
-0.121445
0.104547
-0.0269778
0.0556663
-0.0518938
-0.263902
-0.721344
-0.541744
0.254438
-0.0326194
NA
0.0696993
-0.508269
-0.726746
0.0826444
NA
0.0474915
-0.43491
-0.137361
NA
-0.593057
-0.721715
0.0434097
0.00546125
0.0499671
-0.0857571
NA
0.068433
-0.404638
-0.76789
0.0284261
0.0189027
-0.709974
0.0198577
-0.303719
-0.564598
0.0380165
-0.374886
-0.596373
-0.530738
-0.00106419
-0.866372
-0.402464
-0.55892
-0.0818152
NA
0.0415108
NA
0.0510053
-0.497979
0.0534971
0.120543
-0.897399
0.0621501
-0.010908
-0.744347
-0.677462
0.0309443
0.0465416
0.0918502
-0.0294972
-0.0606076
-0.447655
-0.12612
0.0888984
-0.171275
NA
-0.358508
-0.321243
-0.37932
-0.490596
0.0441944
-0.123662
-0.12586
-0.476855
0.0659291
0.0239386
-0.229267
NA
-0.845462
-0.626489
0.115109
0.0277346
0.0428818
-0.703583
-0.455929
NA
-0.581323
-0.0825118
-0.302806
-0.406621
0.100377
-0.258962
-0.180515
0.0584224
-0.211358
NA
-0.210993
0.017814
-0.156159
0.0843585
NA
-0.0419739
-0.272011
-0.404954
NA
-0.491459
0.044422
-0.333851
0.0703995
0.0761972
-0.137871
0.0795822
-0.305484
0.0155673
0.0755764
-0.116079
1.82056e-06
0.076487
0.0757091
-0.463832
-0.555778
-0.310032
-0.244172
-0.637267
NA
0.0637479
0.0644991
NA
-0.428837
0.0765268
0.00630037
-0.0456915
-0.364299
-0.652211
-0.53038
-0.0454563
-0.503105
0.114569
-0.379443
0.0943205
-0.077275
0.0628835
0.0346828
-0.487533
-0.279588
-0.589956
-0.555501
-0.230999
-0.0771792
-0.153736
0.048659
NA
-0.153566
-0.398818
-0.401651
-0.290995
0.0750305
-0.311585
-0.415522
0.0358748
0.0414002
0.0477913
NA
NA
0.0728281
0.100627
-0.301188
-0.530362
0.0333143
-0.441321
NA
-0.543491
NA
-0.308884
-0.145218
-0.863792
-0.0753989
NA
0.076398
-0.454224
0.0925086
0.104769
0.0569171
-0.437221
0.0398097
0.0198116
0.0521843
-0.618604
-0.109496
-0.166383
-0.132955
NA
-0.568276
0.0750747
0.0360129
-0.433696
2.69005
NA
0.0670832
-0.281793
NA
-0.0529472
-0.266623
-0.370753
-0.556371
0.0832681
-0.126489
NA
-0.210331
0.0268053
-0.360885
-0.259752
0.0614277
NA
-0.496683
-0.182095
-0.146419
-0.225783
-0.47242
0.0875999
-0.128864
0.12861
-0.438194
0.144032
-0.258837
0.0429946
0.0144101
NA
-0.141837
-0.266321
-0.207218
-0.547895
0.0145525
-0.581727
-0.635007
0.073778
0.000677268
-0.618161
-0.191193
-0.134386
-0.373441
-0.05677
0.0258296
NA
-0.281295
-0.638681
-0.359999
NA
-0.103945
0.164172
NA
-0.29124
0.0391643
0.0448056
-0.336243
-0.548377
-0.26128
-0.21239
-0.16772
-0.000843672
-0.03905
-0.123437
-0.00178471
-0.277552
-0.463125
-0.175478
0.00383097
-0.0136072
0.0175917
-0.818128
-0.0050866
-0.759986
-0.457065
0.100733
0.0597055
NA
0.044867
0.0928279
-0.155778
0.0897269
-0.601839
0.0221327
-0.361441
-0.34239
-0.112634
-0.912896
-0.59971
0.0408839
-0.0821487
-0.583186
-0.30836
-0.199772
-0.644866
-0.0468444
0.0744032
-0.174916
NA
NA
NA
-0.312418
-0.230544
NA
0.024411
-0.416664
-0.156466
0.0698541
-0.406117
-0.467522
-0.175151
-0.168673
-0.476558
NA
-0.0317322
-0.46541
-0.288943
0.0476475
-0.00176869
NA
0.074403
-0.727978
-0.668553
-0.167718
0.00652347
-0.108526
-0.313628
NA
-0.3526
0.037012
-0.3129
NA
0.0660862
-0.26624
0.0346622
0.0954887
NA
-1.01187
0.0452724
-0.219928
-0.526679
-0.118458
-0.606942
-0.447595
-0.0998546
-0.132453
-0.198494
-0.015663
-0.334173
-0.735272
-0.142268
-0.455626
-0.320443
-0.416919
-0.0384142
-0.271388
0.0442973
-0.00256806
0.0237395
-0.575401
0.119623
-0.493027
-0.514042
0.0163178
-0.408986
0.0954755
-0.116144
0.116378
-0.0658592
-0.363077
0.0721585
NA
-0.368849
0.0104563
0.0248517
-0.569735
-0.178697
-0.269515
-0.63347
0.0511055
NA
0.0449251
NA
-0.114577
0.0708706
-0.564412
-0.264065
-0.476972
0.0429224
0.0518994
-0.255136
NA
0.00507744
-0.211154
NA
-0.156813
-0.226018
-0.0276322
-0.546526
-0.246468
0.13223
-0.573722
-0.108479
NA
-0.332085
-0.493633
-0.642911
-0.502839
NA
-0.175956
NA
-0.143079
-0.373158
-0.13044
0.016044
-0.72911
-0.387875
0.0578045
0.104522
NA
-0.117584
-0.0965094
-0.434089
-0.105416
-0.44176
-0.577389
0.0424849
-0.0456243
0.0647384
0.0744126
-0.0696114
0.08019
NA
-0.274923
-0.0218771
0.0664836
-0.00171517
-0.493611
-0.0522375
0.0114792
-0.562625
-0.323219
-3.26022
0.0638863
-0.181811
0.0487235
-0.684943
-0.441063
-0.744763
-0.393662
NA
-0.296804
0.0674287
0.0439665
-0.452105
0.104899
-0.0123987
-0.020072
-0.0537134
-0.17996
0.456185
-5.42652
-0.199777
-0.0838429
-0.21736
NA
-0.0616988
-0.466827
-0.469193
-0.12819
0.0766364
0.0332564
-0.3583
NA
0.0281821
-0.625928
0.0174647
0.103456
NA
-0.0612149
-0.92247
-0.00233851
-0.411129
-0.187348
1.90362
0.0738564
-0.556772
-0.369398
-0.103214
-0.107157
-0.584439
0.02876
-0.320682
-0.312708
-0.508468
-0.63927
-0.577025
-0.429106
-0.296648
-0.743049
0.0546636
-0.0833716
-0.535126
-0.100053
0.0707396
-0.461535
-0.271597
0.0711853
-0.154601
-0.420037
0.0444559
-0.809369
0.0434828
0.0585252
-0.342509
-0.0692784
-0.00842795
-0.979628
-0.725103
0.0161571
0.0577169
0.0427239
-0.112414
NA
0.0680903
NA
-0.642753
-0.762593
-0.332636
-0.501139
-0.42161
0.0749867
-0.26102
NA
-0.21163
NA
-0.342219
-0.664606
-0.359965
-0.833417
NA
NA
NA
-0.513599
0.0151434
-0.0662341
-0.0934873
0.092038
-0.558485
-0.136331
NA
NA
0.0721446
-0.549163
0.104439
-0.0649375
-0.515585
0.0116506
0.0659499
-0.168064
-0.385251
NA
0.105834
-0.1306
NA
-0.0968309
-0.256311
-0.199946
-0.397382
-0.436559
-0.267523
0.0118108
-0.192258
0.249546
-0.080428
-0.188398
0.0565711
-0.218212
-0.309792
NA
NA
-0.453182
0.0611014
0.00374403
0.0286992
-0.400167
-0.554979
-0.469402
-0.515989
-0.507377
0.00376205
-0.0885293
-0.825258
-0.485246
NA
0.0832006
-0.0374478
-0.389223
0.122695
0.0545588
0.044381
-0.307146
-0.639739
-0.340311
-0.0657861
-0.380368
-0.218816
0.0533334
-0.421225
0.0797797
0.0611679
0.0596438
0.033008
-0.401669
-0.0185235
-0.342967
-0.253122
-0.55065
0.00251254
NA
NA
-0.134936
-0.259348
0.000383651
-0.623341
-0.137699
-0.433921
0.023631
-0.137484
0.0813085
0.0310262
-0.467768
-0.328998
-0.847094
0.0745635
-0.515636
-0.393478
-0.523758
-0.687727
-0.425356
-0.412362
NA
-0.708203
-0.418584
NA
0.0441907
NA
-0.226321
0.0581738
-1.06689
-0.565645
-0.165083
-0.2331
-0.303498
-0.0531488
-0.710847
-0.73316
0.0709489
-0.213029
-0.585172
0.00906429
0.0628082
0.0581726
NA
0.071878
NA
-0.602046
-0.105624
0.0783224
-0.899545
-0.00440755
-0.470707
-0.128885
NA
-0.420965
-0.171462
-0.0669114
-0.245103
0.0359055
-0.00414554
-0.238294
0.00567792
-0.471776
-0.0273425
-0.0934483
0.0459869
0.0518
-0.407025
-0.4823
0.0566517
-0.112498
-0.00881591
-0.157891
-0.343807
0.0883841
-0.029615
-0.525292
NA
NA
-0.525789
-0.211503
0.000510999
-0.0936307
-0.655725
-0.14909
-0.477953
0.115851
-0.129375
-0.000487527
-0.193152
0.0776744
-0.00121851
-0.588807
-0.445833
-0.223077
0.0669815
-0.178921
-0.552352
NA
-0.382671
-0.0463954
0.043304
0.0430527
-0.603132
0.012597
-0.08476
-0.386801
0.0160804
0.330456
-0.670434
-0.18708
-0.0254482
-0.334197
-0.191188
-0.154514
-0.53301
-0.110237
-0.502566
-1.18581
-0.62417
-0.193475
0.0336635
NA
0.0722742
NA
-0.633744
0.0552493
-0.112527
0.0346606
0.0791204
0.0772042
NA
-0.817073
-0.0162558
0.0674697
0.0448738
0.0545946
-0.888551
-0.235998
0.0486839
-0.754674
-0.256967
-0.423546
0.0650241
0.0554704
-0.509688
-0.0219502
-0.295888
-0.0780252
0.0922275
-0.140146
-0.817059
-0.00756999
-0.0249601
-0.19231
-0.482767
0.040126
-0.173178
0.0787651
-0.527438
0.0741703
0.0771425
NA
-0.00951723
-0.412815
0.0793092
0.080336
-0.463971
-0.0288588
-0.110103
-1.17202
-0.405022
0.060361
-0.392067
