-0.172689
0.0716766
-0.712084
0.0845293
-0.650436
0.0692882
-0.318934
-0.304588
-0.340046
0.0222068
-0.487743
-0.365813
-0.61796
NA
-0.0609839
-0.992331
-0.227569
0.0328004
0.0870692
-0.317878
-3.97258
NA
-0.465738
0.0150577
-0.567405
-0.542414
0.0142003
-0.282161
-0.0333527
0.0308263
-0.438156
-0.189865
-0.679
-0.276503
0.0730407
-0.395053
0.0830128
-0.358916
-0.523455
-0.238043
-0.413405
0.0457238
0.106998
0.0791358
-0.39996
0.136548
NA
0.126155
0.0356156
0.0462836
0.0580756
NA
-0.493928
-0.39472
-0.164889
NA
0.0412052
-0.260506
-0.77083
0.0898983
-0.391969
-0.192041
NA
-0.00757078
-0.235102
-0.675209
0.0438743
0.0447536
-0.0619155
-0.20923
0.0368841
-0.0204177
0.0459928
NA
0.13223
-0.247841
-0.0589642
-0.379279
-0.0773477
-0.174639
-0.423486
-0.565509
NA
0.0713889
NA
-0.480404
-0.159598
-0.214812
NA
-0.308801
NA
0.0441898
0.0715451
NA
0.0466535
-0.640069
-0.206054
0.0454102
0.0807543
0.0781695
NA
-0.318515
NA
0.094584
NA
NA
0.0196691
0.705829
-0.161707
NA
NA
-0.124079
-0.376261
0.112847
-0.255973
-0.247077
-0.108905
-0.0887842
0.0421923
-0.284611
-0.420393
NA
0.0706113
-0.216084
-0.383952
0.00471052
-0.40413
NA
-0.784338
-0.349105
0.0249686
-0.361305
NA
NA
-0.0267666
-0.409968
NA
-0.0205652
-0.224569
-0.247038
0.0543554
0.0239061
NA
-0.0440082
-0.463589
NA
NA
-0.0711997
0.108108
0.11833
0.0174647
-0.0996858
0.0910969
0.0527814
-0.0927072
-0.27376
-0.550229
-0.0928784
0.00763317
0.0713313
NA
-0.0995285
-0.0139141
0.226418
0.0126598
-0.330539
0.0851245
0.0638478
-0.109041
-0.242978
0.0836433
0.0685731
-0.38652
0.0825963
-0.347396
-0.578643
-0.671103
-0.212753
0.0583721
-0.340064
0.011625
0.00171997
-0.24383
0.0699381
0.0484609
-0.585718
NA
-0.326368
-0.440431
NA
-0.0381709
-0.563653
0.202123
-0.313798
0.0787152
NA
-0.0537548
-0.2149
0.110294
0.0518699
-0.264257
-0.160289
0.0492688
-0.12656
0.109127
0.0754695
-0.809369
-0.0542704
-0.128412
-0.0977436
-0.177018
-0.0995397
-0.449791
-0.363327
NA
-0.44783
NA
-0.416247
-0.241302
-0.633476
0.0844587
0.00678427
-0.813954
-0.50917
-0.0302168
0.196208
-0.558063
-0.549838
-0.775506
-0.517352
NA
0.110254
NA
-0.39682
-0.401557
-0.0934873
NA
NA
-0.476911
0.0429278
-0.295039
-0.42694
0.0730645
-0.31729
NA
-0.130133
-0.00112003
-0.493588
-0.372392
-0.384055
0.087902
NA
0.12015
0.060086
-0.460927
-0.334696
NA
0.0540945
-0.0859047
NA
NA
-0.224673
0.0425838
0.0642985
-0.0039973
-0.436559
-0.211358
-0.267523
-0.453414
-0.52983
-0.537828
-0.108534
-0.643628
0.0769949
-0.132127
-0.137871
0.0441401
-0.0541717
-0.0580633
-0.0269315
0.202627
-0.146452
-2.09315
0.0438203
NA
0.045568
-0.769657
-0.255241
-0.563588
-0.0455856
0.0691073
-0.509382
-2.21742
NA
-0.0634163
-0.605912
-0.0285797
-0.132486
-0.872377
0.084499
-0.805944
-0.288823
0.0830039
NA
NA
-0.333921
-0.430616
-1.84488
-0.340311
0.0628835
0.0457972
NA
-0.547111
0.0774085
0.044381
NA
0.122695
-0.376948
0.0709612
-0.752227
-0.032368
-0.609035
0.276867
0.0441035
-0.467768
-0.083665
NA
0.0869213
-0.212532
-0.419542
NA
-0.0331693
-0.572873
0.048659
-0.173885
0.121153
-0.113301
0.0462726
0.0264735
-0.059528
-0.0158605
-0.12169
-0.0842062
0.0656694
NA
-0.0450378
0.163005
NA
0.100627
-0.887995
-0.19866
-0.549212
0.0254321
0.0572129
NA
0.0662603
-0.191262
-0.166794
-0.099621
0.0449855
0.0188353
-0.355846
0.0780154
NA
-0.2331
0.0449982
-0.0443005
-0.115126
NA
-0.294505
-0.133667
NA
0.0823715
NA
NA
NA
NA
-0.178971
0.0885891
NA
-0.803909
NA
-0.109846
-0.348175
-0.0799841
NA
NA
-0.239849
-0.208713
-0.0496344
0.0959327
-0.323572
0.0379366
0.0548767
NA
-0.543504
-0.0925673
0.0452654
-0.21375
-0.681318
-0.556371
0.0447013
-0.0651437
0.0147574
0.0875702
-0.141837
-0.299498
0.0429946
-0.394657
-0.0785714
-0.309166
-0.508854
NA
-0.550117
-0.489046
-0.762497
0.0353801
-0.203549
-0.137189
-0.000706306
-0.338086
-0.0463954
-0.336243
0.0448056
-0.135358
0.0886088
NA
-0.273897
-0.373441
-0.36056
-0.852455
-0.239345
0.289576
NA
-0.70546
-0.625547
-0.502566
-0.178598
-0.472752
NA
-0.110237
-0.277552
NA
0.0752269
NA
-0.229857
0.0342486
-0.452372
NA
0.0716736
-0.369284
-0.0896586
0.0551833
-0.249231
0.231402
-0.350105
NA
-0.103351
-1.15726
-0.0365899
-0.211052
-0.286332
0.0866194
-0.210402
-3.44792
-0.689294
-0.631007
-0.617877
0.0444329
-0.817059
0.121012
0.0402905
0.0458425
0.0305293
-0.723287
0.0398299
-0.151647
0.0554704
-0.190778
0.0248598
-0.0448153
-0.0760122
-0.26875
0.0834586
0.0105691
-0.0578011
-0.14469
-0.57374
-0.162109
-0.296501
NA
-0.190846
0.044382
-0.260504
NA
0.0736306
-0.571451
0.0487804
