-0.202248
-0.0290402
-0.00102871
NA
0.0778117
-0.666853
0.0451041
NA
0.0633711
-0.359274
0.0762653
-0.360885
-0.0934483
-0.348122
NA
-0.497211
-0.280944
NA
-0.396739
0.0771867
NA
NA
-0.500633
-0.468953
-0.426199
-0.0474925
NA
-0.487416
-0.374223
-0.132107
-0.0559731
-0.40354
-0.119971
NA
-0.203227
NA
0.0764024
-0.503549
0.0708826
-0.224567
0.0937129
-0.0348785
NA
-0.453526
0.0286761
NA
0.0663836
-0.581727
-0.1777
0.0967654
-0.0476533
0.000208396
0.0512908
NA
NA
NA
-0.63051
-0.489582
-0.375399
0.0716807
-0.118012
NA
-0.393249
0.0739763
-0.667281
0.06977
-0.0607512
-0.639127
-0.235998
NA
-0.467671
-0.185384
-0.406341
-0.457102
0.0688685
-0.207334
-0.138154
0.0424493
0.071814
-0.614561
-0.242602
0.0808678
-0.502566
-0.294538
NA
-0.676312
-0.193551
-0.293739
-0.00960223
NA
-0.0737308
-0.340014
0.0706522
-0.518733
0.0712464
-0.21332
-0.0727286
-0.164874
NA
-0.144562
0.0328673
NA
0.0722274
-0.311647
-0.406501
-0.574023
-0.189648
-0.428016
NA
-0.472379
0.0688381
0.121012
NA
0.0566272
0.0330833
NA
-0.366495
0.0465706
-0.517816
-0.433935
NA
0.0071641
-0.283721
-0.125308
0.037365
0.0461647
-0.372104
0.0584224
-0.00990418
-0.342964
-0.0776222
0.0687759
0.0364402
-0.16798
0.0718971
0.230521
-0.614179
NA
0.233132
-1.03185
-0.32561
-0.521159
-0.491106
-0.318179
-0.385251
0.0429536
0.0453283
2.5851
0.0683351
-0.0688816
NA
-0.38458
-0.129303
-0.443627
0.0848044
-0.535903
0.10148
-0.122539
-0.588382
-0.371375
NA
NA
0.0812033
NA
-0.175449
NA
0.0824378
NA
-0.680387
0.0185354
0.0286992
-0.540524
0.0611014
-0.885785
0.0183399
-0.0714674
-0.453182
-0.331531
0.0461857
-0.105758
-0.157782
-0.253122
NA
-0.467768
0.0766506
0.0205698
-0.161583
0.0662582
-0.596784
0.0637584
-0.216814
-0.250082
-0.211348
-0.53038
-0.246109
-0.236697
0.122695
-0.149892
NA
-0.0167053
-0.0938375
0.0725896
0.0663434
-0.288126
0.0470748
-0.921827
0.0678704
0.0601597
-0.0434271
0.0421365
-0.191086
-0.0131923
-0.592308
0.0492751
-0.13194
-0.0178925
0.0725066
0.0491709
0.0358748
NA
-0.247143
0.0572129
0.0242019
0.0314532
NA
0.04371
-0.255755
-0.377991
-0.219321
0.00542386
0.163005
NA
-0.458456
-0.333055
0.0751327
0.0154739
0.0425795
-0.279183
-0.0177616
0.0659262
-0.227736
-0.21736
0.102563
NA
-0.618708
-0.187831
-0.321942
-0.037905
NA
-0.241263
0.00471052
0.0472851
-0.159976
0.0487235
-0.425905
-0.366803
NA
-0.323219
0.0167438
-0.458429
-0.485529
-0.351687
-0.161365
0.0714288
-0.00815736
0.0483857
-0.00233851
NA
-0.73055
0.0754372
-0.0822406
0.0738564
-0.123031
-0.214609
0.0172486
-0.48225
-0.80119
-0.421872
-0.672093
0.0710356
NA
0.0644413
-0.304174
NA
0.0204825
NA
0.0688149
0.0712237
0.042888
-0.396395
-0.596283
-0.0159943
0.0749016
-0.0697514
0.00827466
NA
-0.0579039
0.049107
0.103067
-0.212452
0.0577169
-0.25505
0.0707896
-0.867088
NA
NA
-0.705741
0.0496378
0.0460527
0.0711853
0.0699381
-0.0239393
0.0609108
-0.17111
NA
0.107015
NA
0.138948
0.0429278
0.0116119
-0.119247
0.0441377
-0.349625
0.0989212
NA
0.0648856
0.0682891
-0.470783
-0.0339137
0.0715658
0.0652289
0.0079892
-0.0728079
0.0380165
NA
0.108649
0.0804288
0.0198577
0.0111014
0.00748721
0.0680903
-0.485775
0.103901
0.0813476
-0.00106419
0.0367398
-0.451539
-0.223044
0.0675575
-0.105778
-0.276503
-0.44083
-0.330133
NA
-0.431506
NA
0.027046
-0.284509
0.0647571
0.0786794
-0.330503
-0.250106
-0.108912
-0.243523
-0.293793
0.0759925
NA
-0.498971
-0.11271
NA
0.066007
0.0534182
0.0776243
-0.557174
-0.332126
-0.184741
0.0743818
NA
-0.958163
0.126155
-0.363077
-0.0645967
-0.057488
-0.0631857
0.0791358
-0.27482
0.0288992
0.0626688
-0.577304
-0.00878237
0.0217043
0.129008
0.0352763
-0.570716
-0.312448
-0.521646
NA
-0.453575
-0.130746
0.0179823
-0.241637
0.0727898
0.0119108
0.0909627
-0.083897
NA
-0.0895452
-0.246468
0.0644627
-0.662736
-0.72058
0.00336014
NA
-0.0203112
0.0566178
-0.176037
-0.155813
-0.654638
-0.476972
0.0898983
-0.296899
NA
NA
-0.00679168
0.16741
0.0686013
NA
0.112847
NA
0.0156414
NA
-0.460656
-0.751933
-0.064788
NA
NA
-0.41418
0.0840862
0.185662
-0.161143
0.0384318
-0.175314
-0.476058
-0.13044
0.00465984
NA
-0.205157
