-0.227736
NA
-0.199777
-0.618708
NA
0.042143
-0.141048
-0.304697
-0.203461
-0.612053
-0.393662
0.0421923
-0.335087
-0.384479
-0.265982
-0.187831
-0.321942
NA
0.075076
0.0721731
-0.445845
-0.0822406
-0.123031
0.0492047
0.0483857
-0.215822
NA
-0.491181
0.0726159
-0.536305
-0.0764434
0.0387114
-0.80119
0.137887
-0.636106
-0.216137
-0.441792
NA
-0.0579039
NA
-0.380187
0.0577169
0.0786411
-0.815947
-0.0159943
-0.523723
NA
NA
0.254276
-0.0697514
-0.010966
0.027354
-0.135814
0.0224783
-0.426783
0.0357339
NA
-0.264475
-0.531746
0.019542
-0.484775
0.0903331
-0.348729
0.060218
0.0429278
0.0757123
NA
0.000180784
-0.0121518
0.0754684
NA
0.0367398
-0.0792933
-0.052786
NA
-0.00832919
0.0818625
-0.325723
-0.31476
0.0774054
-0.558063
0.0454439
NA
0.00958872
-0.0820717
0.00352007
-0.11271
NA
NA
-0.557174
-0.554187
-0.203891
0.0791517
NA
0.0330224
0.0656733
0.0892593
-0.128449
-0.190718
0.0743818
-0.700308
-0.436205
0.0764633
-0.613868
0.105
-0.0631857
0.0403484
NA
-0.345803
-0.455626
NA
0.0443792
-0.278767
0.179082
-0.471702
-0.405136
-0.166139
-0.369187
-0.365179
-0.261405
0.12579
-0.277731
-0.621308
0.0174918
0.09955
0.0802813
-0.11234
NA
0.0676634
-0.292075
-0.654638
-0.848848
-0.767251
-0.134112
0.705829
NA
-0.17499
NA
-0.400478
-0.0233517
NA
-0.13044
0.0644819
NA
-0.0760849
-0.253522
NA
-0.666882
0.0454102
0.0466535
0.0330107
NA
-0.0376848
0.0794531
NA
NA
-0.681318
-0.195026
-0.136615
-0.183295
-0.466971
0.0762653
-0.0651437
-0.899545
0.176249
NA
-0.426962
-0.176379
-0.632515
-0.333373
NA
-0.0497889
-0.0429498
0.0369907
-0.00133425
-0.220627
-0.227196
NA
NA
0.0664938
-0.355154
NA
-0.155364
0.0329322
-0.343876
-0.0888703
NA
-0.650236
-0.216324
-0.374223
-0.192717
0.289576
-0.122024
-1.01394
-0.0476533
0.0204949
0.0483289
NA
NA
-0.537583
0.0286761
NA
-0.0941708
-0.000614402
-0.00632668
0.0300009
0.652332
-0.108379
0.035198
-0.199262
-0.294538
-0.500469
-0.321596
NA
-0.510081
NA
-0.0815682
-0.351281
NA
-0.373303
-0.661943
-0.822231
0.0670749
-0.518733
-0.507679
-0.471422
-0.01773
-0.617877
-0.661039
-0.371552
0.0661455
NA
-0.567021
-0.372104
0.0642985
-0.168976
-0.260388
0.0114892
0.0330833
-0.357008
-0.433935
-0.125308
-0.726615
NA
0.0794553
-0.123662
0.0364402
-0.043594
-0.0185057
-0.505058
-0.258203
NA
-0.513893
-0.0387026
-0.545977
-0.443627
-0.0855753
-0.584488
-0.235646
-0.0442267
1.82056e-06
-0.148736
0.0429751
0.0273262
NA
0.0611014
-0.238278
-0.369586
0.0438203
-0.431219
NA
NA
0.0812033
0.0332979
0.00888559
-0.965455
-0.396007
0.276867
-0.122653
-0.083665
-0.748392
-0.516831
NA
-0.0581339
-0.501771
-2.61
-0.0436834
-0.173626
0.195479
-0.639739
NA
0.0696208
-0.250082
-0.246109
NA
0.0332328
-0.0131923
-0.268206
-0.633827
0.0601597
-0.137942
-0.0100769
-0.264631
-0.194685
-0.12169
NA
NA
0.0891499
0.0728281
-0.241683
0.0242019
0.0132832
0.0496719
