0.0143105
-0.113571
-0.375046
NA
0.0897977
0.037365
-0.307997
NA
-0.590135
-0.471333
-0.433935
-0.502344
-0.283721
NA
0.00993122
-0.338568
0.00482663
-0.631022
-0.276907
-0.234092
-0.673494
-0.0887581
-0.116638
-0.385251
0.00894894
-0.32561
NA
-0.00990418
0.0116506
-0.145903
-0.423292
-0.114737
-0.298858
-0.0855753
0.0225896
-0.574015
-0.22413
-0.48716
NA
NA
-0.590033
-0.0664307
-0.436609
-0.250827
-0.118986
NA
-0.330275
-0.228525
0.0574369
-0.223265
-0.559638
0.253845
NA
-0.728246
-0.0954709
-0.41499
0.0662582
-0.392528
0.0797483
-0.582149
-0.472259
-0.624083
-0.201319
NA
NA
NA
-0.493261
-0.665258
-0.555929
-2.61
-0.465742
-0.0167053
0.113222
-0.208012
0.122695
NA
0.0732048
NA
NA
-0.315839
NA
NA
-0.712481
-0.545839
-0.320034
-0.319624
-0.90772
0.0711006
NA
-0.22164
-0.291882
0.0271359
-0.120323
-0.49706
-0.687727
-0.412741
-0.71566
-0.770099
NA
-0.302206
0.0683787
-0.500647
0.269214
-0.422048
-0.254609
-0.544967
0.145735
-0.0819788
-0.497564
-0.217532
-0.177995
-0.21375
-0.518369
-0.328607
-0.298071
-0.280288
NA
-0.396739
-0.726952
-0.362105
-0.632515
-0.10818
NA
-0.0412446
NA
-0.189207
0.0933049
-0.313238
-0.692578
-0.160608
-0.428901
-0.727096
-0.0476067
0.0583231
-0.731101
-0.181111
-0.055962
-0.353933
-0.732537
-0.354168
-0.42737
0.00860974
-0.275157
0.0784174
0.0521086
-0.237109
NA
-0.484807
0.0872585
-0.445123
0.0147574
-0.0217271
-0.00881591
-0.121665
-0.537296
-0.116847
-0.432834
-0.537583
-0.189706
-0.659985
-0.366734
0.0443884
-0.300688
-0.375561
0.0915057
0.0631661
0.0757041
0.0757589
NA
-0.806619
-0.022052
0.111648
-0.417469
0.227515
-0.29882
0.121401
NA
0.0091788
0.0986155
NA
-0.451538
-0.236011
-0.0100843
-0.204728
0.0747015
0.0740387
-0.162109
-0.6553
-0.320752
NA
-0.425858
-0.498438
NA
-0.0309837
-0.0821427
-0.172182
NA
0.0769236
-0.090578
-0.161259
-0.283307
-0.119823
0.0189211
-0.0533384
0.0251645
-0.244201
NA
0.0803376
-0.151307
0.0450763
-0.097421
-0.179957
-0.155124
0.0223647
-0.0307461
-0.282635
0.0454248
-0.526679
NA
-0.182284
0.0294784
0.0809867
-0.0421559
-0.704258
0.0534182
NA
-0.505913
NA
-0.374598
-0.498437
NA
-0.015928
-0.441794
0.0328004
0.00157087
0.00627103
-0.381546
-1.16684
-0.302954
-0.321162
NA
-0.369289
0.0747721
0.0808226
-0.00168521
-0.159665
0.0561387
-0.586391
0.0763527
0.0646315
-0.312623
0.084707
0.0647646
-0.084569
-0.749475
-0.386906
NA
-0.411334
-0.307888
0.13223
-0.303677
-0.148284
NA
0.088624
-0.0447522
0.0460065
-0.402673
-0.873207
-0.288027
0.0292839
-0.484516
0.0657143
-0.0968708
1.36364
0.0506041
0.0594302
-0.0494924
-0.601641
0.0817428
0.0656003
0.0758082
0.0713125
0.0471747
-0.401928
0.0969797
0.0865416
-0.371816
NA
NA
-0.109131
NA
NA
-0.579235
-0.0968228
-0.641723
0.0821923
NA
0.0466535
0.00461191
-0.0482047
-0.287285
0.0855394
-0.306109
0.0632409
-0.296437
0.02926
-0.509706
-0.0964845
-0.224569
-0.529993
0.0042424
-0.21347
NA
-0.0205652
-0.00516026
-0.26243
-0.415844
-0.384479
-0.321437
-0.515064
-0.323219
-0.358489
-0.274923
NA
-0.600848
-0.196195
0.0263495
0.045792
-0.433817
-0.659724
-0.279641
-0.250874
-0.107742
0.0795991
0.0398002
-0.0659263
0.0138967
-0.150354
-0.0443768
-0.381057
0.064576
-0.103214
-0.634054
0.0738749
0.106716
-0.56416
-0.237656
0.0783107
0.0541826
-0.328886
-0.455221
0.056718
-0.395041
-0.759627
0.0767464
-0.491181
NA
-0.493803
NA
-0.405228
0.904148
NA
0.0788609
0.0398986
0.0817825
-0.0440966
-0.671972
0.0351966
-0.593618
-0.268306
-0.250304
-0.325561
-0.986984
-0.596283
-0.654225
NA
NA
-0.0518938
-0.366022
NA
NA
-0.0796161
NA
-0.147884
-0.429106
-0.313205
-0.376812
NA
-0.116961
-0.502658
-0.168918
NA
-0.0545081
-0.0606076
-0.721476
-0.010908
-0.599063
-0.429318
-0.214841
-0.141709
NA
-0.00832919
NA
-0.0317047
-0.248601
-0.147057
