NA
-0.0146307
-0.391996
NA
-0.274998
0.0190437
-0.558063
-0.0865659
0.0048074
0.0989212
-0.476911
-0.617886
0.138948
NA
-0.684441
-0.721476
0.06173
-0.303254
NA
-0.455469
-0.286496
0.101854
NA
-0.000495001
-0.584655
0.0267388
NA
NA
0.0577169
-0.349647
-0.171121
0.176591
NA
-0.288007
0.0398002
NA
-0.225525
0.0184337
-0.0583777
0.106716
-0.434004
0.0825963
0.0464304
0.0469677
-0.373569
-0.359488
-0.173813
NA
-0.125539
0.0518
-0.323219
-0.0896858
NA
-0.015909
NA
-0.322245
0.099481
-0.331024
0.0183937
-0.334851
0.0857964
-0.224569
NA
-0.612053
-0.529993
-0.214404
-0.168316
NA
NA
-0.799519
-0.0369264
-0.115906
0.0282182
-0.253039
0.0964686
-0.871549
-0.641186
-0.0965094
0.0443826
NA
-0.138711
-0.476972
-0.100812
NA
NA
NA
-0.0905725
0.0565244
-0.408485
0.117671
-0.630028
0.0868586
-0.416774
0.0313583
-0.0223647
-0.369441
-0.238795
-0.231235
-0.362848
0.0789535
-0.313535
-0.203887
-0.23742
NA
NA
-0.947356
0.0853717
NA
-0.346058
-0.413405
0.106998
0.0403484
-0.416919
0.0626688
NA
-0.444215
-0.239985
-0.0418164
-0.296482
0.123519
-0.386384
-0.00230139
-0.116144
0.0496504
-0.335169
NA
-0.674431
-0.0524075
NA
0.0693906
-0.0594279
0.0489986
-0.0243732
NA
-0.398202
-0.0609839
-1.00751
0.0328004
0.0497046
-0.103006
-0.349821
0.0459715
0.0150577
-1.07224
-0.524748
-0.0301454
-0.0192924
NA
-1.04702
-0.0513294
-0.038401
-0.0752036
-0.405231
-0.244201
NA
-0.574023
0.0836775
-0.620448
-0.525898
-0.328617
NA
-0.57374
-0.296501
0.0175909
-0.340014
NA
NA
-0.476129
-0.259874
0.0446648
-0.499067
0.00383097
-0.598339
-0.335529
NA
-0.451538
0.0355128
-0.0187747
-0.08476
-0.428711
-0.235998
-0.333703
-0.164628
-0.543099
0.0442434
-0.0614445
NA
0.0669459
-0.0476533
-0.46847
-0.382035
0.0144101
0.00276974
0.000208396
-0.506915
-0.133048
0.0573478
-0.186728
0.0729508
NA
-0.336243
-0.010738
0.0630004
-0.275157
0.0383008
0.0325323
-0.396739
-0.31375
-0.428113
-0.52975
-0.277064
-0.0173124
-0.0799841
0.0392212
0.0484488
0.0660773
-0.0273425
-0.137073
-0.515489
0.0714868
-0.209726
-0.514578
NA
0.104087
-0.530177
-0.311288
NA
-0.0573404
-0.039074
-0.377991
0.0736692
NA
NA
NA
-0.424457
0.0439651
NA
-0.291848
NA
-0.191086
NA
-0.476481
0.072935
0.0547971
-0.137942
-0.00366393
NA
NA
-0.0779102
-0.00416984
-0.63558
-0.227109
0.0643671
-0.0243097
-0.359593
0.0695224
-0.475529
-0.596628
-0.414505
-0.679538
-0.316924
NA
-0.224667
-0.401651
-0.49429
-0.498587
0.0720321
NA
-0.0581339
-0.137871
-0.228525
-0.373458
-0.113949
0.0716294
-0.190962
-0.157728
0.0786065
NA
0.00888559
NA
-0.38458
-0.250345
-1.38
-0.0390969
-0.823474
-0.170632
-0.89526
-0.812255
0.0883666
-0.286804
-0.323251
-0.486257
-0.264308
0.0530569
0.0492033
-0.585987
-0.217389
-0.32561
0.037365
0.0182885
-0.0458464
-0.423595
-0.00665624
0.0425838
-0.328186
-0.161109
NA
-0.375046
-0.267523
-0.0395316
-0.283721
