-1.03562
NA
NA
-0.274707
-0.0133244
NA
0.129653
-0.0854455
0.0177692
-0.654934
0.0803928
0.0612605
NA
-0.4756
-0.498971
0.01364
-0.183213
0.0321136
0.0757458
0.0190974
-1.09546
-0.328998
-0.509584
-0.434127
-0.305938
-0.432109
0.0773012
0.0733857
-0.0423977
NA
-0.473398
0.0461031
-0.109375
-0.336069
NA
0.0456052
0.0481305
0.306674
NA
0.0658973
-0.391914
-0.115111
0.00303201
-0.14639
-0.381502
-1.30205
-0.181006
-0.133055
0.0719216
0.0818231
0.029341
0.179082
-0.0589642
-0.319232
0.0644627
0.0565244
0.0576138
0.0723758
-0.291538
-0.0750449
-0.348972
-0.330713
-0.232724
0.0782053
-0.479053
-0.0570003
-0.159357
0.109716
-0.0342068
0.105783
-0.384574
-0.175096
NA
-0.329045
-0.0358389
-0.345925
0.00528682
-0.771085
-0.602366
0.0705847
0.0183914
-0.503034
-0.570014
-0.306109
-0.137341
0.0839874
0.0408553
0.0344799
-0.230658
-0.036262
-0.202128
0.237212
0.0617414
NA
0.116296
-0.503714
-0.423628
-0.707734
0.0793307
0.0199125
0.0630159
-0.465054
-0.114155
-0.541613
-0.527511
-0.402007
-0.00977348
-0.181583
-0.242173
-0.195667
-0.361242
0.0452798
-0.425905
NA
NA
-0.567504
-0.382712
-0.123816
0.075076
0.0694096
-0.0583777
0.0735112
-0.34962
-0.110856
0.0833578
-0.175657
0.0186315
0.250494
NA
0.0710356
0.0776587
-0.161011
0.0925554
0.0652204
-0.111828
0.0730511
-0.0101187
-0.288291
0.123969
-0.184045
0.0154947
-0.541744
-0.0766018
-0.0720857
0.0284115
0.0482697
-0.671103
-0.316308
-0.53811
0.00171997
0.120543
-0.599063
0.0490124
-0.72616
-0.43375
-0.372392
-0.323974
0.0942624
0.0241269
-0.410167
-0.168592
-0.116961
-0.286691
0.0476944
0.0460905
0.00678427
-0.418549
-0.103461
0.0756658
-0.476352
-0.064658
-0.0995397
0.142453
0.0830181
0.0754684
-0.125342
NA
NA
0.0518473
-0.614576
-0.598638
-0.0655328
-0.262763
-0.517816
-0.29406
-0.466236
0.088573
0.0758421
-0.375046
-0.219533
-0.210993
-0.14962
0.0620974
-0.600154
-0.460927
-0.131239
-0.431767
0.0100581
-0.00990418
-0.0101648
0.0874843
-0.066877
0.0890152
-0.384055
-0.450037
NA
-0.113413
-0.432572
-0.0323378
0.0655947
0.0445286
-0.00474406
-0.148736
-0.0688816
0.280311
0.0365382
0.0872036
-0.336123
NA
-0.142087
-0.955669
-0.114737
-0.588382
-0.341992
-0.00581902
-0.360735
-0.0847474
-0.188514
-0.491459
0.602067
-0.0449144
-0.0423222
-0.168869
-0.188249
-0.612355
-0.142384
0.0441401
0.107175
-0.369236
0.161726
NA
-0.500453
-0.00766218
-0.180151
0.00109509
0.0933724
0.0318895
0.0400699
0.0967624
-0.471357
NA
0.0673253
NA
NA
0.0142249
0.0569084
-0.418708
-0.0498327
NA
NA
-0.633855
0.119478
NA
-0.351763
-0.365798
NA
-0.551851
NA
0.00668065
NA
-0.0688777
NA
0.0442666
-0.0670567
0.0268719
0.097075
0.0314532
NA
-0.3372
-0.0573404
-0.039074
-0.203896
-0.888065
0.0285414
-0.0451211
-0.282434
-0.234071
0.0717389
0.0969094
0.0959327
-0.17734
-0.109289
-0.784618
0.0859094
-0.47681
NA
-0.396739
-0.482485
0.0105385
0.122841
0.0872585
-0.491817
-0.322527
0.0211722
-0.290369
0.0200804
-0.239345
-0.710893
-0.1988
-0.203227
-0.373104
-0.45184
0.0697386
-0.344893
-0.055962
-0.00752741
0.0555949
-0.457789
-0.624036
NA
0.0630529
0.0800872
-0.1777
0.0694858
-0.213939
-0.0393629
0.0566083
-0.645093
0.0895143
0.00276974
-0.0182676
-0.00881282
0.0669459
-1.15726
-0.605935
0.0769084
-0.0579893
0.0837834
0.06977
-0.393249
-0.218401
0.00331748
-0.0328897
-0.500761
-0.302207
-0.352462
0.0757363
0.0563861
0.071483
NA
NA
0.515
-0.130655
-0.287179
-0.398509
0.087872
0.00383097
-0.632361
NA
0.0175909
-0.726661
NA
0.0682604
-0.0727286
-0.0961503
0.0745621
0.0354706
0.0651738
-0.00108562
NA
-0.438174
-0.273519
0.0709065
0.070735
-0.339486
-0.0691814
-0.390517
-0.40705
-0.543753
-0.188124
-0.73738
0.0752045
-0.302487
-0.0168815
-0.0756215
-0.26144
0.0452724
-0.22037
-0.465738
0.0878368
0.0993801
-0.0609076
-0.697514
-0.293793
0.0079058
0.076082
0.0180745
-0.498437
-0.3526
0.0693906
-1.92
-0.358263
-0.184741
-0.342778
-0.476051
-0.0121179
0.0843486
-0.260506
-0.159665
0.070524
-0.397243
NA
-0.423433
-0.12019
-0.257096
0.0694216
-0.275616
-0.804216
-0.00630386
-0.253174
0.0483254
-0.44817
0.0476194
-0.30911
-0.0280012
0.0773703
-0.542404
-0.107672
-0.19677
NA
0.0882519
-0.313535
0.00607807
-0.258818
0.0720645
0.0778769
-0.149715
-0.135844
-0.246468
NA
NA
0.13223
-0.083897
-0.102229
0.00592078
-0.212107
0.0567288
0.000328726
0.0449251
-0.848848
0.071963
-0.0558143
-0.0037998
-0.708421
0.0698808
NA
-0.100812
-0.28861
-0.2926
0.0231514
NA
-0.338235
0.0224764
-0.0952109
0.0578045
0.0156414
-0.308221
NA
0.0964686
NA
-0.390178
0.0939638
0.106619
0.0384318
0.0361088
-3.5
0.281156
0.00164676
-0.209869
-0.413906
-0.199807
0.0556933
-0.0997812
-0.612053
-0.224569
-0.296804
-0.602891
0.0722735
0.172685
-0.131969
-0.60135
-0.174086
0.0435027
NA
-0.322245
-0.00377937
-0.590099
-0.00533463
-0.111134
-0.264354
-0.232893
-0.0165434
-0.138057
-0.369731
-0.0456819
NA
0.0478628
-0.434004
NA
0.0761651
-0.625829
-0.25074
0.0231499
-0.00567077
-0.5435
1.90362
-0.233434
-0.553496
0.108755
0.103456
-0.187209
-0.0260489
0.0406583
0.057758
NA
-0.71084
0.0703135
-0.244607
0.0899471
-0.726143
-0.441792
-0.212142
-0.567187
0.068116
0.0983873
-0.0851651
-0.113324
0.0321372
0.0791035
0.0173158
-0.0717847
0.0135516
0.0330729
0.0705196
-0.30856
-0.00989124
-0.195311
-0.462586
-0.270832
-0.125529
0.046458
0.0903331
-0.0693495
-0.368607
0.0406352
0.223092
-0.278765
0.132039
-0.205075
0.0761884
0.0989212
-0.325721
-0.295457
-0.0751332
-0.378861
-0.528287
-2.96552
-0.163717
-0.517352
NA
-0.106909
-0.345168
NA
NA
0.0416749
0.0773187
0.0367585
-0.34072
-0.0960716
-0.130252
-0.275826
-0.115005
-0.242331
0.0878831
0.080581
0.073746
-0.519229
0.10151
-0.447598
0.0492033
-0.15672
0.0771411
-0.104404
-0.123584
0.0578282
-0.146827
-0.037446
-0.0484909
-0.611938
NA
-0.121515
-0.321781
-0.237742
-0.337754
-0.559954
0.178315
-0.0559472
-0.605912
0.142975
-0.804985
0.0759356
-0.175449
0.0835484
-0.190924
NA
-0.252761
0.0286992
0.0779559
0.119475
0.00251254
-0.627017
-0.305057
0.1036
-0.157732
-0.0253815
NA
-0.4917
0.0442249
-0.216814
-0.262047
-0.00416984
0.0832006
0.0342607
0.0598217
0.0407965
-0.105566
NA
0.0392563
-0.0657861
0.0027562
-0.388647
0.0879948
0.0498484
0.0762982
0.0395491
NA
-0.38097
-0.306232
-0.233134
0.0792553
0.0336482
0.0540347
-0.0343807
-0.0931421
0.0425588
-0.191262
-0.166794
NA
-0.0130042
-0.005731
-0.302206
-0.190888
0.0699322
0.110024
0.0456233
0.1166
NA
NA
-0.237402
-0.466971
-0.490276
-0.0934483
0.0205863
-3.02
NA
-0.220302
-0.728
-0.193325
-0.0799841
-0.513703
-0.606172
-0.183465
NA
-0.567275
-0.272281
-0.00624764
0.0452258
-0.372398
-0.529834
0.108622
-0.0712785
-0.573293
-0.56855
0.0885891
NA
NA
0.0669815
0.0627706
0.0192331
-4.88906
-0.338086
-0.053785
0.0937129
0.117337
0.0767915
-0.355154
-0.407919
-0.220053
-0.133048
0.00602491
-0.146355
-0.28334
-0.439728
-0.331362
0.0883841
-0.286409
-0.442601
-0.0132061
-0.401439
-0.189777
-0.681606
-0.230933
-0.00142194
-0.227424
0.0716807
-0.0437867
NA
-0.63051
0.0659652
-0.0689948
-0.33787
-0.416945
-0.274715
0.0696305
0.0536131
-0.0162558
NA
-0.674732
0.0443781
-0.17058
-0.632396
0.107581
0.106763
NA
-0.580159
-0.507668
-0.440254
-0.235812
0.0443499
-0.385376
-0.293958
-0.503336
0.0931381
0.0771425
-0.209599
-0.584598
0.0706522
-0.527438
-0.480045
-0.0760122
NA
NA
-0.0822212
0.0460418
-0.232191
0.0321903
-0.51331
-0.484278
NA
0.0661455
-0.297184
0.0224689
-0.286315
NA
-0.428016
-0.640371
-0.0171274
NA
0.0163754
0.0561729
-0.0276212
0.0688381
