-0.162408
0.0737901
0.0712464
0.07432
-0.153627
-0.0309837
NA
NA
-0.533392
0.0295245
0.0402389
-0.0276212
-0.0513294
-0.141317
0.0464276
0.0328673
-0.297986
-0.484278
0.0768739
-0.220802
0.0674697
0.0669698
0.00451184
-0.182183
0.0596859
-0.338178
NA
-0.292886
-0.480234
-0.170268
-0.324671
-0.267854
0.0757589
0.000809455
NA
-0.580159
-0.859929
-0.29882
-0.145838
-0.132253
0.330456
0.0807624
-0.35417
-0.467931
-0.984168
NA
-0.338086
-0.545008
0.0764024
0.0725193
-0.127545
-0.249353
-0.150602
-0.521221
0.158158
0.0434894
-0.519999
-0.640675
-0.407919
-0.249529
-0.0292143
-0.206379
-0.362437
-0.0934483
-0.0140144
-0.507804
-0.0340903
-0.126875
-0.0163652
0.0759397
-0.243505
0.0452258
0.00974058
-0.0420658
0.0111966
-0.298679
0.0660773
-0.35032
-0.0965557
0.120724
-0.489647
-0.475203
-0.191086
-0.0546993
-0.366932
NA
0.0582947
0.0750601
-0.22164
0.0376686
-0.311288
NA
-0.190888
0.0980694
0.110024
NA
NA
0.0731353
-0.0428149
-0.0666853
-0.474767
-0.49429
0.0721419
0.0296472
0.0401881
-0.994722
NA
-0.258339
0.0960342
-0.313789
-0.0728349
-0.0609576
0.122695
-0.719462
0.0183707
-0.322715
-0.158312
-0.467086
0.0782233
0.0572731
-0.313483
-0.100911
-0.459235
0.0733814
-0.0310812
-0.170498
-0.0904844
0.0854254
0.0740249
-0.252761
0.0286992
-0.352059
0.0623815
-0.354677
-0.32142
0.0786065
-0.0469027
0.078711
-0.10211
0.0276115
-0.323992
-0.231817
-0.491106
-0.824248
NA
0.0448413
-0.528846
-0.703034
0.10151
0.0855158
NA
0.0703739
-0.471776
-0.273662
NA
-0.407727
0.0453779
-0.394513
0.0197062
0.0133569
-0.363327
-0.541118
-0.818956
-1.00972
-0.00636473
-0.00180633
NA
-0.173082
-0.264257
-0.372092
-0.441792
-0.136115
0.0524268
0.0707702
-0.546248
-0.785716
0.0434828
-0.000930689
-0.0824445
-0.0580479
0.0439136
-0.24383
-0.0717847
-0.704076
NA
-0.275255
0.0745684
-0.372561
0.0752787
NA
-0.233434
-0.381149
NA
-0.277961
-0.184612
0.0706702
-0.483507
-0.267732
0.0444407
0.0766044
-0.513804
-0.599558
0.149145
0.0464229
-0.0795939
-0.553496
-0.60135
-0.221153
0.00871932
-0.109621
-0.108903
0.0751327
-0.0559424
-0.483113
-0.141812
0.0183905
-0.51878
-0.394099
-0.0696114
-0.279641
0.0562216
-0.0168403
0.0118378
-0.0678389
NA
0.0731038
-0.0126944
-0.446842
-0.26777
-0.303301
-0.458491
-0.297559
NA
-0.0252679
-0.369272
-0.0473553
-0.856082
-0.373158
-0.372151
0.0143135
-0.0709616
-0.175314
-0.178124
-0.134566
-0.308801
-0.465456
NA
0.0792128
-0.122301
-0.504121
-0.435145
0.0541898
-0.313535
-0.372813
0.0733596
0.0549159
-0.00773608
0.106789
-0.257096
NA
-0.277321
-0.272439
0.0794383
-0.11783
0.128123
-0.0280012
-0.669509
-0.44817
-0.433442
0.0666995
-0.00385154
-0.0287362
0.0531852
-0.0830366
-0.457188
NA
-0.422313
-0.0574919
0.0454248
-0.209167
-0.588872
-0.105778
-0.272711
0.0811197
-0.390902
0.181043
-0.304588
-0.829525
-0.559575
-0.395952
0.00157087
0.0257215
0.0734168
-0.525893
-0.36187
NA
-0.569712
-0.299588
-0.284657
-0.478
NA
-0.00960223
-0.0026437
-0.633017
-0.574023
-0.379392
-0.402586
0.0910636
NA
0.104065
-0.598746
-0.0120454
-0.0822491
-0.0896211
-0.0884286
-0.253892
-0.378089
0.0713142
0.0665571
-0.625547
-0.343276
-0.689828
-0.313584
-0.0347286
-0.169771
-0.689729
0.071814
-0.457852
NA
-0.293117
-0.224567
NA
0.0691306
-0.192874
0.0305484
0.165571
0.095586
-0.533654
-0.359999
-0.216333
NA
0.00711363
-0.245338
0.0694858
-0.0393629
NA
0.0259533
-0.426643
0.00816497
-0.557237
NA
0.118326
0.07097
-0.398674
NA
-0.179445
0.0230166
-0.173617
-0.448991
0.0458894
-0.424913
-0.92765
0.0173054
0.0144476
-0.14477
NA
-0.291401
0.0730489
-0.317402
0.138756
-0.0782981
-0.179035
NA
-0.0333533
-0.525867
-0.0416725
0.0158619
-0.633855
-0.0356509
0.0398777
-0.216136
-0.114893
-0.420437
-0.46793
0.0778709
-0.402589
0.0466595
-0.0051526
-0.288126
0.01511
-0.465742
0.0727382
-0.0951608
-0.078188
0.000742948
-0.177313
-0.400737
0.0157927
-1.38
-0.213579
-0.242502
-0.301892
1.82056e-06
-0.00195547
0.0486619
-0.0322132
-0.109794
0.0442291
-0.174479
-0.0104936
-0.369236
0.0441401
0.101308
NA
-0.731775
-0.549425
-0.397725
-0.375046
-0.105575
-0.537895
-0.550271
-0.00360009
-0.480355
-0.0655328
-0.366936
-0.108658
0.0710126
0.104718
-0.410884
-0.41201
-0.325336
0.0659989
-0.726995
NA
-0.100323
-0.564942
0.01308
-0.611234
-0.086292
-0.295175
-0.208394
-0.297456
-0.4611
0.0716415
-0.103461
-0.442283
-0.3359
0.0214289
0.0392939
-0.540823
0.0798025
-0.309881
-0.769774
-0.19208
-0.359743
-0.111828
-0.282291
0.050554
0.00171997
-0.118711
-0.247839
NA
-0.185797
-0.335839
-0.418085
-0.000620111
-0.244228
-0.318324
-0.335047
0.000241271
-0.0252787
0.0656918
-0.479387
-0.776245
-0.000567455
NA
-0.550287
-0.202484
-0.0264238
-0.780598
-0.495742
0.017513
-0.0946642
-0.294205
NA
-0.107875
0.0183937
-0.722509
0.116296
-0.01581
-0.265982
0.126514
-0.448808
-0.522378
-0.402007
-0.77094
NA
0.0858871
-0.488529
0.0448799
0.0838816
0.237212
-0.233186
0.0510845
0.0606275
-0.176418
0.0175346
-0.602366
-0.503034
-0.336809
-0.293865
0.0871136
-0.448901
-0.319232
0.00468751
-0.803442
-0.277731
0.0735816
0.107312
-0.232724
0.0699229
0.08175
-0.343294
0.0334016
NA
-0.0142711
-0.208399
0.0687222
0.0552468
-0.691331
-0.288335
-0.460049
0.0452308
-0.0170831
-0.00761599
0.0437577
-0.549321
-0.0961808
-0.333129
-0.0809959
-0.205086
NA
0.0881071
-0.0200083
0.0409051
-0.159089
-0.533928
0.137924
-0.509042
-0.539599
0.0570643
NA
-0.491986
0.0263505
0.073898
0.0759925
0.0463043
0.0776348
-1.16684
-0.0578011
0.0735525
0.102826
0.0321903
0.0782529
0.0949
-0.351281
NA
-0.542129
-0.527438
-0.533954
NA
NA
-0.205418
0.0760832
-0.135858
0.027967
-0.607404
-0.239264
0.00774673
0.0682351
-0.431778
0.0900864
-0.4706
0.122955
0.0468214
-0.416945
0.0832141
0.108951
0.158573
0.0716807
0.069849
-0.359652
-0.385376
0.0788483
-0.42313
-0.632396
NA
0.073159
-0.152759
NA
-0.336221
0.0886332
NA
NA
-0.299498
-0.221015
-0.189777
NA
-0.388024
-0.239506
0.105094
-0.46338
0.0566517
-0.28334
-0.302345
0.0245379
-0.575433
NA
0.0745348
-0.239849
-0.429336
-0.207229
-0.704738
-0.137073
-0.105317
0.0993706
0.0352517
-0.333373
-0.28471
0.0314818
-0.129109
-0.444258
-0.00624764
-0.104977
-0.266967
-0.221337
-0.0398669
-0.194981
NA
-0.561482
-0.0553087
0.0622485
-0.137495
-0.097996
NA
0.0215986
-0.0227279
0.0387054
-0.0516848
-0.16245
0.0795926
-0.325213
0.0652105
0.0754106
-0.127578
-0.058963
-0.005731
-0.277707
0.0257863
0.0682847
-0.137699
0.0520534
-0.0253815
0.276867
-0.104723
-0.850727
-0.420631
0.00251254
-0.0918661
-0.42922
-0.166103
0.0663434
-0.636792
0.0743393
-0.849468
-0.248323
4.93543e-05
0.0971
-0.757969
-0.274672
-0.159357
0.142975
0.0484104
-0.407071
NA
-0.337754
-0.264638
-0.355061
NA
-0.537027
-0.54353
0.14912
NA
0.0134019
-0.0264029
-0.119906
0.0842287
-0.574957
0.0322909
NA
-0.29213
-0.110277
-0.409453
0.0728273
-0.133293
-0.537828
NA
-0.0385549
0.023172
-0.248303
0.0361142
-0.0728898
0.0708288
-0.137802
-0.104404
-0.625192
-0.333617
-0.205538
0.0227234
-0.103867
-0.0477879
-0.348787
-0.037817
NA
-0.139472
-0.368607
-0.520257
-0.137577
-0.105559
0.0848946
-0.201125
-0.0370101
-0.0308828
-0.490183
-0.133098
-0.60147
-0.288568
0.0738566
-0.128412
0.0492688
0.0161571
0.0530372
0.0729773
0.0919248
NA
-0.169218
NA
-0.159489
0.0132283
-0.575607
0.0901594
-0.108139
-0.46063
NA
-0.355966
0.0525808
-0.0201938
0.0450519
-0.0456878
0.0796208
0.129028
NA
-0.0707587
0.0513683
-0.509851
-0.26603
-0.385351
-0.389724
0.176591
-0.323914
-0.275353
0.0297561
-0.251634
NA
0.0556933
NA
0.0508756
0.0829129
0.0735563
-0.183932
-0.00533463
0.0580808
-0.365028
-0.454157
0.0138023
-0.20455
-0.361693
-0.0886857
-0.614666
0.0550291
-0.205157
0.0472503
NA
-0.303632
0.0190204
-0.476058
-0.0243909
0.0750441
-0.33109
0.0713889
0.0793918
NA
0.064034
-0.178697
-0.463591
0.060391
-0.235234
-0.360668
0.0356156
-0.370448
-0.363077
0.0084895
0.00842967
0.0217965
0.0736519
0.0457205
-0.304375
0.0208307
-0.542404
-0.386364
-0.22037
0.0404726
-0.236412
0.138917
-0.127717
-0.359586
-0.119923
-0.0817346
-0.274328
-0.0145961
-0.39946
-0.303628
-0.227569
-0.434752
-0.124384
-0.196042
-0.00272179
-0.612607
-0.389256
0.142039
-0.0957011
-0.682367
-0.525646
-0.138327
0.0734853
0.118662
0.0626725
-0.441239
0.0210987
-0.488504
0.00331748
-0.218401
NA
-0.366734
-0.393249
-0.268528
-0.418667
-0.370732
0.0755044
-0.178066
-0.434578
-0.595801
-0.15953
-0.670267
0.0454716
-0.00752741
-0.548377
-0.405441
-0.611868
-0.608838
-0.481173
-0.527294
-0.352107
-0.17266
-0.504192
-0.0947113
NA
-0.273045
-0.455744
-0.284944
-0.251484
0.0353801
-0.188776
0.0815894
-0.657898
0.0142334
-0.155634
0.0681907
-0.326542
0.0460891
0.0414433
0.0735059
-0.626335
NA
-0.109289
NA
-0.0497889
-0.0403876
-0.0380617
-0.0434271
-0.339204
-0.0935231
-0.136979
-0.158207
-0.38276
-0.0454046
NA
-0.501568
NA
-0.631129
0.0634318
-0.125628
-0.180665
0.133683
-0.604392
-0.525957
NA
-0.627752
NA
0.0882644
-0.246278
0.0275532
-0.00199956
0.0901163
-0.173885
-0.298396
-0.162903
-0.323514
0.125172
NA
-0.306737
0.0782861
-0.659086
0.071793
-0.0370391
-0.547111
NA
0.0569084
-0.0678095
NA
-0.0986913
-0.535903
NA
-0.334932
-0.496164
-0.230993
-0.424451
NA
-0.166098
-0.123589
-0.188249
-0.0489342
-0.79154
0.0638524
-0.195752
0.00920264
-0.410679
-0.491459
-0.360735
NA
-0.210993
NA
-0.048579
-0.211358
-0.0331175
NA
0.0589872
0.0815188
-0.459747
-0.639951
-0.304732
NA
-0.12778
-0.217389
-0.28168
-0.267146
0.0746366
0.067332
-0.379181
NA
-0.137822
NA
-0.0386511
0.060218
NA
-0.0958621
-0.340109
0.146423
-0.381827
0.0764436
0.084172
-0.452719
-0.418934
-0.0865659
-0.184045
-0.212452
-0.360361
-0.378504
-0.281891
-0.523723
-0.321337
-0.0530832
-0.809
NA
-0.102124
0.105445
-0.296418
-0.53811
0.00598928
0.0509928
0.0722158
-0.0480138
0.0622285
-0.223866
-0.159425
-0.763356
-0.663883
0.0492047
-0.426069
-0.436851
-0.231578
-0.00291022
0.0765945
-0.46945
0.0597205
-0.294922
-0.347094
0.904148
0.103656
-0.376405
0.00790068
0.0559078
0.0756468
-0.604496
-0.349105
0.055712
NA
-0.076555
-0.304697
0.0703195
-0.293589
-0.303501
-0.464194
0.00472497
-0.304381
0.065801
-0.371794
0.105783
0.0259273
-0.480404
-0.818684
-0.152917
-0.00808536
-0.291609
-0.400398
-0.608861
NA
0.0827868
0.029341
NA
-0.0589642
-0.532454
-0.0239404
0.157338
-0.338627
0.0223696
-0.498546
-0.633562
NA
-0.847111
NA
0.366828
0.0576138
-0.350582
0.0811015
-0.329982
-0.0293549
NA
0.273853
-0.645328
0.0851938
-0.0690601
-0.136219
0.410081
-0.247507
-0.999981
NA
NA
0.0208289
-0.52673
0.375341
-0.577304
-0.27482
0.11305
0.0624486
NA
-0.0899964
NA
0.129653
0.0331072
-0.764352
-0.221753
-0.191373
-0.750518
NA
NA
-0.223282
0.0729009
0.00839915
0.313995
-0.151546
-0.0924669
0.0612605
-0.620187
-0.29386
NA
-0.325292
-0.113756
-0.177578
0.0670749
-0.394067
NA
0.035833
-0.151647
0.0554704
-0.381434
-0.68742
-0.235998
0.0659652
0.045263
-0.390881
0.00224579
-0.412576
NA
-0.068223
0.0857149
NA
-0.304558
0.0309232
0.00953886
0.0398343
-0.699441
-0.275746
0.0949661
0.0884472
-0.156895
0.0802138
0.0811365
-0.466165
-0.137585
-0.0785714
0.070341
-0.736198
-0.133048
0.057634
-0.43574
0.108626
0.0379366
-0.158121
-0.0319761
-0.0179402
-0.125223
-0.256075
NA
0.0958353
-0.441174
-0.204303
-0.0799841
-0.120995
-0.334726
0.0379834
-0.640091
-0.361442
-0.595776
-0.367503
-0.475385
-0.219321
-0.343673
-0.224514
-0.732067
0.0572129
-0.28685
-0.424457
-0.0596434
0.0540347
-0.0726008
-0.000283683
-0.25201
NA
-0.230285
0.0642765
-0.684562
-0.250876
0.061137
NA
-1.23726
NA
0.197826
-0.17122
0.0553212
0.0100924
-0.862569
-0.126393
-0.153881
0.0488217
-0.129303
-0.594836
0.170393
-0.510012
0.119475
0.0611019
-0.132127
NA
-0.240041
0.0443846
0.0759356
-0.458554
-0.0591972
NA
-1.29442
-0.24382
0.0440415
0.0468747
-0.611938
-0.137748
-0.305433
-0.269657
-0.319375
-0.123584
NA
-0.193386
-0.0148022
-0.702469
-0.420174
0.0827855
-0.0662341
0.0468642
0.0691359
-0.668613
-0.334408
0.10383
-0.132915
-0.0825613
NA
-0.5162
NA
0.0710256
-0.415702
-0.81023
-0.24968
-0.17111
-0.387642
-0.00989124
-0.385826
NA
-0.597968
NA
0.0751331
NA
-0.224954
-0.0542704
0.139083
-0.834879
-0.0913767
-0.71084
-0.481988
0.0711853
-0.165173
NA
-0.679756
-0.199993
0.0173158
-0.00265514
-0.113324
-0.286496
0.0276008
-0.605503
-0.161365
-0.0240422
-0.643933
0.0830501
0.0750798
-0.629778
0.0392375
-0.344384
0.0620555
0.108755
-0.745871
-0.116235
0.0223691
0.0150249
0.0329604
0.12925
-0.296804
-0.221786
-0.0267666
-0.26243
NA
-0.0896858
-0.241288
-0.205997
-0.2263
-0.869592
-0.0011402
-0.117295
NA
-0.765499
-0.0700897
0.0453013
NA
-0.516232
0.0162445
0.0224764
0.167939
-0.0235454
-0.849758
-0.216489
-1.46038
-0.697455
0.0634335
-0.0976055
0.00164676
0.0631458
-0.706719
-0.55211
-0.0624585
-0.459354
-0.410485
NA
-0.38331
0.0648512
0.0666669
0.102504
-0.11114
NA
0.121778
0.00252149
0.0449251
0.0133843
-0.488552
-0.233823
-0.487333
NA
-0.0418164
0.0803112
-0.620236
-0.407332
-0.184741
-0.211627
-0.143021
-0.0257703
-0.236408
-0.0968981
-0.0669021
-0.613868
-0.523455
-0.253174
-0.0614755
-0.1153
-0.0443242
-0.0756817
-0.292292
-0.496377
NA
0.0380633
-0.608272
0.0308263
-0.173644
-0.753642
-0.060356
-1.07224
-0.387573
-0.447083
NA
0.0456428
-0.226783
-0.403672
0.0355521
-0.512287
NA
0.0586532
-0.241467
-0.304224
0.0497046
-0.241579
-0.0494349
-0.507876
0.0475558
-0.167718
-0.176571
0.0105691
-0.30433
-0.634933
-0.0463293
NA
0.13887
0.00313408
-0.750194
0.0656729
NA
0.0336335
0.0268329
NA
0.0795612
-0.0566274
0.0175909
-0.40705
0.03038
0.0633773
NA
-0.338335
-0.00108562
-0.064194
-0.206813
-0.0328897
0.0979238
0.0443884
-0.580429
0.0955377
NA
-0.117395
-0.121798
-0.456482
-0.195537
-0.695154
-0.340259
-0.102868
-0.284946
0.076271
-0.331507
0.0091788
0.055505
NA
-0.154804
-0.117953
-0.0464674
0.0116572
-0.553802
0.0697386
NA
0.0723387
-0.607558
-0.540606
-0.0429736
-0.0351093
0.0521086
-0.112441
0.0167387
-0.645093
0.0795362
0.0147574
NA
-0.0217271
0.0108815
0.00640636
-0.266189
0.0690328
-0.618107
NA
-0.585814
0.0105385
-0.0360703
0.108608
0.0131275
-0.120255
-0.335786
0.00437056
-0.285382
-0.32162
0.11843
-0.0948942
-0.150087
-0.0644327
NA
NA
-0.422346
0.0136644
-0.00889727
-0.0517874
-0.294526
NA
0.0314532
-0.166968
-0.23502
-0.0091927
-0.19866
-0.381603
0.0394477
-0.475529
NA
-0.134343
NA
0.000463102
-0.188767
-0.695046
-0.791
0.0682687
-0.242615
-0.290995
-0.236932
0.0607489
-0.197008
0.0626261
-0.247637
0.0107249
-0.379151
-0.0868834
-0.00272489
0.0496637
-0.0498327
0.0678408
-0.852489
-0.401132
-0.690031
-0.309382
NA
-0.203714
-0.500607
-0.21232
-0.233452
-0.0423701
0.0100445
-0.518753
-0.0353749
-0.145839
-0.017351
0.0455221
-0.540524
-0.137871
-0.368842
0.0479529
-0.460431
NA
-0.536355
0.0097671
-0.297233
0.0758421
0.184286
-0.29406
-0.645778
-0.162095
-0.482039
0.0454502
0.0639607
-0.164552
-0.479659
NA
-0.498364
-0.480713
-0.630104
-0.151797
0.0747897
-0.39682
-0.539257
-0.32739
-0.451125
-0.103309
-0.116854
-0.223842
0.0754684
-0.44783
0.0184395
-0.559544
0.0719129
-0.273477
0.0414346
0.0191219
-0.688849
-0.084875
-0.213649
0.0749016
NA
-0.373934
-0.389782
0.0699381
0.0562371
-0.601244
0.0484609
-0.283351
NA
-0.445845
0.0672563
-0.662035
0.0637291
-0.190318
-0.180322
-0.464746
0.0483857
0.0777265
0.0274795
-0.377291
0.0481053
0.0836433
0.0908675
0.120046
0.0527814
-0.36582
-0.417606
-0.211903
-0.0228477
0.111001
0.0683168
NA
-0.634654
-0.105916
NA
-0.141048
-0.174226
-0.525761
-0.330678
-0.105109
-0.459662
0.0930572
-0.242173
-0.224371
-0.445363
-0.321576
-0.44532
-0.813963
-0.357296
-0.120858
-0.479034
-0.0431352
-0.00901118
0.0872343
0.0907211
-0.712863
-0.105008
0.511777
0.0700279
0.185662
-0.260632
-0.216986
0.0727163
0.108693
-0.630028
-0.262966
-0.151538
0.100484
-0.255001
-0.342883
-0.178619
0.0727973
-0.0520332
-0.448263
-0.823423
0.0453404
-0.115298
0.0723758
-0.313996
-0.473398
-0.355899
0.0684423
-0.0547678
-0.308702
0.0069574
0.023135
-0.752175
0.0556844
-0.0805827
NA
-0.224181
-0.176564
-0.450137
0.0872241
-0.411702
-0.542414
NA
-0.81543
-0.514143
-0.328998
0.0465013
NA
-0.347336
-0.134634
-0.103006
NA
-0.0249471
0.0610562
-0.881152
0.0460418
0.0403017
0.243731
0.0410998
0.066124
-0.155958
-0.215984
-0.000677705
-0.547062
0.0351807
-0.0289691
NA
-0.423546
0.0398299
-0.0458761
0.0541379
NA
-0.233797
-0.0270114
0.0395403
0.0443781
-0.674732
0.17023
-0.319801
NA
-0.484807
-0.616469
-0.47268
-0.439728
NA
-0.116847
-0.324248
-0.686977
-0.459978
-0.305012
-0.0273425
-0.0669688
NA
NA
0.0825987
-0.301112
0.0747236
-0.382727
-0.14702
-0.0501745
NA
-0.183465
0.0801657
NA
-0.592308
0.0430499
0.011629
-0.0719549
-0.853591
-0.414692
0.0634276
-0.173082
0.0027562
-0.388647
-0.0735722
-0.595401
-0.0213975
-0.337988
-0.365244
-0.157732
0.1036
-0.305057
-0.0468555
-0.493271
-0.212532
-0.229021
-0.280921
-0.137612
-0.107374
-0.213542
-0.105566
-0.690208
NA
0.00721265
-0.559954
-0.354792
-0.472763
-0.472305
-0.888666
-0.504366
0.0162489
-0.463751
-0.862604
-0.19934
-0.071565
-0.0123642
0.00233129
0.0835484
NA
NA
-0.190924
0.106675
-0.147697
0.0666306
-0.177959
0.070112
-0.284065
-0.0935501
-0.473298
0.0461647
-0.422464
-0.395999
-0.183189
NA
-0.510764
-0.180954
0.0794553
-0.539537
NA
0.0410091
0.104439
-0.124303
-0.206198
NA
0.0642486
-0.481378
-0.13785
0.0467481
-0.00440909
-0.00112003
-0.555166
-0.351992
-0.179548
-0.826636
0.0774054
-0.595434
-0.238398
0.0900187
0.0708853
-0.879544
0.0194693
NA
-0.244607
-0.492734
-0.385132
-0.237274
0.0703135
-0.312386
-0.0497606
0.0620895
-0.293055
0.00518802
0.3069
0.0364609
-0.429564
-0.274832
-0.512255
-0.274713
0.0690414
-0.421278
0.0207085
-0.319993
-0.956873
0.0838325
-0.523816
-0.161333
-0.0847306
-0.0635782
-0.41055
0.0700045
-0.824075
0.0981288
-0.503951
0.076393
-0.0145187
0.0406583
-0.187209
0.0261461
NA
0.0181571
-0.244838
0.00427439
-0.43271
-0.455791
-0.115452
-0.2629
0.0525871
-0.544923
-0.499054
-0.0279874
0.0487235
-0.015909
-0.274923
-0.426904
-0.190762
0.0884712
0.0433961
-0.690148
0.0889172
0.00669947
0.0203318
-0.0131209
NA
-0.308221
-0.847024
-0.124079
NA
0.0067536
0.242843
-0.137096
-0.266596
-0.213836
NA
0.085752
-0.174463
NA
0.012021
0.0737109
0.138053
-0.212107
NA
0.13223
0.0897901
-0.58455
-0.231235
-0.419158
-0.342054
-0.106634
-0.238546
-0.476972
-0.0204177
0.071963
0.135284
-0.254322
-0.668188
-0.106976
-0.269386
-0.958163
-0.260506
0.0954755
-0.0121179
-0.19354
-0.305502
-0.0615683
-0.523184
-0.029749
-0.307888
0.0214929
-0.804216
-0.246339
0.139099
NA
-0.302487
-0.498437
0.0079058
0.0817325
-0.396136
-0.0106574
0.0123421
-0.0112367
-0.0815682
-0.363101
0.0682604
-0.545793
-0.472379
-0.480669
-0.618783
-0.12874
-0.113367
-0.179698
-0.183857
-0.000614402
-0.599028
-0.0156375
-0.181281
0.0651579
-0.224535
0.0769084
-0.584482
0.0300009
0.0264959
0.11902
-0.109812
-0.130655
-0.0215308
-0.16772
0.0438687
0.0650671
0.0752269
-0.478111
-0.055962
-0.208098
-0.27696
-0.710893
-0.373104
-0.172122
-0.290369
0.0620138
-0.862976
-0.134386
-0.373441
-0.588154
-0.0908679
0.0286761
0.0013372
-0.47242
-0.137189
-0.405756
-0.0170187
NA
-0.304779
-0.109804
0.0969094
0.0711189
-0.888065
-0.408592
-0.328607
-0.358555
NA
0.176249
0.00104343
-0.275271
-0.419732
0.00510642
-0.333117
-0.0132105
-0.657899
NA
0.0790875
0.0868311
NA
0.119478
-0.422815
0.0911834
NA
-0.593412
-0.271508
0.0464471
-0.500266
0.0407499
-0.41604
-0.186375
-0.113301
-0.42553
-0.00766218
-0.552645
-0.401651
-0.406404
-0.421335
-0.563033
-0.343324
0.087119
-0.611828
-0.439693
0.0985882
-0.102131
-0.63558
-0.544381
-0.0414126
NA
0.0771839
-0.0861117
-1.15722
0.00266565
-0.216091
0.116927
NA
-1.10468
0.0678012
-0.406713
0.0582436
0.0561576
0.0344293
0.037365
NA
NA
-0.0270269
-0.00489214
-0.372308
-0.629251
0.0593944
-0.243764
0.086135
0.0913164
-0.977
-0.119247
-0.171522
-0.213447
NA
NA
0.0241269
-0.425355
-0.283319
NA
0.0258908
0.0985821
0.0701531
-0.416247
-0.918398
NA
-0.553347
-0.217483
NA
0.0202789
-0.313193
0.0390573
-0.709974
0.0673431
0.00919909
0.077767
0.064105
0.0363714
-0.564598
0.0812733
0.0442806
0.4392
-0.671972
0.148948
0.114164
0.116384
0.0601094
-0.233281
0.0460634
-0.0302596
-0.27987
-0.870363
0.0331713
0.104547
0.133821
-0.263902
-0.332691
-0.130086
-0.152166
-0.18698
-0.379013
0.104279
-0.25418
0.00934714
-0.489197
0.0456319
NA
-0.361018
0.080905
-0.203461
0.210204
0.0199125
-0.0440082
-0.111718
-0.593955
-0.962075
0.0518
0.0484103
-0.360899
-0.403155
-0.107742
-0.622534
-0.348763
-0.276528
0.043411
0.0407318
-0.605531
0.0301674
0.0230597
-0.245164
0.0450721
-0.36788
-1.00127
-0.306109
-0.449896
0.0610722
NA
0.0818231
NA
0.0127222
-0.0419885
0.0730164
-0.0681054
-0.180804
NA
-0.301762
-0.6409
0.0694348
0.06406
-0.346417
-0.718772
-0.34094
-0.316785
NA
-0.0471386
0.0220253
-0.751606
-0.129587
NA
0.0698524
0.0290021
-0.174372
-0.0191033
-0.233844
0.0660521
-0.180424
-0.396936
-0.233056
-0.017003
-0.393782
-0.198769
-0.189865
-0.511913
-0.272235
0.000743229
-0.12034
0.0321136
0.0767303
-0.29818
-0.364422
NA
-0.638744
NA
0.06898
0.0656939
0.0791517
