NA
-0.689537
-1.13805
-0.00802788
0.110024
-0.412362
NA
0.0582947
-0.498052
-0.228766
-0.363794
NA
NA
0.122695
0.036724
-0.44515
0.0677518
-0.0472849
0.0752257
0.0721419
0.0431618
-0.596396
NA
-0.282392
-0.085634
0.0971591
0.0879083
-0.331406
0.0657909
0.0174147
-0.225622
0.0934207
0.0740249
-0.073151
-0.0911871
-0.368903
-0.325842
0.0847676
0.0453102
-0.00493101
-0.274588
-0.0904844
-0.590846
0.0483378
-0.61939
-0.0305265
-0.410246
-0.459235
0.178315
0.0469674
-0.451988
-0.824248
-0.107661
-0.362647
-0.114395
-0.447598
0.0133823
0.0451804
0.0694927
0.105899
0.0668157
0.0438356
0.0647739
-0.436559
-0.0131549
-0.141317
-0.701496
-0.157841
0.0328174
0.0224689
-0.443932
-0.495275
0.122872
-0.0276212
0.106886
-0.0445396
-0.385572
-0.0109351
-0.153627
0.0771425
NA
-0.162408
0.0440657
-0.725205
-0.382586
-0.0467282
-0.633574
-0.242153
-0.385798
0.0160804
NA
0.0280024
-0.386801
-0.0943632
0.0432656
-0.515678
0.0594721
-0.376051
-0.191773
0.0901683
-0.170268
0.0669698
0.00451184
-0.11071
-0.182183
0.0768739
0.0385879
-0.849273
0.128027
0.0410747
-0.407919
0.0434894
0.0607057
0.158158
NA
0.038238
-0.0696591
0.0627706
0.0752764
0.0678979
-0.329543
-0.984168
-0.545008
-0.053785
-0.667891
-0.298679
0.0727176
-0.144401
0.070924
0.0660773
-0.0302469
-0.0107016
0.00612827
-0.17289
0.0660303
0.0907381
0.0442943
0.00170975
0.0698825
0.0631905
-0.136884
-0.175314
0.0918446
0.0240418
-0.442685
-0.134566
0.0407552
-0.373158
0.0733615
-0.336803
-0.26777
0.0706483
NA
-0.272159
-0.0168403
0.0945826
0.0781695
-0.0678389
-0.349798
-0.0167144
0.0549159
-0.108044
0.0926155
0.0816515
-0.13604
-0.503275
-0.47822
0.0428609
-0.500407
-0.00948898
-0.171212
-0.455626
0.0773703
-0.688549
0.0497481
-0.605731
-0.44817
-0.290312
0.0791666
0.0268363
NA
0.0796556
NA
-0.0757326
-0.184965
NA
0.0180745
-0.755844
-0.542043
-0.209167
-0.189393
-0.0830366
-0.422313
-0.344681
0.0364726
0.24
-0.374739
-0.427883
-0.762593
-0.107513
0.0763458
0.00322309
0.0731623
-0.0339137
-0.736735
-0.0286721
0.0834659
-0.541118
0.0132281
NA
-0.143349
0.0357746
-0.304117
-0.0717847
-0.594017
-0.499171
-0.033321
-0.383429
-0.194433
-0.000839987
0.049107
-0.372092
-0.362661
-0.136115
-0.477844
0.0707702
0.801837
-0.0258013
-0.158064
-0.777883
-0.267732
-0.483507
0.0870626
-0.134348
-0.568702
-0.245522
-0.0639906
-0.00112211
-0.714172
0.0204893
-0.192679
0.0692273
-0.855134
0.0535439
0.0646639
-0.624992
-0.0137139
NA
0.0624976
-0.481806
-0.11777
0.0853173
-0.112143
NA
-0.420437
-0.351662
0.087768
-0.0835224
-0.216136
-0.323233
0.0743448
0.0158619
-0.179035
-0.2298
0.0572828
-0.0366493
-0.400737
-0.303026
-0.179686
-0.465742
0.0646862
0.0727382
-0.204993
-0.468866
NA
-0.236935
NA
-0.334258
-0.289288
-0.289231
-0.402589
-0.194762
-0.083665
0.0955984
0.0761972
0.0442291
NA
-0.518009
-0.118986
-0.308828
1.82056e-06
-0.0258084
-0.18847
0.0659575
-0.0688105
-0.242502
-0.746259
-0.431767
-0.726995
-0.460927
0.0934935
-0.108658
0.104718
-0.339971
-0.355616
-0.0545483
-0.550271
0.0193176
-0.433935
-0.343173
-0.0655328
-0.397725
-0.105575
0.0246196
-0.375046
-0.0544528
0.0553284
0.073134
-0.668172
0.0322994
0.104065
0.0453431
-0.0944786
NA
-0.482626
-0.527442
NA
0.15285
0.024411
0.0734168
0.00769568
0.0465198
-0.364262
0.0171852
-0.293117
0.0629318
-0.21516
0.0665571
0.000937972
-0.313584
-0.689828
NA
-0.0347286
NA
NA
-0.190199
-0.208593
0.0676392
-0.431482
-0.695417
-0.493139
-0.269275
-0.329072
-0.426643
NA
-0.140404
0.00816497
-0.18145
-0.0175689
-0.287432
-0.245338
0.0788517
-0.0391254
-0.0740075
-0.243295
NA
NA
-0.637945
-0.533654
-0.270655
0.076303
-0.192874
NA
-0.291401
-0.33965
-0.92765
-0.146924
-0.14477
-0.389755
0.0144476
-0.124375
0.0719423
0.033592
-9.10272e-05
0.323128
NA
NA
-0.665005
-0.202062
-0.397417
0.0706598
0.0747443
0.0946803
-0.57888
0.0606275
0.0838626
0.06505
-0.510242
0.0401466
0.0772169
-0.399276
-0.079476
-0.798497
0.0565244
-0.268693
0.0728668
-0.454204
-0.232724
-0.330713
-0.0583686
0.0735816
-0.0447522
-0.123613
-0.453575
0.0312338
-0.595539
-0.0357894
-0.0170831
0.0437577
0.0332246
NA
-0.288335
0.0451049
-0.333553
-0.643787
-0.0496928
0.0692197
0.0263192
-0.539599
0.124241
0.073898
-0.44088
0.0703379
-0.0498248
-0.46753
-0.0200083
-0.368709
-0.0297504
-0.509042
0.124812
0.014521
-0.266158
0.0662937
0.0359035
0.0281583
-0.166759
0.0109417
0.0716415
0.0510053
0.081138
-0.477806
-0.093997
0.074531
-0.44492
0.0263693
0.00171997
-0.118711
-0.247839
-0.335839
-0.378379
-0.213124
0.123969
NA
NA
-0.468534
0.0798025
-0.165943
-0.0946642
0.0362761
-0.175657
-0.294205
-0.335304
-0.479387
-0.373708
-0.578197
NA
0.0726159
-0.166534
-0.00866806
-0.318324
-0.385664
0.0694096
-0.450075
0.126514
-0.400313
-0.502928
-0.448808
0.0694209
-0.402007
-0.117642
-0.265982
-0.183608
-0.418712
-0.302932
0.00730026
-0.0170942
-0.00593147
-0.296266
-0.111567
-0.0130042
-0.0690708
-0.164983
NA
-0.390377
-0.245092
-0.277707
-0.453834
-0.308564
-0.111886
0.0319988
-0.0996611
0.0762982
-0.0553087
NA
-0.097996
-0.526914
NA
-0.079994
-0.115614
0.0971
-0.27743
-0.473542
-0.166103
-0.849468
-0.140613
-0.297776
-0.0423644
-0.387403
-0.105246
0.00251254
0.0596982
-0.0658013
-0.168099
0.0783774
-0.309792
0.0842287
0.0322909
-0.0688217
-0.284015
-0.423292
-0.0142331
NA
-0.337754
-0.0978809
-0.537027
0.142975
0.0727515
-0.539086
0.0132374
-0.00736315
-2.96638
-0.101199
-0.137802
-0.643628
0.117536
-0.55963
0.10868
0.023172
-0.426671
-0.30925
0.0467719
-0.0898993
0.104764
-0.115068
NA
-0.0819259
0.0356392
0.00774673
-0.19324
-0.503758
0.0812239
-0.533954
-0.205418
-0.381901
0.0321903
0.102826
NA
0.0949
NA
NA
-0.632396
-0.204198
0.108014
-0.0729609
-3.5
-0.479947
0.0788483
-1.18581
-0.294538
-0.0408335
-0.385376
-0.133776
0.0440045
-0.63051
-0.375399
-0.13276
0.0552493
0.0951436
0.0452055
0.067461
0.0518136
-0.158113
0.0725092
-0.28334
0.0566517
-0.302345
0.00602491
0.0245379
0.090326
-0.257174
-0.0867838
-0.0899251
-0.512232
0.0921131
NA
NA
-0.444211
NA
0.0886332
-0.00624764
0.0804495
-0.0623741
-0.567275
-0.157862
-0.31563
-0.0398669
NA
-0.179404
-0.337507
-0.0533326
-0.28471
-0.0626217
NA
-0.333373
0.04078
-0.00525651
-0.619761
0.0279568
-0.00111179
0.0714868
-0.804797
NA
-0.494338
-0.239849
-0.476058
-0.122182
-0.316244
NA
0.0463314
0.0958495
0.0768251
NA
0.112847
-0.0558162
0.00416726
0.0733437
-0.0886857
-0.0522373
1.36364
0.0841053
-0.222754
0.0478362
-0.1507
NA
0.0778769
0.0713889
-0.123256
-0.4658
-0.135844
-0.143894
-0.894924
0.0799201
-0.107672
-0.331656
0.0471819
-0.30911
-0.00902243
0.0843486
0.0356156
-0.980075
-0.14557
0.0609907
0.0157164
0.0745557
-0.363077
0.0647295
-0.39946
-0.132398
-0.434752
-0.40613
NA
-0.121886
0.0898853
-0.0594279
-0.119923
-0.26144
0.0851829
NA
-0.0564331
0.0258035
-0.73559
0.0851458
-0.735272
-0.131495
-0.443717
-0.517352
-0.405538
-0.204285
0.0966067
-0.0370101
0.0443495
-0.0679209
NA
0.345376
0.0890848
-0.42694
0.047221
0.0483422
-0.462586
0.0121055
-0.387286
-0.056234
NA
-0.169218
-0.27252
-0.0117094
0.0983873
0.0132283
-0.575607
-0.0776289
-0.63927
0.0530372
0.0546636
-0.705741
0.0717125
-0.015488
-0.248561
-0.128412
-0.706347
-0.395891
-0.241655
NA
-0.585223
0.0875705
-0.270561
0.0109053
-0.723363
-0.469566
-0.527435
-0.26603
-0.385351
0.176591
0.0442074
0.0174647
-0.0456878
-0.432589
-0.0707587
0.105315
-0.411129
-1.20048
-0.296353
0.00832498
-0.365028
-0.0522375
0.0829129
-0.323219
-0.251634
0.0166097
NA
-0.30684
-0.0936122
NA
0.0297561
NA
-0.476386
-0.305155
NA
-0.0432634
-0.126734
NA
-0.325395
-0.14473
0.133683
-0.54284
0.0738465
-0.158207
NA
-0.38276
0.0446544
-0.385178
-0.323728
NA
-0.0380617
-0.405748
-0.00501511
-0.0508105
0.0608752
-0.0916765
0.071793
0.0733727
NA
-0.615226
-0.508355
-0.0454265
-0.0167053
-0.386037
0.0215099
-0.500756
-0.246278
0.0422005
-0.188249
0.00920264
-0.410679
-0.833298
-0.195752
-0.201208
0.0621365
0.0523791
NA
0.0446426
0.0757091
0.0712269
-0.451169
-0.390565
-0.434803
0.00786382
0.103491
NA
0.0765942
-0.0155994
-0.31394
-0.141962
NA
-0.373862
0.00234869
0.0853557
0.102271
-0.0331175
-0.048579
NA
-1.33045
0.0750629
-0.576991
-0.663337
-0.441239
-0.10524
0.0125763
-0.236626
-0.0691814
-0.0821311
0.0766008
-0.00272179
-0.174916
-0.357652
-0.495451
-0.183359
-0.196042
-0.466433
-0.359681
0.0568758
NA
-0.0123617
-0.0874573
0.0454716
-0.670267
-0.386414
-0.602831
0.044867
-0.218401
-0.393249
NA
-0.522431
0.0650571
0.0961063
-0.00592053
-0.623277
-0.0599377
0.0411132
-0.990183
-0.273045
0.0426213
0.0674641
0.0461127
0.0864506
-0.00740619
-0.024425
-0.191193
0.0211722
0.0175351
-0.457789
-0.232384
-0.406884
-0.47681
-0.334237
-0.335061
NA
0.0573793
0.0866441
0.0671073
-0.24585
-0.0918012
-0.326542
NA
0.0815894
-0.188776
-0.360885
-0.386894
-0.366809
-0.564822
-0.146067
0.0769871
-0.818684
0.0294419
-0.321131
0.065801
NA
-0.125192
-0.456426
-0.400478
0.0655668
0.0223696
-0.181006
0.0108057
-0.334887
0.083897
0.00303201
-0.318597
0.0407426
0.157338
-0.587648
NA
-0.0589642
NA
0.375341
0.0434728
0.00771825
-0.27482
-0.570716
NA
-0.260412
-0.999981
0.0208289
-0.572805
-0.248823
-0.645328
-0.352568
-0.0631752
0.0143204
0.0194556
-0.0293549
NA
-0.0704829
0.0612605
-0.522389
NA
NA
-0.100098
NA
0.0576086
0.0342458
0.129653
0.0264417
NA
0.0785487
-0.191373
-0.194606
NA
NA
NA
NA
-0.418934
-3.18
0.132773
-0.216247
-0.340109
-0.00164299
-0.0113623
-0.886147
0.067332
-0.41253
-0.0386511
-0.144936
0.0962616
-0.137822
-0.0294972
NA
-1.05388
-0.386245
0.044163
0.0414966
-0.0480138
-0.509494
-0.268655
-0.53811
0.0325089
0.07778
0.0167309
0.0754695
0.0625075
NA
-0.390461
-0.195936
0.904148
0.0347311
0.103656
0.0685165
-0.00912128
-0.000737769
NA
0.0714288
-0.921558
-0.0621323
0.0224937
-0.535388
0.0541347
-0.00682563
0.0193997
0.0440501
-0.0852935
-0.365127
0.0777584
-0.786419
-0.303501
-0.0630533
-0.462631
0.055712
-0.338359
-0.076555
-0.304697
-0.0264697
0.0644697
0.0729653
NA
NA
-0.732067
NA
0.0682368
0.0701511
NA
-0.0726008
0.0540347
-0.0931421
0.00542386
NA
-0.401811
-0.642165
NA
-0.0600427
0.0625575
-0.242766
NA
-0.743916
0.0656757
0.197826
-0.62226
-0.236697
0.0887241
0.0517063
-0.191309
0.074793
0.0553212
-0.187307
-0.126393
-0.250876
-0.218816
0.033008
0.0248027
0.0661939
0.0497838
0.0596438
-0.00769766
0.0318729
0.0941936
NA
0.0285412
-0.792502
-0.238259
-0.607283
-0.196101
-0.579499
-0.281104
0.0982234
-0.67596
-0.270137
-0.153981
0.0611019
0.119475
-0.710271
0.0468832
-0.132127
-0.143481
-0.210097
-0.441221
NA
-0.219783
0.0488217
-0.090594
-0.702469
-0.170741
0.0249796
NA
-0.269657
-0.305433
-0.193386
-0.554576
-0.137618
-0.15939
0.0796545
-0.384401
-1.29442
0.0733818
-0.223786
0.0688951
-0.24382
-0.151647
-0.145936
-0.161974
-0.025526
0.000278105
-0.404644
-0.0462573
0.035833
-0.325292
NA
0.0277988
NA
-0.0770528
0.0117385
-0.506043
-0.46085
-0.120685
-0.473496
-0.125997
-0.275746
-0.164438
-0.335529
-0.116196
-0.336922
-0.0600743
-0.502566
-0.139151
0.0309232
-0.304558
0.0659652
0.045263
-0.582576
0.0703492
0.0536131
-0.0291078
0.060448
NA
NA
-0.681606
NA
0.0482256
NA
0.0664938
-0.135358
0.0802138
0.0654855
NA
0.0462469
-0.570494
-0.358484
-0.349282
-0.00811007
-0.466971
-0.5195
0.0379366
0.108626
-0.211366
0.0699846
-0.745464
0.0608406
-0.697455
0.00465984
0.0937375
-0.399715
0.0911306
0.0453013
NA
0.0578045
-0.0542175
0.0229403
-0.177198
-0.489656
0.00606268
-0.213805
-0.0883508
-0.375299
-1.2011
-0.631836
0.0230277
-0.48607
NA
0.0720645
-0.213564
0.0982688
NA
0.113165
-0.459354
-0.499322
0.0658111
-0.63187
-0.516613
-0.453318
-0.613868
-0.1153
-0.427432
-0.276906
0.0588717
0.0163178
0.0842605
NA
NA
0.0719181
-0.0354994
-0.184741
-0.487333
0.0798398
-0.498642
0.105706
-0.0809959
0.0299573
-0.447083
-0.343463
NA
-0.387573
NA
NA
0.294402
NA
0.0452724
-0.753642
0.0308263
-0.607484
-0.241862
0.0714561
0.112669
-0.608272
0.128459
NA
NA
-0.13696
-0.117429
-0.26102
NA
-0.0825613
-0.81023
-0.17111
-0.24968
0.130294
-0.270832
-0.341398
0.0691359
0.0468642
-0.668613
-0.441667
0.0427136
-0.213468
-0.0997582
-0.29296
0.0711853
0.00629514
-0.376763
NA
-0.153829
NA
-0.199993
-0.113324
0.068756
-0.0519108
0.0468006
0.076294
-0.71084
NA
0.076777
-0.303329
-0.493148
-0.170993
-0.745871
0.0612429
0.0750798
-0.259618
0.0558659
-0.63281
-0.170278
-0.650993
0.0276008
NA
-0.605503
-0.146075
-0.431443
0.203303
-0.153413
-0.785423
0.0974792
-0.376301
0.0613376
NA
-0.421095
0.0197518
0.043604
-0.0260709
-0.302055
0.0329604
-0.0670263
0.0794669
-0.191562
-0.0688777
-0.0091927
-0.166968
-0.0782056
-0.83977
-0.0109315
-0.326034
NA
-0.32162
-0.110756
-0.368269
-0.355846
0.133576
0.010025
-0.205116
-0.408782
-0.22145
-0.138663
0.000463102
-0.29438
-0.188767
-0.258148
0.0682687
-0.0516022
-0.398818
0.0394477
0.0296377
NA
-0.221952
NA
-0.203703
-0.368842
NA
-0.455642
NA
-0.354152
-0.145839
-0.222269
0.0455221
0.0402664
0.0531333
-0.280223
NA
-0.295355
-0.233452
NA
0.10148
-0.506625
-0.332318
-0.480713
-0.030745
-0.399319
-0.630104
-0.450373
-0.450037
-0.0142088
-0.548175
0.0662008
0.184286
-0.57738
0.0401612
-0.199969
-0.0656935
NA
-0.615618
0.0366444
-0.06939
-0.297233
NA
-0.912896
-0.338335
NA
-0.438174
-0.043245
0.10596
-0.40705
-0.00597364
-0.231073
-0.538209
0.0723265
NA
0.0444877
0.0175909
-0.0566274
-0.240403
-0.15916
0.00313408
0.13887
-0.168673
-0.750194
-0.331507
0.055505
-0.555431
-0.378112
-0.319306
NA
-0.195537
0.109074
-0.580429
-0.0896586
0.0732438
-0.373337
-0.10944
-0.673991
-0.458728
0.0440541
0.0127943
0.0116572
0.0723788
0.0694793
0.167509
0.0911474
-0.784618
-0.38722
2.69005
0.0611114
-1.1623
NA
-0.274775
0.0423319
0.0952441
-0.210331
-0.437497
0.0491789
0.511777
-0.419301
-0.451982
0.0447737
0.080432
-0.556731
0.0916207
NA
0.0907211
-0.906149
-0.105008
-0.0431352
-0.384756
-0.325014
-0.00901118
0.069655
-0.0625209
-0.445363
0.0158576
-0.0414381
-0.321576
-0.44532
NA
-0.0476144
-0.548622
0.0673192
-0.65902
-0.134724
0.0543614
0.0339035
-0.0303501
-0.0520332
0.0167198
-0.255001
-0.178619
0.108693
-0.630028
-0.308702
NA
0.0649255
0.0698392
-0.247969
0.0223881
0.0669631
0.0800997
-0.551814
0.0539536
0.0733857
0.112188
-0.355899
0.0834504
-0.244944
-0.0249471
-3.6094
-0.226735
NA
-0.182666
-0.499184
0.0465013
0.0812297
-0.512614
-0.0129098
-0.345397
-0.384628
0.349671
0.0463012
0.0845538
0.0413701
0.0716341
0.0442874
-0.314141
-0.73073
NA
0.0668407
-3.51
-0.241778
-0.334105
-0.539257
-0.760943
NA
-0.116854
0.0649611
-0.201385
-0.384312
-0.848946
-0.0192778
-0.00378631
-0.440431
0.0926538
-0.316308
-0.454304
0.00356484
NA
-0.349833
0.00600678
-0.273477
0.0486638
0.0678278
-0.311629
0.0414346
-0.416753
0.137887
-0.0578608
0.0652204
0.120046
0.00900777
-0.282648
0.000570086
0.0985625
-0.377291
-0.76929
NA
-0.0444773
-0.0405143
0.066178
0.0930572
-0.0708227
0.0857964
-0.754379
0.0845867
NA
-0.36582
-0.211903
0.0738603
-0.58444
-0.0627231
0.0265024
-0.337988
0.0705573
0.0923102
-0.137787
-0.595401
-0.440491
-0.0963313
0.0027562
NA
-0.723436
NA
-0.597397
0.0780154
-0.0913442
-0.478348
-0.280921
NA
-0.342301
-0.0982412
0.1036
-0.607776
-0.140511
-0.365244
-1.06021
NA
NA
NA
0.0835484
-0.0983759
0.106675
-0.00436994
-0.0983155
-0.071565
-0.888666
0.0938652
-0.420154
0.0777782
-0.504366
0.0759674
-0.463751
0.00787549
0.0580447
-0.132486
-0.389241
NA
-0.427488
NA
0.0379564
0.06928
0.10969
-0.374249
-0.382444
-0.539537
0.0172742
-0.23421
-0.584537
-0.215951
-0.0894331
-0.347026
-0.0578375
0.0666306
-0.177959
-0.0935501
-0.27695
-0.423546
0.0398299
NA
-0.35745
-0.01773
-0.140146
-0.0289691
-0.223974
-0.0488792
-0.122511
0.243731
0.0212279
-0.780094
-0.394455
0.066124
-0.615481
0.0722222
0.0385693
NA
NA
-0.267228
-0.38815
-0.291886
NA
NA
NA
-0.157262
-0.433004
-0.233797
0.0924625
0.00976712
NA
-0.177182
-0.0774667
-0.439728
0.0675092
-0.308787
-0.611953
-0.337463
0.0317796
-0.578493
-0.220053
-0.5452
-0.350978
-0.000487527
-0.442601
-0.655725
-0.193152
0.071086
0.0726869
0.0810324
-0.616469
-0.465464
-0.501855
-0.0669708
-0.484807
-0.637412
0.0735222
-0.72056
-0.365867
-0.183465
0.0377495
NA
-0.251061
0.00298767
-0.554664
-0.0851173
-0.245881
-0.0273425
0.0477028
-0.545727
-0.585684
-0.0142427
-0.177417
-0.668715
NA
-0.174463
-0.441325
0.0281216
0.0737109
0.0403211
-0.313723
-0.0323582
-0.124515
0.0839718
NA
-1.29002
-0.404986
-0.403142
0.0889172
-0.45526
-0.0632464
-0.628438
0.0287019
NA
-0.0203112
0.0783606
NA
0.065055
-0.58455
0.0897901
0.0464255
0.0852817
0.103085
-0.226018
0.138053
-0.446585
NA
-0.505937
0.0225076
0.0454708
-0.347129
NA
-0.029749
-0.244413
-0.323448
0.0214929
-0.341833
NA
0.129008
NA
0.070524
0.0633737
NA
-0.178456
-0.572588
-0.126681
-0.184602
-0.117498
-0.110511
-0.388396
-0.101095
0.0123421
NA
-0.498437
0.0079058
-0.0839879
-0.276503
0.198012
-0.534331
-0.38998
-0.330133
-0.0168815
-0.246339
0.112815
-0.732835
-0.149158
-3.6258
-0.555166
-0.8811
0.0056492
0.00487857
-0.167442
-0.00440909
-0.821144
0.100397
-0.274713
-0.201435
0.0690414
-0.602132
0.00518802
-0.202468
0.0403922
0.0476034
0.0364609
-0.0568878
-0.331444
-0.244607
-0.0184069
-0.531409
0.0194693
0.0801976
-0.440425
0.059978
-0.0498858
-0.244838
-0.0791299
NA
0.0553205
0.0181571
0.0938075
-0.0565128
0.11698
-0.42201
0.0406583
-0.411204
-0.161333
NA
-0.715063
-0.301967
0.00245139
-0.0108333
0.0496075
-0.665668
-0.29834
-0.0554716
0.0697533
-0.0279874
-0.555487
-0.2629
0.072318
-0.0129954
-0.0976396
-0.0529059
0.0127226
-0.727744
-0.0178925
NA
0.0590431
-0.188127
0.0013002
-0.0473387
0.0633687
0.0689369
-0.593412
NA
NA
-0.351763
-0.208875
0.0683704
-0.446931
-0.71013
NA
-0.228001
-0.817896
0.104769
-0.378398
-0.435138
-0.295921
0.00537292
-0.439693
-0.102131
0.0768478
-0.406404
-0.676656
0.0274968
-0.343324
-0.275888
-0.466585
0.0837137
NA
-0.00766218
-0.547542
0.332954
0.057446
0.0165652
0.116927
NA
-0.228124
NA
-0.0914568
-0.525635
-0.0858428
-0.0557046
0.0778001
0.0418329
0.163046
0.0947693
0.105227
-0.131429
-0.16511
0.192
-0.537554
-0.243764
-0.629251
-0.00889116
-0.734964
NA
-0.169705
0.0693894
-0.598638
0.0459271
0.0642985
-0.000811429
0.0527092
0.0336755
-0.673064
NA
-0.415599
0.01285
-0.327513
-0.0727286
-0.382825
0.0706367
-0.345119
-0.0815682
-0.0668986
0.0264959
0.0468175
-0.284632
-0.0621792
NA
0.0445706
-0.143746
0.0807637
0.0651579
-0.181281
-0.589866
-0.0146578
-0.0170187
0.0724737
0.0440204
-0.46847
0.0792025
-0.0993476
0.0709652
0.0723301
0.0608086
0.0430046
-0.172122
-0.27696
-0.187288
-0.138241
-0.30037
0.0722518
NA
0.0787392
NA
-0.143341
-0.3945
-0.358831
0.38012
-0.304779
-0.351922
-0.0511891
-0.214329
-0.114202
0.0808142
0.0183914
-0.142422
NA
0.00566846
-0.0780769
NA
-0.532889
-0.457744
0.067852
0.0826341
-0.235275
0.0781215
-0.291538
-0.83132
-0.0900249
0.0470135
0.068121
0.0610722
-0.419472
-0.381502
0.43497
0.0467849
0.0774452
-0.0681054
-0.331667
0.0471297
-0.174639
0.179082
-1.48654
0.0690548
-0.00370154
0.204581
0.0290021
0.078079
0.0220253
-0.0434693
-0.343673
-0.0327088
-0.608634
NA
0.0656939
0.0393881
-0.597895
-0.312267
-0.160733
0.097501
-0.629642
0.0620088
0.0951052
0.0136549
0.0454439
-0.198769
0.0673431
0.00919909
-0.737906
0.0444417
0.0735526
-0.296309
NA
NA
-0.217483
-0.342653
-0.553347
0.0708253
0.0168295
-0.0995397
0.0241269
-0.30099
-0.283319
-0.118974
-0.495885
-0.206699
-0.334961
NA
0.0913164
-0.70871
-0.41085
-0.555882
0.0737796
-0.386088
-0.116986
-0.263902
-0.068446
-0.0302596
0.0436084
-0.27987
0.0601094
0.0707349
0.00578414
0.0637102
-0.429687
0.0191392
-0.846221
-0.671972
0.116384
-0.904445
NA
0.0690179
0.0456319
-0.600459
NA
NA
0.0188925
-0.0109411
-0.485529
NA
-0.208689
0.0851245
-0.23847
-0.250182
-0.152166
-0.00326651
0.0579521
-0.416048
0.0802921
0.0760692
-0.646131
-0.593955
0.0560149
NA
0.0199125
-0.707734
-0.138696
-0.436271
NA
-0.0653054
0.0308332
0.0638576
-0.105894
0.0166345
NA
-0.0731643
-0.187163
-0.311288
-0.502601
-0.327317
-0.22164
-0.587935
-0.134163
0.0336482
-0.162487
-0.553684
-0.0546993
-0.191086
0.0564952
-0.0439003
-0.306604
NA
0.0459535
-0.258339
-0.0123521
-0.313789
-0.0609576
0.0401881
0.0726771
NA
NA
0.00518965
0.0390406
0.0623815
-0.326794
-0.804985
-0.28278
-0.432746
-0.481541
0.0451229
0.0670919
NA
-0.252761
2.5851
-0.0310812
0.0778052
-0.783601
-0.242161
-0.0148759
-0.603211
NA
0.048137
0.039118
-0.493926
-0.100911
-0.313483
-0.0855753
-0.165574
NA
0.0744618
-0.703034
-0.171825
0.0578282
0.0819136
-0.115835
-0.0386297
NA
NA
-0.231817
0.112932
0.0858821
0.0451092
-0.681464
-0.0443222
-0.393164
0.0328673
-0.723287
-0.0513294
NA
-0.422492
0.0807624
-0.17058
-0.132253
-0.471445
NA
-0.00540177
-0.145451
-0.499067
-0.29882
0.0610164
-0.618979
0.0177273
0.0855103
-0.0162558
-0.399381
-0.687199
-0.274715
NA
-0.00738747
0.0483289
-0.575807
-0.0426906
-0.48688
0.00975483
-0.179848
0.0707756
-0.0134305
NA
NA
-0.521221
-0.86269
0.0937129
-0.67188
-0.0622791
-0.148167
-0.0140144
-0.523684
0.0598523
0.0453259
-0.472238
0.0590535
0.0392475
-0.362437
-0.0934483
-0.514278
-0.249542
-0.00513382
-0.372444
-0.557353
NA
-0.494834
-0.0473553
0.0748388
-0.13044
-0.800732
-0.0126944
0.0448741
-0.599573
-0.458491
-0.297559
-0.518745
-0.227501
NA
-0.0813152
-0.510293
-0.00301616
0.0733596
-0.709164
0.0445577
-0.248851
-0.00773608
0.0913613
-0.270757
NA
NA
-0.0251594
-0.179231
0.128123
-0.452638
-0.278206
-0.299984
-0.669509
0.0690817
0.0843692
0.0794383
0.0784487
NA
0.054164
-0.257096
-0.277321
0.00328069
-0.785839
-0.395952
NA
-0.457479
-0.829525
-0.00884015
0.0502787
-0.729457
-0.720312
-0.0964526
-0.521373
-0.457188
NA
0.0739286
-0.484396
0.0205853
-0.558063
-0.00180633
-0.021361
-0.0869161
-0.382325
0.0197062
-0.0241091
0.0133569
0.099566
0.0773187
NA
-0.352913
-0.538262
NA
-0.204373
NA
NA
-0.295457
NA
-0.33415
-0.508732
-0.446207
-0.372561
-0.10199
0.0287983
-0.0225448
0.0752787
0.0439136
-0.447199
-0.331098
-0.650048
-0.546248
-0.0824445
-0.264257
-0.0180179
NA
-0.304891
-0.553496
-0.0795939
0.14879
-0.420488
-0.291449
-0.585476
0.0514675
-0.372259
-0.549821
-0.184612
0.0113068
-0.228398
0.036621
NA
-0.54939
-0.233434
-0.746098
-0.277961
-0.209661
0.0503763
-0.0696114
-0.427616
0.0562216
-0.190214
0.0951402
-0.00944997
0.0109305
-0.602891
0.020884
-0.502379
-0.415844
-0.322424
-5.06173
-0.109621
0.320537
-0.46793
NA
-0.341781
-0.426075
NA
-0.0825622
-0.557267
NA
NA
-0.208643
-0.51853
-0.034491
NA
-0.185222
-0.205192
-0.622087
0.0688206
-0.452685
0.1442
0.0670092
0.0542081
-0.432022
0.00182682
-0.260996
NA
-0.174479
-0.0746977
0.107175
-0.206056
0.609001
0.0843845
0.0316465
0.0787939
-0.23362
-0.00195547
-0.401239
0.0831364
-1.38
0.0157927
0.0464426
0.0940848
0.056034
-0.186461
0.0806086
-0.325336
0.124255
-0.532296
0.0272879
-0.214127
-0.396405
-0.824356
0.0898761
-0.459591
-0.379392
-0.390185
NA
0.0448668
-3.305
-0.181101
0.0325284
-0.478
0.0184411
-0.416664
-0.00960223
-0.300683
-0.387154
-0.169771
-0.03905
0.0641532
0.0692895
0.0820904
-0.102155
-0.0632919
-0.0884286
-0.112084
-0.253892
-0.39646
NA
0.0685489
-0.0822491
-0.482221
-0.555197
-0.475956
-0.369719
-0.0529768
-0.270502
-0.562156
-0.216333
-0.549648
NA
-0.635007
-0.1777
0.0948153
NA
-0.157656
-0.239345
0.0358632
-0.334708
0.073778
NA
-0.198196
0.0632651
0.0305484
-0.376924
0.011097
0.095586
NA
-0.363542
-0.424913
-0.0315677
-0.129243
-0.629403
-0.501018
-0.260185
-0.156014
-0.286911
-0.192287
NA
-0.604551
-0.373827
-0.398674
-0.179445
0.048495
0.0230166
0.0342023
-0.213232
0.0223143
-0.602366
0.0617446
-0.825677
-0.211402
-0.0778021
NA
-0.233186
0.0919573
-0.44364
-0.146165
-0.301274
-0.145711
-0.0106434
0.0334016
-0.0274647
-0.47933
0.0701333
0.10933
-0.348972
0.0757254
0.0944482
0.0460065
-0.26175
0.0792146
-0.448901
0.0934872
0.0789129
0.058985
-0.295474
-0.549321
NA
-0.193675
-0.660524
-0.416811
-0.0746874
-0.208399
-0.0401295
NA
0.0786048
0.0552468
-0.417356
-0.586861
-0.105341
0.0933295
0.077752
0.0463043
-0.645696
0.086857
-0.0914181
0.0570643
0.0400517
-0.0678569
-0.533928
0.0409051
-0.399553
0.0583763
NA
NA
-0.0961808
-0.0809959
0.0186295
-0.263274
-0.00021544
-0.364684
-0.576124
-0.693078
-0.771932
-0.135941
NA
0.0706986
-0.0781107
-0.188321
0.00299075
-0.564942
-0.238576
0.0408638
-0.269005
0.0284115
-0.395065
-0.340068
-0.514515
0.0189203
-0.247619
-0.671103
-0.413345
-0.234175
0.064409
0.0437108
-0.412112
-0.769774
0.0442654
-0.1406
-0.19208
0.0836499
NA
0.072212
0.00894046
-0.404597
0.017513
-0.340558
-0.360755
-0.375354
-0.00562226
0.0925554
-0.531706
-0.215822
-0.115204
-0.340128
-0.000620111
0.0735112
-0.244228
0.0170985
-0.677523
0.0990681
-0.419215
0.0680285
-0.549551
-0.104937
-0.112233
0.0446391
0.0336619
0.0764131
-0.363041
0.0178568
-0.18256
0.0495025
-0.422613
0.0132832
-0.788295
-0.33562
0.0448422
-0.609366
-0.708203
-0.16245
-0.325213
0.0795926
NA
-0.561482
-0.210811
0.0215986
NA
-0.323787
0.0697082
-0.248323
-0.376375
-0.235773
-0.0024156
-0.270432
0.0743393
0.0719357
-0.109971
0.0480609
NA
-0.724966
-0.161583
0.0371035
-0.29213
-0.0264029
NA
0.0490012
-0.109604
NA
0.0715752
-0.0559472
0.0674628
-0.407071
-0.129838
0.15496
-0.333617
-0.103867
0.0492033
NA
-0.104404
-0.0660512
-0.133293
-0.0385549
-0.519229
-0.148203
-0.2809
-0.171899
0.0666932
-0.149312
-0.607404
-0.52079
-0.546856
-0.689789
0.0664919
NA
NA
0.0637888
NA
0.0570781
-0.431513
NA
0.121401
0.0363922
0.073159
0.0197189
0.0569415
-0.110237
-0.00967613
-0.335639
0.0586725
-0.0614445
-0.569935
-0.359652
-0.258801
0.0488505
-0.466408
0.0196977
0.0900864
0.0710678
-2.80205
-0.0903033
-0.46338
-0.391236
0.0316562
0.0450094
-0.390757
-1.17552
0.0258654
-0.401439
-0.0132061
-0.432038
0.0426065
0.0035391
0.0031316
0.0174741
0.164146
0.029963
0.0015212
0.00906429
-0.531285
-0.3643
-0.266967
-0.692578
-0.130875
0.0536587
0.0701204
0.0993706
0.0677347
-0.409976
-0.4823
0.045117
NA
-0.207229
-3.5
-0.617458
-0.0706687
-0.119481
NA
0.0686751
0.0190204
-0.165067
-0.49892
0.0333385
-0.297061
0.0705545
-0.315786
-0.281805
0.0459928
-0.423325
NA
0.060391
0.00402208
-0.158237
0.0417993
0.064034
NA
-0.65389
NA
0.0871211
-0.0514009
0.0646468
-0.240683
-0.126679
-0.968121
-0.537289
0.0288925
NA
-0.666795
-0.0392757
0.0527492
-0.182896
-0.0783269
0.0736519
0.0457205
0.00956004
-0.360668
-0.488306
-0.293793
-0.0145961
0.0330224
-0.498818
0.0601479
-0.124384
0.0630991
NA
-0.127717
0.00218084
-0.0817346
-0.509517
-0.236412
-0.507591
-0.119662
0.138917
0.0797782
-0.114131
-0.465738
-0.158677
-0.645537
-0.286885
-0.324675
0.0705347
-0.22037
-0.255547
-0.509577
0.0282492
-0.288568
-0.156637
NA
0.0258668
NA
-0.20972
-0.368607
0.107015
0.0304
-0.476047
-0.348077
-0.136331
0.0134394
0.0468487
-0.159489
-0.0852913
-0.0279193
-0.303212
-0.0131406
0.112093
0.0845941
-0.313694
-0.0774333
-0.25904
-0.314536
-0.27474
0.0738566
-0.372607
0.000130753
-0.519424
-0.256859
-0.389724
-0.331658
-0.24018
0.0513683
-0.289271
-0.381509
0.0485596
-5.10711
-0.0201938
NA
0.0556228
0.0138967
-0.0125692
0.0738749
-0.186563
0.0138023
-0.074836
0.055813
-0.321182
-0.0337536
0.0748091
-0.537035
-0.0836517
0.0715948
-0.122676
0.0679684
-0.454338
-0.355567
-0.673797
-0.0413608
-0.247143
-0.627752
0.00229347
-0.542536
-0.180665
-0.0628956
0.0711937
0.0768308
-0.58716
NA
-1.96366
-0.60912
-0.0271909
-0.392298
-0.574452
-0.499495
-0.136979
-0.659086
NA
-0.544594
-0.547111
-0.234219
-0.355472
-0.539276
-0.328588
-0.250301
-0.306737
-0.18771
-0.555501
-0.355225
-0.254941
-0.518706
-0.443458
-0.236752
-0.231711
-0.0126454
0.0638524
-0.360735
0.0445199
0.00997117
-0.353474
NA
0.280311
0.0807833
0.0681608
0.00162437
-0.0614538
-0.225056
-0.232018
0.0765268
0.0637479
-0.28168
-0.267146
-0.808112
0.13393
0.0746366
NA
-0.00647235
-0.349739
0.070985
0.00901509
-0.639951
0.037344
-0.0747835
NA
-0.298852
-0.229267
-0.12778
-0.459747
-0.283721
0.0441882
-0.441401
NA
-0.590238
0.0734853
NA
0.0458425
0.0525205
-0.855451
NA
NA
0.0918553
0.0908459
-0.349575
-0.579245
NA
0.0356458
-0.474469
-0.020253
0.0569971
-0.296029
NA
0.081537
0.0979263
-0.00348582
0.0786793
-0.268528
-0.178066
NA
-0.595801
0.00331748
-0.488504
-3.61461
NA
-0.366734
-0.284944
-0.225783
0.0408375
-0.444562
-0.220963
-0.232949
-0.213939
NA
-0.527294
-0.17266
-0.544448
-0.522159
0.0555949
0.071575
-0.548377
NA
0.0590397
0.0931226
-0.109289
NA
0.0414433
0.00317508
-0.336465
-0.0210385
-0.450252
0.0749737
-0.136428
0.0727949
0.0681907
0.0497553
0.0142334
-0.222637
0.0153265
0.0582497
-0.0914722
-0.0563937
-0.400398
-0.00808536
0.0372206
-0.0796028
-0.444134
-0.441774
0.0813973
-0.524833
-0.217178
0.0320909
-0.100037
-0.0394761
NA
-0.345925
-0.470562
-0.0538884
-0.474162
0.0576138
-0.498546
NA
0.0719216
0.0455792
-0.0239404
-0.319671
-0.532454
-0.391914
-0.338627
0.0105178
-0.254435
0.0275014
-3.455
-0.084569
-0.0708282
-0.577304
-0.033834
0.0458539
-0.55652
0.0789553
NA
-0.00607877
-0.611766
-0.703737
-0.0921586
0.0681618
0.0851938
0.06847
0.273853
0.0668309
-0.078154
0.0375761
0.0792223
-0.151546
-0.620187
0.0663762
NA
-0.221753
-0.107052
0.0403174
0.0430696
-0.423815
-0.750518
0.129306
-0.325723
NA
-0.50917
-0.125342
0.0126846
-0.177491
-0.552134
-0.382424
-0.314486
0.0594808
-0.171275
NA
-0.0452426
-0.0196319
0.0795624
-0.335797
0.105445
0.105098
-0.650758
-0.237011
NA
-0.184045
-0.282696
-0.519859
-0.48225
-0.101735
NA
-0.194717
0.0767098
-0.426069
-0.404147
-0.231578
0.00826529
-0.0124518
-0.664812
NA
0.0398002
-0.741858
NA
-0.294616
-0.374458
-0.663883
-0.0473295
0.0518
-0.080937
-0.168711
0.079879
NA
-0.47726
0.0314513
-0.409968
-0.00516026
0.0756468
-0.248346
0.0549088
-0.375362
0.0572129
NA
-0.22824
-0.39794
-0.699011
0.0725671
-0.661923
-0.0538611
-0.785482
-0.436462
0.0761435
0.0462582
-1.03635
-0.0147762
0.0137092
-0.559163
-0.448532
0.0334087
-0.589351
0.0100924
0.044381
0.06038
-0.862569
-0.117623
-0.341907
-0.0657861
0.0894141
0.0930818
-0.588167
0.0642765
-0.684562
-0.61107
-0.25201
NA
-0.765299
-0.363546
0.068107
-0.175449
-0.458554
0.0466583
-0.157728
-0.515958
-0.729263
NA
-0.0288118
0.0711281
0.170393
0.0723999
0.0456194
-0.371331
-0.0248811
NA
0.0782596
-0.272675
-0.212012
-0.447669
0.0346947
0.0334324
NA
-0.420593
NA
-0.360197
0.0634571
NA
-0.62895
0.0703911
NA
0.0602429
NA
-0.397773
-0.403465
-0.381434
0.0650241
0.0519851
0.0690259
0.036839
-0.162726
-0.0309787
-0.383995
-0.12196
-0.574198
-0.517989
-0.390383
0.0100473
-0.46895
-0.283351
0.0703252
-0.0211428
-0.068223
-0.216032
-0.0478079
0.0431618
-0.00119929
-0.614136
0.0722742
-0.0437867
-0.617272
-0.68742
0.0658084
-0.00906413
0.0434801
0.0751036
0.070341
-0.133048
-0.105905
-0.0944814
-0.588974
-0.0785714
-0.466165
-0.844341
-0.135419
0.051617
-0.280604
-0.326134
-0.518893
NA
0.06326
-0.10459
-0.33528
NA
-0.375983
-0.386968
-0.310991
-0.740662
-0.317188
-0.447216
-0.0920835
-0.563452
-0.43574
0.0493492
0.107288
NA
-0.55211
-0.049437
0.0822717
-0.0624585
0.0455319
0.0433949
-0.665791
-0.531331
0.111564
-0.354496
0.0162445
-0.203605
NA
0.00252149
-0.399966
-0.086646
0.0412269
-0.299013
NA
-0.143026
-0.11114
0.102504
0.113873
0.00592078
0.0802328
0.073029
0.097396
-0.221231
0.0101948
0.0792229
-0.0669021
-0.813594
-0.0847205
0.103933
-0.0257703
0.0803112
-0.405137
0.0580756
0.0903283
0.0998891
-0.422813
-0.480121
0.0222197
-0.381546
-0.974617
-0.583046
-0.507876
0.0222068
0.0669498
NA
NA
-0.0170897
-0.928879
0.0631261
0.0380633
-0.345168
NA
0.0513021
-0.0518573
0.0646711
-0.385826
-0.327104
0.0388491
0.0367585
0.0239983
-0.19231
0.0399935
-0.507849
-0.379449
-0.00989124
-0.334408
-0.00893028
0.218671
-0.745207
-0.0646256
-0.286496
0.0296967
-0.685659
-0.206631
0.0786762
0.024758
-0.305906
-0.165173
0.0173158
0.148466
-0.293108
NA
-0.333695
-0.460424
0.0533369
NA
0.066184
-0.5964
0.0671715
NA
-0.176465
-0.625928
-0.737251
-0.220326
-0.629778
0.0392375
-0.619181
0.0401388
-0.643933
-0.0205478
0.0490725
-0.620511
-0.0152011
-0.5435
-0.894848
NA
-0.0898716
-0.0575179
-0.684943
-0.106286
-0.590099
0.0366424
0.0731505
0.0467035
-0.0267666
-0.116235
0.0683278
-0.00963697
0.0414712
-0.738918
-0.27695
0.0518
-0.0519473
-0.3345
-0.435585
-0.477339
-0.178062
-0.0644327
NA
-0.285382
-0.0279122
-0.464015
-0.0022457
-0.150087
NA
-0.503105
-0.25584
0.0399003
-0.0453405
-0.0868834
0.0367462
-0.0498327
NA
-0.290995
0.0607489
-0.599567
-0.518297
-0.432965
-0.334367
-0.738664
0.0446476
0.0318967
-0.123954
-0.482478
NA
-0.630723
-0.353127
-0.478492
0.0588529
-0.540524
-0.0423701
-0.296765
0.0793973
-0.512537
NA
-0.309382
-0.4834
-0.258394
-0.372776
-0.559808
-0.754185
-0.0269482
-0.395118
0.0364835
-0.0123219
0.0760367
0.0642668
-0.14962
0.0758421
-0.725741
0.0129122
0.070735
-0.940947
-0.0905548
-0.00108562
-0.30836
-0.400382
0.0656729
-0.661068
NA
-0.0164969
-0.193551
-0.30433
0.0431786
NA
NA
-0.137033
-0.614561
-0.748108
NA
NA
0.0642182
-0.340259
-0.695154
-0.380287
-0.798469
-0.605935
-0.332468
-0.513823
-0.318432
-0.361441
-0.0328897
-0.0162686
0.0979238
-0.477808
-0.379931
-0.63311
0.0690328
-0.266189
-0.217704
-0.270983
0.0795362
0.0745336
0.0655636
-2.73468
NA
-0.607558
-0.0914737
-0.288032
0.0115463
-0.186084
0.100989
-0.114048
-0.606275
-0.117953
-0.553802
0.014089
-0.335786
-0.0723058
-0.220208
0.00437056
-0.254459
-0.505553
-0.426199
-0.269013
0.077396
0.0619218
-0.623568
NA
0.0285414
-0.00102871
-0.247039
0.185662
-0.499349
-0.317352
-0.479034
0.00891032
0.0859666
0.0784663
0.0253034
-0.150989
-0.120858
0.0337913
0.0662647
0.0453404
0.0151762
0.0241721
-0.342883
0.0330837
-0.387131
-0.216986
-0.151538
-0.312143
-0.750713
0.0791469
0.0837302
-0.113058
-0.0457223
0.023135
-0.188996
-0.143809
0.0709908
0.00758447
-0.530322
-0.313996
-0.142515
0.026747
-0.172272
0.0467242
NA
NA
-0.403095
-0.433132
-0.902234
0.0813273
0.0872241
-0.586902
0.0730407
-0.542414
-0.0805827
-0.0906229
-0.332816
-0.708259
0.0719129
0.0236099
NA
0.142453
-0.185653
0.023557
-0.711093
NA
-0.582596
-0.223842
-0.216826
-0.451125
-0.286691
-0.0818738
NA
-0.14811
-0.0671744
-0.208391
NA
-0.56377
-0.205228
0.0377826
-0.00274352
-0.894965
-0.167255
0.32218
0.07125
-0.226912
0.068433
-0.236346
-0.37235
-0.284687
NA
-0.0407817
-0.0287176
-0.0994504
-4.31217
-0.365791
-0.190318
-0.180322
0.0637291
-0.26831
-0.517116
-3.94035
-0.0664438
-0.21656
0.0379733
0.0782617
-0.417606
0.0752152
-0.0228477
0.0365676
-0.161934
NA
0.0445006
0.0909615
0.0434049
-0.229756
0.0677715
-0.111727
-0.175848
0.00955353
-0.527636
-0.043514
-0.592308
-0.6739
NA
-0.414692
-0.388821
-0.439587
-0.229021
-0.137612
NA
-0.0312584
0.0611679
-0.55065
0.00127786
-0.305057
-0.152152
0.0620439
-0.157732
0.0685686
0.253845
0.0457282
-0.514109
0.0640309
-0.147697
-0.325678
-0.360446
-0.139687
-0.543542
0.0858417
0.07281
NA
-1.0721
-0.483158
-0.00867829
-0.237742
-0.437161
0.0162489
0.00294511
-0.178795
-0.0587886
0.00721265
-0.411617
NA
0.106491
-0.463106
-0.180954
0.055039
NA
-0.0484909
NA
0.0543848
-0.422464
-0.212805
-0.290588
-0.115005
NA
-0.397883
-0.535738
-0.0952319
0.0182885
-0.348543
-0.598817
0.0957809
-0.0458761
-0.215984
0.0772855
0.092962
-0.160192
-0.00844619
NA
-0.00698105
-0.0760122
-0.214127
0.0254605
-1.1728
-0.398073
-0.546701
-0.413547
NA
0.016055
0.0541379
0.0598781
-0.570717
-0.480796
-0.596501
-0.000706306
0.0995722
-0.554767
-0.963691
0.000208396
-0.206611
-0.0122754
-0.0975713
-0.0476533
0.0338124
0.0669815
-0.0724529
0.0819676
0.0215843
0.0523112
-0.606172
-0.292901
-0.301112
-0.0345339
0.0747236
-0.14702
-0.374614
-0.10227
0.324886
0.0907752
0.0825987
-0.569016
-0.336016
-0.668191
-0.258429
-3.02
0.085752
-0.227719
0.122213
0.0747961
-0.325631
-0.209869
-0.397662
-0.165799
0.0742749
0.115139
NA
-0.690148
0.00669947
0.0421561
-0.353811
0.0789151
0.0698808
-0.606205
-1.77685
0.071963
NA
-0.0426491
-0.586645
-0.193932
-0.342054
-0.74983
-0.528401
-0.494977
0.044044
-0.180659
-0.212107
0.13223
NA
-0.0772987
NA
-0.599393
-0.507833
0.012897
-0.744138
-0.260506
-0.0121179
-0.0508787
-0.355548
0.0628276
-0.270888
-0.00365794
-0.518098
-0.239985
-0.0427716
-1.92
-0.554875
-0.330927
-0.294263
0.0632131
0.00497548
NA
0.00367025
0.0592486
-0.722822
-0.249069
-0.465877
0.0396656
-0.238398
0.077284
-0.0751332
-0.370333
-0.333698
0.0870352
-0.664961
-0.1674
-0.659633
-0.173664
-0.826636
-3.94113
-0.00112003
0.132039
-0.211588
0.0437513
NA
-0.137543
-0.575553
-0.30856
-0.308725
-0.13785
-0.223865
-0.604371
-0.113721
NA
0.0670391
-0.68507
0.0703135
0.0483879
0.0332564
0.0261461
-0.0126041
-0.41397
-0.504047
-0.113377
-0.729795
-0.565583
-0.0879006
0.0398986
-0.162951
-0.0321748
0.0810509
NA
0.0601656
-0.044774
-0.381025
NA
-0.332912
NA
-0.0787644
NA
-0.657992
-0.515559
0.0675651
0.0706113
0.0679685
-0.216938
-0.0165434
-0.111632
0.0929233
-0.483761
0.0273655
0.0175738
-0.166243
NA
0.00427439
0.0655638
-0.609725
-0.0898708
NA
-0.301044
-0.0137564
0.0911834
0.00336759
-0.149136
-0.128325
0.0589882
-0.441594
0.0968658
0.0342637
-0.271508
0.0150942
-0.00726649
-0.0933485
0.0885626
0.119478
-0.334294
-0.0381356
-0.297584
0.0613541
-0.372461
0.101994
-0.563033
-0.0997806
-0.15544
0.048659
0.0796044
-0.505387
-0.552645
-0.0969117
-0.237495
0.018631
-0.332253
-0.272011
-0.24615
-0.168869
-0.0314982
0.0642946
-0.100498
-0.46037
-0.216091
NA
-0.137284
-0.57963
-0.588382
0.0532196
NA
-0.0391157
-0.183685
-0.372308
-0.134157
-0.00990418
-0.305984
-0.811241
-0.123221
-0.101351
NA
0.0446054
-0.0270269
-0.0832017
0.037365
0.0344293
-0.0631231
-0.173703
-0.549332
-0.388246
-0.472379
-0.480669
-0.618783
NA
0.0481147
-0.644705
NA
NA
-0.0112367
0.0830772
NA
0.0682604
-0.363101
-0.530686
0.108235
-0.017625
0.0438687
-0.130655
-0.00632668
-0.933317
0.0729962
0.115559
-0.741682
0.168051
-0.401028
0.00796215
-0.22937
NA
0.047833
-0.112775
0.0266772
-0.568272
-0.551882
-0.286854
NA
-0.435931
-0.321919
0.0620138
-0.148824
-0.300414
-0.862976
0.0746704
-0.134386
-0.577363
-0.479486
0.00423874
-0.0148777
0.0521843
-0.0132105
0.075075
0.0674732
0.0740206
-0.192241
-0.212777
-0.430839
-0.388133
-0.203896
-0.888065
-0.226373
-0.447659
0.068508
-0.36788
-0.310909
-0.250874
NA
-0.345043
-0.456707
-0.588249
-0.449503
0.0599756
NA
-0.28832
0.0712767
NA
-0.0364386
-0.456518
NA
-0.11234
0.12579
-0.550302
0.0782053
-0.654715
NA
0.0644627
-0.492563
-0.206598
0.0844441
-0.0191033
-0.174372
NA
0.0660521
-0.454691
0.0768948
-0.871213
-0.129587
-0.657346
-0.201059
0.0667692
NA
-0.213398
NA
0.0757458
0.0767303
-0.165364
0.01364
-0.142086
-0.189215
-0.37105
-0.332126
0.0099667
0.000743229
-0.684452
-0.272235
0.0929875
-0.36748
-0.688435
0.00487165
0.00821724
-0.017003
NA
-0.0601642
-0.576711
0.064105
-0.564598
-0.482003
NA
-0.00106419
-0.416247
-0.325467
0.0202789
0.0938013
0.0985821
0.0701531
0.0258908
-0.0687799
0.0490124
-0.171522
-0.00374569
0.0537543
-0.405947
0.0450841
0.0460634
-0.870363
0.0818873
-0.435916
-0.653749
-0.298596
0.0252301
NA
0.148948
-0.219826
-0.520497
-0.313798
-0.489197
-0.0927072
-0.362873
-0.162742
-0.350494
0.0270421
-0.64745
-0.180814
-0.215426
0.0279843
0.0588519
0.0360963
0.0424446
-0.379013
-0.18698
-0.860355
-0.373569
0.0602937
-0.755625
-0.796555
0.104279
0.0646543
0.0690117
0.0700249
-0.534706
NA
-0.153671
NA
NA
NA
-0.252807
0.0543591
0.114206
0.0308904
-0.0128933
-0.599961
0.0984026
-0.0253242
0.0329233
-0.0317108
