-0.0474925
-0.416649
NA
-0.237109
-0.736817
-0.171891
0.0192331
0.289576
-0.338086
-0.290342
-0.157592
0.0460143
NA
0.0886088
-0.457882
0.0937129
-0.366433
-0.610055
-0.133048
-0.320738
NA
0.0483289
-0.489046
-0.407919
0.0883841
0.0700492
0.0453171
-0.176879
-0.165224
-0.195026
0.0745808
0.0451041
0.00735969
-0.36896
-0.0929772
0.0879315
-0.56017
-0.365666
-0.101264
-0.304298
-0.0799841
-0.327092
0.0660773
0.0369907
0.0462469
-0.3579
-0.299506
NA
-0.00951723
NA
-0.190846
0.12841
NA
-0.453925
-0.0654844
-0.113756
-0.340129
0.0793092
0.014781
-0.198995
-0.241963
0.0306188
0.0328673
-0.244201
0.0467748
-0.445557
-0.151647
-0.401961
-0.713846
-0.059463
0.0451092
0.0683799
-0.393164
0.0571742
-0.146995
-0.0513294
-0.108982
-0.367051
-0.471422
-0.566917
0.0561729
-0.0383555
0.0444329
0.0425805
NA
-0.102394
-0.250382
-0.0437867
-0.0169456
-0.560542
-0.235998
0.0768739
-0.11071
NA
0.00451184
-0.320647
-0.335529
-0.0423014
0.330456
-0.18708
-0.189993
NA
-0.361049
0.0412469
0.0505429
NA
-0.681615
2.5851
0.0778052
-0.333825
0.0118386
NA
0.178315
-0.342819
-0.153881
-0.201581
NA
-0.777689
-0.28278
NA
-0.363546
NA
0.0691073
-0.0530398
0.00374403
NA
-0.295301
-0.187029
-0.231817
-0.110416
0.0778369
0.105834
-0.701367
0.078711
-0.20189
-0.0131549
NA
-0.620977
NA
-0.528846
-0.181063
NA
-0.451988
-0.141121
0.0448413
-0.385251
-0.193386
-0.0794025
-0.567515
-1.07347
-0.518454
-0.0158744
0.0863523
-0.367503
-0.341486
NA
-0.129165
-0.278564
NA
0.0336482
0.0443508
0.0886516
0.0605098
NA
-0.346907
0.0483849
-0.0343807
-0.301681
0.0771695
0.0572129
NA
-0.268037
-0.311288
-0.205468
-0.00802788
NA
-0.46536
-0.0595533
-0.0195352
-0.331531
-0.738792
-0.348632
0.0721419
-0.157782
0.0401881
0.0296472
-0.05078
-0.392528
-0.171114
NA
NA
-0.134313
-0.401026
-0.13644
-0.862569
-0.42629
NA
NA
-0.17122
-0.335739
-0.0182913
0.0781499
-0.313789
-0.557393
-0.270168
-0.0284763
-0.258339
0.106716
NA
-0.148091
NA
-0.192679
0.0287889
-0.919589
-0.388507
NA
0.0249772
0.050278
0.796557
-0.553496
0.149145
0.0514675
0.0644413
0.11833
-0.462379
0.0513408
-0.0267666
-0.441781
-0.452105
-0.224569
-0.602891
-0.302055
0.102563
0.0885894
0.12925
-0.221153
0.0549279
NA
NA
0.0868752
-0.117295
-0.241263
-0.322245
0.0556311
-0.0696114
-0.552044
NA
-0.0919562
0.0477123
-0.420393
0.0575174
-0.0896858
NA
-0.0137139
0.0903331
-0.273662
NA
-0.61903
NA
-0.463088
-0.721476
-0.278119
-0.0979196
NA
-0.0366126
-0.668613
0.092038
NA
-0.4108
-0.140516
-0.295457
NA
-0.238613
-0.580972
0.196208
0.0513021
-0.34692
0.00607979
-0.721378
0.0133569
0.0354954
-0.445913
-1.00972
-0.26102
-0.407727
-0.000930689
NA
-0.140468
-0.12656
NA
NA
-0.0734061
-3.07
-0.135749
-0.136115
-0.0537548
-0.493148
-0.0949934
-0.264257
-0.362661
0.0208894
-0.583345
-0.326368
-0.286496
-0.118263
NA
-0.199993
-0.364813
-0.704076
-0.455469
-0.348706
-0.165173
-0.24383
NA
-0.305906
0.0460158
0.00115362
0.0784487
0.0747869
-0.11783
-0.233732
-0.159665
-0.0724207
0.0222197
-0.444215
-0.609894
0.0917907
-0.498642
-0.512535
-0.537421
-0.571872
-0.523455
-0.014712
-0.260591
-0.0614755
-0.18059
-0.33773
-0.351103
-0.416919
-0.562219
-0.37622
-0.297903
-0.194803
-0.297173
-0.183108
-1.07224
-0.289414
0.0883281
0.0165548
-0.595397
-0.0830366
0.0878368
-0.457188
-0.344681
NA
-0.190371
0.0639389
-0.167718
NA
0.0481366
0.0691954
-0.22408
0.0497046
0.0954887
0.0978093
0.181043
-0.0669406
-0.340046
0.0436257
NA
-0.17499
0.705829
0.04799
NA
-0.00143553
0.0781695
0.0744126
-0.322284
0.0775849
NA
-0.460499
0.00164676
0.167939
-0.0473553
-0.413906
-0.00319877
-0.117652
0.00607807
-0.47822
0.0628358
-0.712802
-0.143026
-0.255136
-0.365179
NA
-0.122301
-0.150587
-0.278767
-0.224833
-0.141368
-0.577477
0.0605157
0.110134
-0.214111
0.0594848
-0.133876
-0.0167144
-0.50897
0.0898983
-0.100812
-0.28861
0.0775873
0.121778
0.0445362
0.0447536
-0.275157
0.0674288
0.0784174
-1.00035
-0.0914737
0.0269134
-0.119971
NA
-0.1988
-0.503549
0.0630004
-0.266189
-0.066641
-0.128864
-0.245467
0.0691979
-0.0199524
0.0147574
0.0694858
0.0493911
-0.231399
-0.216333
-0.0182676
-0.645093
-0.585354
NA
-0.21375
-0.35756
NA
-0.556371
-0.00682167
-0.209726
0.0762653
-0.479628
-0.174445
-0.0903506
-0.244873
0.0230166
-0.861114
-0.0970632
-0.701024
0.0142254
-0.437497
NA
NA
-0.111779
-0.301182
NA
-0.224701
0.648279
NA
NA
-0.0262026
-0.535477
0.024411
-0.0737308
0.0444877
-0.167892
NA
NA
0.000682208
-0.418356
0.100319
-0.850993
0.0305293
-0.286332
-0.340559
-0.219749
-0.0026437
-0.215359
0.0396137
-0.514269
-0.68956
-0.569125
0.012369
NA
-0.49165
-0.627126
-0.292862
0.0408909
-0.580429
0.06977
NA
-0.279362
-0.0162686
0.0219362
-0.431482
-1.06914
NA
0.735898
0.074888
0.0091788
0.071814
-0.250554
-0.398509
-0.378417
-0.0423701
-0.0322132
-0.00474406
0.0659575
-0.332056
0.0285593
-0.295355
-1.12082
-0.509382
-0.076216
NA
-0.508986
0.10148
-0.369938
-0.213579
0.0479529
0.0244175
-0.257307
NA
-0.529757
-0.729331
-0.341992
NA
0.0332979
-0.265615
-0.858634
0.0588529
-0.515489
0.107175
-0.108534
0.0548758
-0.214127
0.0122162
-0.29406
NA
-0.199969
-0.231601
0.0758421
-0.264318
-0.0832089
-0.394206
0.0425838
-0.101696
-0.328186
0.0614768
0.0444552
-0.375046
0.12015
-0.398096
0.0293029
-0.431767
-0.460927
-0.55209
-0.508144
-0.569895
-0.100276
0.0874843
-0.296331
0.0892084
0.250538
0.104718
NA
0.0508459
NA
-0.283821
0.11843
-0.395197
0.0704821
-0.0466028
0.0374241
-0.437493
-0.433293
-0.0812203
-0.373047
-0.173993
0.0701684
-0.371043
0.0485986
0.0656694
-0.00889727
-0.607839
0.163005
-0.134831
-0.0862509
-0.572873
-0.126308
-0.111358
-0.0051526
-0.217993
0.0394477
-0.159878
-0.00998849
0.0908184
NA
NA
0.0727382
0.0496637
-0.0951608
-0.501771
-0.418708
-0.279588
-0.101222
-1.84488
0.0628835
0.0723592
-0.0818334
0.0656918
-0.38652
0.0777265
0.0452201
0.0721731
0.0637291
-0.111777
-0.109041
0.0715367
-0.175657
0.0804719
-0.522561
0.072212
0.0527814
-0.495742
NA
0.250494
-0.171121
0.0674848
NA
0.112355
0.120377
-0.645256
0.0773782
0.0925554
-0.143393
-0.423628
-0.544347
-0.925893
0.0379733
-0.526686
-0.69759
NA
-0.536419
0.0793307
-0.247038
NA
-0.352692
-0.141968
-0.215076
NA
NA
-0.299398
-0.444942
-0.148118
-0.454646
-0.242173
0.0457967
-0.342623
-0.649823
0.0208824
0.0810901
-0.0887842
0.103733
NA
-0.714519
-0.265982
0.205828
-0.216826
-0.784441
-0.119879
-0.318052
NA
-0.342546
-0.372392
0.110254
0.0447549
-0.0671744
-0.263783
0.0682891
0.0433319
-0.143751
-0.709791
-0.205406
0.0574246
-0.453819
-0.640091
0.412087
0.0359035
NA
NA
-0.44783
-0.239864
0.00911255
-0.412112
-0.084875
-0.13256
0.0579022
0.18034
NA
0.123969
-0.288291
0.0484609
-0.240303
-0.0912602
-0.00378631
0.0655082
0.0730306
0.11591
-0.335839
-0.373934
0.105226
-0.128449
0.0496504
-0.178598
-0.10288
-0.164889
-0.392908
-0.502199
-0.489354
0.0539536
-0.473398
0.0275139
0.0999855
-0.273897
-0.0883536
-0.323896
0.037201
0.116747
NA
0.0534021
0.102932
0.0649255
NA
-0.328158
-0.536344
-0.231227
0.0646817
-0.528453
0.0730407
-0.708259
-0.400847
0.466585
0.0798395
-0.0961808
NA
0.0954839
NA
-0.240987
NA
-0.0496928
-0.140902
-0.107516
NA
NA
-0.111646
-0.248406
NA
-0.149615
0.0711885
-0.480768
-0.841857
-0.0955318
0.0729379
0.0670402
-0.34731
-0.503034
-0.226394
NA
0.511777
0.0454102
-0.137545
-0.361977
0.0887949
0.011868
-0.317352
-0.436481
-0.423061
-0.453575
-0.0643763
-0.610048
-0.623915
-0.133055
NA
-0.408455
-0.630028
0.100484
-0.336809
0.0915411
-0.358136
NA
0.0704679
-0.261405
-0.348972
-0.310911
-0.367605
-0.213397
-0.167315
-1.38332
0.0338124
0.0669815
-0.484807
-0.509272
-0.501855
0.071086
-0.458509
-0.160924
-0.177981
0.0886332
-0.603132
0.0363967
-0.343876
-0.0512417
0.00602491
-0.537583
-0.439728
-0.570717
-0.453526
-0.496329
-0.000706306
-0.000487527
-0.0610069
NA
-0.0476533
0.0967654
-0.64156
-0.442601
-0.0291625
NA
-0.309166
-0.45334
-0.245881
0.120408
-0.364933
0.0706226
-0.411176
0.0696021
0.0518
-0.258429
-0.246956
0.041703
0.0132011
0.0758744
-0.130365
-0.761563
-0.513356
-0.319901
NA
-0.104977
-0.567275
-0.282425
0.0859449
-0.497445
0.0364485
NA
-0.372398
0.0566864
-0.138998
-0.00632492
0.0885891
-0.619761
-0.147642
-0.339594
-0.611427
NA
-0.527438
-0.553128
-0.482193
NA
0.0321903
0.102826
0.0401967
NA
-0.0435556
NA
-0.189648
0.0138902
0.0866194
-0.689294
-0.0928726
0.0599741
0.0688381
-0.0780252
-0.480032
0.121012
0.0721685
0.0924625
0.0137757
-0.0987824
-0.63051
0.0716807
0.046458
-0.06723
0.0452055
-0.416945
0.114982
0.0154769
-0.431778
-0.409258
NA
NA
-0.305845
-0.632396
NA
-0.199262
0.106763
-0.110237
NA
-0.351436
-0.355061
0.0722584
NA
NA
0.0120593
-0.423292
0.0835484
0.0486363
0.0322909
0.253845
-0.314314
0.0429751
-0.360555
0.0611014
0.0273262
0.14912
0.0438203
-0.667652
-0.537828
-0.450444
0.0974157
-0.133293
0.0217029
NA
-0.327726
-0.0136258
-0.124133
0.0492033
NA
0.15496
0.0665878
NA
-0.363052
-0.15672
0.0861195
-0.39057
NA
-0.638685
-0.68247
NA
-0.415502
-0.426659
0.0735713
0.0319988
-0.197404
-0.369999
0.0780154
NA
-0.402567
-0.363005
-0.232691
0.0425588
-0.132465
-0.301815
-0.0605217
-0.191262
-0.523865
0.0782135
-0.708203
0.0605525
0.0677715
-0.302206
NA
-0.0450378
-0.425356
-0.17842
-0.212532
-0.0363774
-0.0219128
-0.538319
-0.451007
0.0705625
-1.06021
-0.821814
-0.157732
NA
-0.332559
0.0708739
0.0966516
-0.259348
0.09458
0.0442249
-0.216814
-0.777746
-0.213542
NA
NA
-0.0982412
0.0305491
0.0183393
0.113222
-0.764786
0.0392563
NA
-0.166103
-0.555929
NA
NA
-0.217586
-0.506759
-0.150665
-0.615593
-0.73727
-0.502854
NA
-0.0748279
-0.956873
-0.300904
0.0172486
NA
0.0181571
-0.504047
-0.331658
0.0608698
NA
-0.896178
-0.0498858
0.0316667
-0.463589
0.0406583
0.0479818
0.0796208
0.0696281
0.0481767
NA
-0.2629
0.0674287
0.00455193
0.0556933
-0.499144
-0.560093
0.345984
0.072318
0.0938732
0.0553028
0.0350462
0.039415
0.216195
-0.40413
0.0851616
-0.00210871
-0.247077
0.0674827
NA
-0.0283659
-0.183932
0.0624504
-0.575553
-0.137577
0.0741218
-0.8811
-0.462586
-0.995171
-0.815842
NA
-0.348077
-0.0810419
-0.0899411
-0.440783
-0.0934873
NA
-0.0907666
-0.497949
0.0282492
-0.443717
-0.525392
-0.528287
-0.156364
-0.291826
0.103901
-0.429826
-0.785104
-0.524604
0.109404
-0.244607
0.0299331
-0.492712
-0.210064
-0.246166
0.0645285
-0.586629
0.0194693
-0.0490997
0.103067
-0.25505
NA
0.0207085
-0.0776289
-0.0852913
-0.169218
-0.635791
0.0906827
NA
-0.578317
-0.159489
-0.209691
NA
-0.274832
0.011625
0.0552631
-0.342778
0.0746086
0.0954755
-0.161962
0.0609653
-0.0255576
-0.260506
-0.224169
0.0644431
NA
-0.270207
0.0656733
-0.572588
-0.600419
-0.269386
-0.410152
0.0503687
-0.123948
NA
0.0740872
-0.270418
0.129008
-0.591798
-0.471126
0.0752195
-0.672536
-0.19677
-0.14372
NA
0.208075
-0.234949
NA
-0.259236
-0.324675
-0.447595
0.0822078
-0.444116
-0.293793
0.0817325
-0.40613
-0.227569
-0.114394
-0.434752
NA
-0.11271
0.340801
-0.0839879
-0.402489
-0.0594279
-0.278942
NA
-0.551917
-0.124079
-0.421899
0.06292
-0.0529279
0.0463314
-0.599329
-0.308991
-0.0479211
-0.847024
-0.594055
-0.104947
0.073473
-0.00542681
-0.134112
-0.20455
-0.576047
-0.67401
-0.640685
-0.231502
NA
0.0921839
0.0993694
0.0737109
0.0441898
-0.342303
-0.266596
-0.213836
-3.5
0.106619
0.0195348
NA
-0.190059
-0.0323582
NA
-0.801309
-0.384014
-0.240683
NA
0.0713889
0.0459263
0.0335571
-0.346483
NA
NA
0.138053
-0.546526
0.129884
-3.09
0.000328726
-0.44596
-0.606205
-0.0037998
NA
0.0605744
NA
NA
NA
-0.297719
NA
-0.281295
-0.0947113
0.0954635
-0.290369
-0.548377
-0.0766708
-0.205019
-0.479486
-0.218124
-0.203227
-0.00752741
0.0699757
-0.47242
0.0423526
-0.200356
0.0800872
0.0792025
-0.46847
-0.280194
-0.232949
-0.0599377
-0.220963
-0.260352
0.0432371
-0.0957068
0.00971672
-0.468926
0.00101562
-0.796372
0.103029
-0.234071
-0.343356
-0.226373
-0.0775567
-0.14937
0.0959327
0.079456
-0.115689
0.0521843
-0.105498
-0.47681
-0.419732
-0.431986
-0.633873
0.176249
-0.522105
-0.626335
-0.0801025
-0.148881
0.0468232
-0.588216
NA
-0.0926079
-0.661943
-0.571451
-0.363101
-0.0815682
-0.270532
0.0626792
NA
0.0673709
-0.349991
-0.14469
0.0762248
-0.360795
0.0458425
-0.177656
-0.319376
-0.342331
-0.190363
0.0709065
NA
-0.183327
0.00283877
-0.276125
NA
-0.312757
-0.472379
-0.973774
NA
-0.275701
0.0402905
-0.512117
0.041531
-0.249231
-0.0276096
-0.727221
-0.220911
-0.602831
0.0691181
0.0767354
-0.393249
0.0651579
0.0753546
-0.197771
0.0358758
-0.218401
-0.296029
NA
-0.243314
-0.0645522
-0.259874
0.0684387
-0.429815
-0.242602
-0.533278
0.0175917
-0.70546
-0.384758
0.0468175
-0.16908
-0.170632
-0.0323378
0.0836822
-0.0421144
-0.545977
-0.114737
NA
0.0802894
0.0438948
-0.965455
0.00888559
-0.188249
-0.0455856
0.0165652
-0.24615
NA
0.0209948
-0.116079
-0.210886
0.0306427
-0.166098
-0.567485
-0.334932
-0.584739
NA
-0.32861
0.073816
-0.468624
NA
-0.459747
-0.634821
0.117362
-0.286421
-0.169705
-0.0631231
0.0902619
-0.210993
-0.161109
-0.00990418
NA
0.0748905
0.0312338
NA
-0.135418
0.0647785
-0.22631
-0.115126
-0.429878
0.0446544
0.119478
NA
-0.491759
-2.32066
NA
-0.551851
-0.00501511
0.0868311
NA
-0.228001
-0.0741725
NA
NA
-0.301044
NA
0.0464471
0.0662603
-0.565944
-0.31725
0.0127226
-0.0529059
0.0780036
-0.424112
-0.271508
0.0571486
NA
0.0911834
0.0392931
0.0417281
0.0747522
0.0682149
NA
-0.355309
-0.0280277
-0.113301
-0.406262
0.0441035
-0.0768868
-0.510996
-0.237495
0.0205698
0.0407499
NA
NA
-0.547111
-0.0370391
0.0768478
-0.50608
-0.0381356
0.0782861
-0.297584
0.0783134
0.0696619
-0.238481
-0.799002
0.101994
-0.281622
0.0794651
0.049185
-0.404147
-0.231578
-0.485529
0.0945176
-0.0762487
-0.567504
-0.0718204
-0.161875
-0.198658
-0.740845
0.0607568
-0.578643
-0.0928784
0.075076
-0.734248
0.042021
-0.208689
-0.260622
0.0398002
-0.00682563
-0.309221
-0.444117
-0.332691
0.0633667
0.0685165
-0.110856
0.0497195
-0.636106
-0.0927072
-0.534365
-0.634546
NA
-0.392284
-0.46945
NA
-0.791506
-0.477988
0.102228
-0.413565
0.0495378
-0.304697
-0.540539
0.0042424
-0.143332
NA
0.0703195
-0.2604
0.0440606
NA
-0.429326
-0.410742
-0.16663
-0.336198
NA
-0.479906
0.0756468
-0.00934579
-0.15821
-0.604496
0.0421188
0.00471052
-0.32406
0.0421923
-0.210015
-0.360899
-0.425905
NA
-0.252807
NA
0.0732691
-0.121583
0.108569
-0.0687799
-0.0210346
-0.037432
0.120543
-0.0113623
-0.323974
0.0942624
0.0663922
-0.459732
-0.531746
-0.201031
-0.137822
-0.00374569
NA
-0.144936
0.0437721
0.10693
-0.684103
-0.242412
-0.152405
-3.27
NA
NA
-0.0865659
0.0826626
-0.00148268
-0.0977436
-0.553738
0.0758855
-0.00106419
NA
-0.633476
-0.241302
-0.0492344
-0.815947
0.0570982
-0.0808834
NA
-0.448489
0.0693472
-0.650758
-0.354473
-0.336592
-0.0530832
-0.321337
-0.0282159
0.0465988
-0.204222
0.0322025
NA
-0.282696
0.0508791
NA
0.085493
-0.184045
0.4392
-0.671972
-0.263902
0.0707896
-0.0518938
-0.340499
0.104547
-0.183388
-0.0621201
-0.103092
-0.27987
-0.213398
0.273853
-0.127663
-0.526822
-0.0229338
NA
0.0580934
-0.270413
-0.632044
-0.174789
-0.413405
-0.681586
0.106998
0.0385333
NA
NA
-0.345803
-0.16247
0.0451831
0.00714462
NA
0.0475705
-0.299164
0.0675575
0.0542379
0.0186489
-0.0317621
-0.233056
-0.0916595
-0.339183
-0.0243732
-0.107691
NA
0.0612605
-0.29818
-0.0609839
0.0506665
0.00289225
-0.323286
-0.706257
-0.221994
NA
-0.151546
-0.0255836
-0.407795
NA
-0.125192
0.0749759
0.105783
NA
0.269282
-0.255973
NA
-0.474006
0.0810183
0.0170206
-0.0563937
-0.0133477
-0.036262
0.0648933
-0.0443919
-0.415515
-0.412328
-0.142422
-0.338628
0.0774452
-0.532454
0.00303201
-0.0484008
-0.723026
0.0724677
-0.0514755
-0.181006
-0.397079
-0.257602
0.029341
0.179082
-0.0859051
NA
-0.350582
0.117671
-0.0694307
-0.591582
-0.11234
