-0.100812
NA
-0.228403
NA
0.0567288
-0.0665666
-0.654638
0.0549159
-0.133876
-0.0883508
NA
-0.335031
NA
-0.241637
-1.05033
-0.365179
-0.435145
0.0798631
-0.399898
-0.694135
0.0791437
-0.72431
0.00164676
-0.13044
-0.856082
-0.294975
-0.576184
-0.411482
-0.0252679
-0.0765596
NA
-0.918966
-0.309587
-0.175314
-0.383485
-0.118443
NA
-0.0965094
-0.370476
-0.116394
-0.0168403
NA
0.0686013
-0.0375134
-0.297559
0.0759869
-0.117584
-0.139536
-0.26777
-0.304588
-0.633247
NA
0.0567172
-0.387573
0.0141625
NA
0.0152985
0.0543521
NA
-0.496377
0.0203215
-0.0756817
-0.216988
-0.600752
-0.101923
-0.543753
-0.143619
-0.652783
0.091799
-0.44817
0.0163178
-0.700308
-0.475368
-0.0301273
-0.674133
0.0830128
-0.521315
-0.45466
NA
-0.260591
-0.562219
-0.141063
-0.433442
0.0622734
0.0853443
-0.697522
0.0268363
-0.184741
0.0580756
0.0794383
-0.0724207
-0.233732
-0.901919
NA
0.121609
0.0173158
0.0724346
-0.340064
-0.326368
-0.633506
0.101969
0.0451105
0.0548768
NA
-0.224954
0.0419496
-0.441792
NA
-1.22921
0.0577169
0.0438303
-0.264257
0.0843921
-0.71084
0.0341822
NA
-0.742683
-0.229966
-0.0542704
-0.0697514
-0.475148
-0.541118
-0.363327
-0.407727
0.0197062
-0.0200014
0.0834659
NA
0.0321262
-0.345168
0.10383
NA
-0.00893028
NA
NA
-0.668613
-0.0662341
0.0989212
0.019542
-0.295457
NA
-0.349198
-0.613705
-0.449659
0.0903331
-0.721476
0.223092
-0.5162
NA
-0.564086
-0.111134
-0.913867
0.0345151
NA
-0.410934
NA
0.0464039
0.0562216
-0.254438
-0.36889
-0.589895
-0.0696114
-0.654647
-0.869592
0.00344225
0.0391565
NA
0.0243919
-0.0561756
-0.116235
0.0467035
-0.441781
-0.296804
-0.612053
0.0741946
0.0885659
-0.589765
0.0618515
0.0514675
-0.151252
0.0582997
0.14879
-0.307003
-0.0795939
-0.74501
0.149145
0.114104
-0.0446657
-0.5435
0.0305943
-0.556772
NA
-0.467927
-0.54939
-0.121566
-0.50414
-0.434004
NA
-0.456056
0.0830501
-0.0279037
0.0887779
-0.161365
-0.369389
0.0752257
0.0532654
0.0202275
0.0586961
-0.341907
-0.211348
0.06038
-0.862569
-0.410354
-0.589351
-0.335739
-0.126249
0.0373378
0.0887241
-0.258782
-0.437793
NA
0.0302847
-0.467768
-0.153331
-0.387385
-0.965442
-0.316924
NA
-0.4917
-0.416305
-0.684562
-0.153027
0.2121
-0.253122
-0.49429
-0.524167
0.110024
-0.443894
-0.343673
-0.280405
NA
-0.167297
0.00476843
0.0538307
-0.0726008
0.04022
0.0605098
-0.13194
-0.317946
-0.34788
NA
-0.138714
-0.191086
-0.0546993
-0.218631
NA
0.0332328
0.0698355
-0.355746
0.111886
-0.321437
-0.341486
-0.447994
-0.193386
0.0382486
-0.491106
-0.269657
-0.611938
-0.500172
-0.181063
-0.515585
0.0560628
-0.0522014
-0.449024
0.233132
0.080581
NA
NA
0.0602429
NA
-0.171656
0.0330833
-0.110416
-0.08466
0.0566272
0.0494976
-0.115186
-0.0946412
-0.137618
-0.465089
0.0286992
-0.132127
-0.680387
-0.453182
0.114867
-0.885785
-0.515958
0.045568
-0.28278
-0.481541
-0.00228763
0.0737146
-0.0861947
-0.0855753
0.178315
-0.821021
-0.128064
NA
-0.298914
-0.122539
-0.00493101
0.0908566
0.0856952
0.0947499
-0.0911871
-0.454544
0.0593139
0.0446648
-0.108588
-0.068223
-0.554413
-0.502566
-0.334197
NA
-0.448136
-0.336922
NA
-0.211445
-0.132253
0.330456
-0.160991
-0.579251
NA
-0.0187747
NA
NA
0.010844
0.0743469
0.0703492
-0.0162558
-0.373243
-0.182183
-0.442592
-0.11071
-0.0264783
-0.45189
NA
-0.0437867
-0.444759
-0.489582
NA
-0.231556
-0.103351
-0.471422
NA
0.0442428
-0.633003
-0.639811
-0.723287
-0.445557
0.0661455
-0.601522
-0.448519
-0.401961
0.0464276
-0.406501
-0.29386
0.0936528
-0.115078
0.0202111
-0.533392
-0.0084931
0.0313676
0.00974058
0.109742
0.0664282
-0.126875
-0.625975
-0.0712785
-0.0398036
0.104749
-0.0965557
0.0660773
-0.345397
0.0445493
-0.0934483
-0.35229
-0.593861
0.00170975
-0.312042
-0.130295
0.0375817
-0.466971
-0.0140144
NA
-3.25
0.0418853
-0.056836
-0.305791
NA
-0.0562065
NA
-0.166187
-0.275286
-0.230933
-0.407919
0.0302517
NA
NA
0.0689289
NA
-0.566324
-0.338086
0.0886088
-0.181111
-0.568674
0.0106031
0.0834111
-0.521221
-0.17206
-0.144176
0.051617
-0.60647
-0.241102
-0.162658
-0.320347
0.0192331
-0.43209
-0.436182
-0.348972
1.41799
0.0133328
-0.0192468
NA
-0.798497
-0.408485
0.01248
-0.0895452
0.00149465
-0.627822
-0.662736
-0.743125
-0.612537
-0.133055
-0.712863
0.0720681
-0.39078
0.0606275
0.237212
-0.954271
0.0916207
-0.556731
0.0844148
0.080432
0.0342023
0.0447737
-0.34462
-0.0760849
0.0222448
0.0941081
-0.222662
-0.347285
-0.422954
0.0401466
-0.000942298
0.0462046
0.0798976
-0.0233517
0.0831992
-0.107516
-0.476832
0.0400517
-0.284342
0.0611878
-0.557174
NA
-0.705194
NA
-0.926639
-0.660235
0.0931923
0.077752
-0.501825
-0.391538
-0.210893
NA
0.0769319
-0.280431
-0.331723
0.0803376
-0.732519
NA
-0.359411
-0.601783
NA
-0.509042
0.0404028
0.171403
0.0790041
NA
-0.00800742
0.0366649
0.0461031
0.0681392
-1.16741
0.0437577
-0.00172607
-0.0440971
-0.0807345
NA
-0.345024
0.0448718
-0.313996
-0.128449
0.0570064
-0.476898
0.0460527
0.064409
0.0740079
-0.0891941
0.105226
0.0699381
-0.118711
-0.389782
NA
0.0224783
0.0484609
0.0730306
0.0649273
-0.0192778
-0.0563858
-0.0814604
-0.627308
NA
0.0793239
NA
0.123969
0.0644776
-0.0159943
NA
-0.231788
NA
0.0730511
-0.235887
-0.872325
-0.455777
0.0367398
NA
-0.511218
0.0999611
0.0818625
0.0453209
-0.357237
-0.485775
0.0126072
-0.442283
-0.640091
0.0441377
-0.0606076
-0.025528
NA
0.0889475
-0.652662
-0.517085
-0.286691
NA
0.0781969
0.023557
-0.205541
NA
-0.335087
-0.269097
-0.117642
-0.34436
0.0981493
-0.502928
-0.678977
NA
0.0683168
0.0249686
0.0497259
NA
-0.527511
0.0468424
-0.322298
0.0437039
-0.503714
-0.525654
0.057375
-0.657132
-0.529993
-0.0999228
-0.215822
-0.190595
0.042888
-0.155603
0.100225
0.120046
NA
0.0644488
0.0383765
-0.360755
NA
-0.672093
-0.225625
-0.780598
-0.459188
-0.272952
-0.719309
-0.565483
0.0170985
0.168655
-0.244228
-0.0482531
-0.666435
-0.498694
-0.377291
NA
-0.617528
0.0483857
-0.150895
-0.454067
0.0340221
-0.646988
-0.205192
-0.0498327
-0.0868834
-0.318643
0.0292889
0.112442
-0.069914
-0.208643
0.0789085
-0.434092
0.0805867
0.0695224
-0.623132
-0.198704
-0.132047
-0.518297
-0.290995
-0.483671
-0.459922
-0.748392
-0.466936
-0.188767
-0.0797497
0.0933724
-0.572873
NA
0.000463102
-0.371043
0.0656694
0.0314532
-0.0835224
-0.0519473
NA
-0.233908
0.109997
-0.271501
0.0870755
-0.667597
-0.538207
0.119415
-0.32162
-0.283821
-0.132942
NA
-0.395118
NA
NA
0.0659291
-0.318118
-0.673494
-0.479659
-0.726995
-0.264308
NA
0.0684791
0.0689508
-0.224673
-0.704277
0.0167542
-0.105575
-0.574702
-0.501303
-0.397725
NA
-0.396405
0.0833117
-0.517816
-0.474849
0.0275037
-0.29406
-0.540524
-0.557846
-0.369586
0.0183399
0.0442291
-0.733988
0.0429808
NA
0.0479529
-0.492762
-0.215093
-0.650026
-0.443627
-0.508986
-0.506625
-0.242502
-0.309382
-0.0688105
0.0283245
NA
0.0183682
0.0771531
-0.464524
-0.676312
0.0236811
-0.102155
0.0309892
NA
0.0543458
0.0563861
-0.0922325
-0.449914
-0.555431
0.0649519
-0.0896586
0.06977
-0.561987
-0.401979
0.0979238
0.027779
0.0221327
-0.543099
0.0357688
0.0675952
-0.452566
-0.49165
-0.0026437
NA
-0.36356
-0.0442003
NA
0.0833346
0.03038
0.10596
-0.765556
-0.567021
0.0474024
-0.484211
-0.0153079
-0.574023
NA
-0.466591
-0.0566274
0.0175909
-0.569712
0.0853372
-0.193551
-0.293739
0.030489
-0.294748
-0.348266
0.0656729
NA
0.0144476
0.108608
-0.117296
-0.591057
-0.468953
-0.424913
-0.266919
-0.744843
0.0258147
-0.23046
0.00626708
-0.873928
-0.179445
0.169704
-0.00102871
0.0762653
NA
-0.286911
-0.231399
-0.137478
-0.399358
-0.0393629
-0.277091
-0.549648
0.0446275
-0.347593
-0.0199524
-0.426643
NA
-0.236034
-0.373337
-0.269275
NA
-0.286835
-0.0762648
-0.344893
0.0630004
-0.154804
NA
-0.60174
-0.503549
0.0666819
-0.05677
-0.359999
-0.592051
0.0784174
-0.111125
-0.119971
-0.374223
NA
NA
0.0444051
-0.576864
0.0708646
-0.476972
-0.029057
-0.488867
NA
-0.848848
-0.0204177
-0.178697
0.0789151
-0.00414656
-0.0610588
-0.212107
-0.56534
-0.156813
0.0290541
-0.546526
-0.110176
-0.419158
0.0464255
-0.58455
-1.6356
0.0909627
-0.203887
0.0778769
-0.00993018
-0.137096
NA
0.0463506
NA
-0.497552
0.0793896
0.0420684
-0.0243909
-0.174463
-0.360651
0.0407098
0.099442
-0.483371
-0.536173
0.0688738
-0.475005
0.112847
0.04518
-0.2828
-0.532602
-0.26624
0.0117403
-0.266847
-0.11271
-0.0193582
-0.0126781
NA
NA
-0.278942
-0.498437
-0.127717
0.0451515
-0.40613
-0.114394
-0.697514
-0.479911
-0.0145961
-0.39946
-0.17302
0.0279221
0.00958872
-0.276575
NA
NA
0.0592486
-0.345136
-0.246339
0.0532455
NA
-0.214944
-0.302682
0.0352763
NA
-0.599393
-0.212168
-0.44957
-0.304375
-0.428472
0.0752195
-0.0631857
0.073707
-0.924126
-0.311321
-0.270207
-0.958163
0.294647
-0.640805
-0.270888
-0.572588
-0.363077
NA
-0.17607
0.0679659
0.0457205
-0.498049
0.0843486
-0.426728
-0.283512
-0.619963
-0.260506
0.070524
-0.397243
-0.683435
-0.675075
NA
-0.68507
0.0620895
0.0690414
-0.201435
-0.0350419
-0.25505
-0.386782
NA
-0.454947
NA
-0.867088
0.0182194
0.0906827
-0.821144
-0.367095
-0.586629
-0.268306
-0.136652
-0.704865
-0.67902
0.103067
-0.596283
-0.0089495
0.0161571
0.0469078
-0.501649
0.0845941
-0.826636
0.103901
-0.117974
0.0770021
-0.366681
-0.0794458
0.0870352
-0.288568
-0.405751
-0.509577
0.0348239
0.0774054
-0.879659
-0.332636
0.0111014
-0.342344
0.00260535
NA
0.0648856
NA
-0.139472
-0.445157
-0.368607
0.000180784
-0.00112003
-0.37555
-0.00533463
-0.393662
NA
0.0591728
-0.321942
-0.0522375
-0.398521
-0.26653
-0.725887
-0.43271
-0.585501
-0.227736
0.072318
0.456185
-0.707869
-0.249722
-0.393483
0.050262
-0.279183
NA
-0.251634
0.0408182
0.0406583
0.0513683
-0.186658
0.00521723
-0.42201
-0.181862
-0.80119
-0.428316
-0.286831
0.0333468
-0.0166213
0.0549302
0.0766364
-0.266924
-0.0912112
-0.343276
-0.956873
-0.223417
-0.4087
NA
-0.556126
-0.73727
-0.00815736
-0.477647
-0.454971
-0.232403
NA
NA
-0.17211
-0.166103
0.0725896
-0.250082
-0.153866
-0.216814
4.93543e-05
-0.373453
-0.041202
NA
-0.690208
0.0911738
-0.0151347
-0.332559
-0.850727
0.0453983
-0.479756
-0.365244
0.0529908
-0.475313
0.0644944
-0.453372
-0.207773
0.0480609
-0.66548
NA
-0.549212
0.0445006
-0.241683
0.0492751
-0.788295
0.072527
-0.414692
-0.592308
NA
-0.337269
-0.523383
NA
-0.587558
0.0879948
-0.440491
-0.33236
-0.137942
-0.0457402
NA
0.072935
-0.521159
-0.124303
-0.103867
-0.32561
0.104439
-0.483216
-0.625192
NA
NA
0.0461647
0.0182885
-0.080428
-0.473298
0.070112
-0.301258
0.073746
-0.519229
-0.0562986
-0.0385549
-0.150002
-0.537828
-0.728769
NA
0.00911626
0.0611014
0.0490012
-0.071565
0.00233129
0.0438203
0.00435205
NA
-0.373458
-0.459052
-0.147697
0.106675
0.0789835
0.0457282
-0.0153651
0.0258042
0.0754244
-0.00109019
NA
-0.190924
0.103203
-0.209357
-0.66282
-0.181188
-0.178795
-0.321781
-0.376882
-0.597961
0.0643248
0.089681
-0.496258
0.0603202
-0.264638
0.106763
0.0740624
NA
-0.170647
0.0336635
-0.770377
-0.351436
0.0298828
-0.294538
0.0180669
-0.479947
-0.433672
-0.432014
-0.451538
-0.406341
0.0266709
0.0112369
-0.393954
0.0800022
-0.305845
0.0551833
-0.448942
0.047154
NA
-0.0819073
-0.258801
0.0716807
-0.375399
0.0778687
-0.406672
0.0653936
-0.428016
-0.607404
-0.405329
0.121012
0.0116087
NA
-0.218353
0.0398299
-0.348543
-0.0204563
-0.482193
0.0782529
-0.00844619
-0.310764
-0.0578011
-0.291133
-0.184945
-0.14702
NA
0.0771867
-0.899545
-0.648684
-0.333373
NA
-0.761563
-0.703141
0.0693557
0.0398306
0.0384532
-0.639949
-0.104977
NA
NA
NA
-0.545727
-0.497564
-0.471776
0.0132011
0.0714868
0.0993706
NA
-0.110238
NA
0.120408
-0.202248
-0.642758
-0.666853
0.100357
-0.0476533
-0.442601
NA
-0.299498
0.0204949
0.000208396
-0.537583
-0.412293
NA
-0.525292
-0.537296
-0.0656585
0.0735222
NA
0.117337
-0.167286
-0.0512417
NA
0.0434223
-0.382671
NA
NA
-0.585184
-0.40354
NA
0.0779391
0.149136
0.0782053
0.0435162
0.00726343
-0.265599
NA
0.0594302
0.069537
-0.350982
0.104157
0.179082
-0.393766
-0.0419885
-0.568021
-0.729745
0.0467849
-0.014593
0.0610722
-0.477004
0.0440294
-0.345043
-0.434898
0.101808
-0.250874
-0.412328
NA
-0.411844
-0.0270842
0.0582497
-0.245164
-0.276528
-0.372973
NA
0.0337436
-0.42972
-0.797722
0.105783
0.0443826
NA
0.0379839
-0.254561
-0.14986
NA
-0.26967
-0.706596
0.0099667
-0.151905
0.0604865
-0.223282
0.0324045
-0.424061
-0.487743
NA
NA
NA
-0.366245
-0.620187
-0.17943
-0.151546
0.0757458
0.0758575
-0.198769
0.0870692
-0.017003
-0.097421
-0.663986
-0.648068
-0.180424
-0.115623
-0.233056
0.0951052
-0.861473
-0.261368
NA
-0.2616
0.0447356
NA
-0.27482
-0.155329
-0.885454
0.105
-0.644844
NA
-0.104723
-0.345803
0.0288992
-0.0191033
-0.320357
0.00701956
NA
-0.0293549
-0.0362203
0.0573477
-0.111216
0.410081
-0.0665129
-0.751606
-0.0690601
-0.0404172
-0.272083
0.0313404
0.0743818
-0.165088
0.0130734
0.0620897
-0.0239393
-0.53811
0.0436084
-0.296418
-0.0621417
0.0838073
-0.60922
-0.555882
0.0509928
-0.0579039
0.116384
-0.53896
-0.462324
-0.161871
-0.0527879
-0.863723
-0.696744
-0.815947
0.0280358
-0.172362
-0.0530832
0.0826444
0.146423
0.00556408
-0.416247
NA
-0.368686
-0.216247
0.0804288
0.0840264
0.0906068
-0.639304
-0.737906
-0.119247
0.0945435
0.223528
0.0888984
-0.59695
NA
0.0465416
0.0931607
-0.224834
0.0258908
NA
-0.348729
-0.425355
0.0415108
0.0451847
-0.00974393
0.0421923
-0.825034
-0.360899
-0.0630533
-0.515064
-0.319912
0.0618108
-0.187831
-0.882486
-0.668593
NA
-0.611171
0.0784931
-0.155204
-0.037905
-0.117196
NA
-0.0618053
-0.79132
-0.618708
-0.849418
0.0756468
NA
0.0688233
-0.333055
0.0703195
-0.409968
-0.477148
-0.451724
0.135739
NA
-0.303026
0.0360963
-0.638267
-0.0632359
0.0306812
-0.567282
-0.0169017
-0.64745
0.0688149
NA
0.0204825
0.078686
0.0685165
0.208
-0.0537022
0.0186315
-0.600459
-0.389342
-0.636106
-0.663883
0.0622285
0.0713313
-0.159425
-0.130464
-0.153671
-0.332691
0.042021
0.0683751
-0.34962
0.0713556
-0.231578
-0.59652
0.106849
-0.921558
-0.510364
-0.3213
-0.40412
-0.0603298
-0.523544
0.000486487
-0.109956
0.0442362
-0.494022
-0.547111
NA
-0.539309
-0.123758
-0.611828
-0.246109
-0.286634
-0.659086
-0.20809
-0.246278
-0.117828
-0.412803
NA
-0.298396
-0.552645
-0.401651
-0.274333
0.0720321
-0.0581339
NA
0.0434831
-0.593412
-0.54719
-0.0842062
0.0863425
-0.236412
-0.241464
NA
0.0911834
NA
-0.249092
-0.291807
0.0242019
-0.0898708
0.088359
-0.565944
0.0518
-0.2912
-0.499495
-0.404852
-0.412904
NA
0.0695239
-0.325577
-0.351763
-0.446261
-0.545968
-0.504698
-0.374004
-0.123662
-0.129904
-0.629251
NA
0.0710768
0.0746366
NA
NA
-0.37841
-0.377786
NA
-0.181311
0.0778296
NA
NA
NA
-0.358329
-0.394229
0.0642985
0.0459271
-0.468624
-0.602058
0.0952295
-0.0112903
-0.283721
0.0215929
-0.187185
-0.110913
0.0824378
-0.424451
-0.100363
-0.0919005
-0.230993
-0.00302153
-0.338011
0.0713328
0.0638524
-0.965455
0.0678012
-0.478047
-0.72045
-0.545977
-0.38458
NA
-0.582679
NA
0.163046
NA
-0.544381
-0.371375
-0.0678095
-0.207973
0.0716717
-0.0442267
-0.313152
0.168853
-0.812255
-0.193734
0.0683351
-0.438386
0.084499
-0.533278
NA
-0.670267
-0.259874
-0.759986
0.0735409
-0.497112
-0.109812
-0.434284
-0.455486
0.0752269
-0.423243
NA
0.0454716
-0.585827
-0.138154
0.0568758
0.168051
0.0651579
0.0817742
-0.724793
-0.189626
-0.303736
-0.389949
-0.524897
NA
NA
-0.118012
-0.467109
-0.269436
NA
NA
-0.339486
-0.191901
-0.465711
-0.480669
0.0527092
-0.183857
-0.57332
-0.342331
-0.569093
-0.214044
NA
-0.105794
-0.0727286
-0.661943
NA
-0.373303
-0.230544
-0.0957011
0.354833
-0.80379
NA
-0.308953
0.0840426
-0.367557
-0.0331263
NA
-0.626335
0.176249
NA
-0.283403
-0.125602
-0.434091
0.120381
0.0706989
NA
0.0922699
0.0521843
NA
0.0548767
0.00944131
NA
-0.194918
0.0969094
NA
0.0633711
0.0866441
0.0778117
-0.104657
-1.01394
-0.581727
0.0171605
-0.444221
-0.256736
-0.551882
-0.290599
-0.508854
-0.260352
-0.280194
0.00276974
-0.0170187
-0.508591
-0.47242
-0.279199
-0.298615
0.0286761
0.0833806
-0.595039
0.00340266
-0.203227
-0.548377
-0.0888703
-0.901738
0.063493
-0.527294
-0.352107
