0.0798398
-0.459679
-0.574916
NA
-0.513438
-0.0418164
-0.102465
-0.620236
-0.229362
-1.1389
-0.620659
0.0228813
-0.00209295
NA
-0.128617
0.0811789
-0.0354994
0.0643741
-0.218997
0.103933
-0.725084
0.0830128
-0.427432
0.0619933
0.0588717
0.0661319
-0.155353
-0.370804
-0.453318
-0.0968981
-0.532083
-0.0473714
0.0891307
-0.523455
-0.0906741
0.0714561
-0.928879
-0.317878
0.112669
-0.129651
0.0672311
0.0861265
NA
0.0826009
0.0308263
-0.0740105
NA
-0.607484
0.0372146
-0.648968
-1.07224
NA
0.00812732
-0.119173
-0.387573
0.0765845
0.0134024
-0.447083
0.0355521
-0.10025
-0.970158
0.0729317
-0.283602
0.0282003
-0.00176869
-0.974617
-0.206097
0.0435921
-0.0326046
0.0714073
-0.392753
-0.250264
0.172703
-0.817908
-0.245816
-0.354496
-0.262488
-0.0193854
NA
-0.604155
-0.0700897
NA
0.0578045
-0.294975
-1.46038
0.167939
NA
-0.576154
-0.537318
-0.049437
-0.130444
0.0631458
0.0775849
-0.13185
-0.499322
-0.276243
NA
-0.358836
-0.410485
-0.63187
0.00592078
0.182488
-0.470093
NA
0.102504
-0.11114
-0.459088
-0.357547
-0.404471
-0.0910918
-0.345627
0.121778
NA
NA
-0.179821
-0.0998665
NA
-0.435714
NA
0.00252149
-0.138629
-0.452517
0.0511055
0.0133843
-0.631836
0.103163
-0.488552
-0.149171
0.0771321
-0.605503
-0.531213
0.071372
0.145585
-0.295868
-0.356484
-0.643933
NA
-0.625928
NA
0.0392375
-0.0677613
0.066184
-0.346509
0.0810294
-0.573355
NA
-0.478112
0.0383791
-0.496493
-0.258284
NA
-0.296604
0.0401127
-0.743846
0.0437311
0.0683278
-0.420685
-0.520444
0.0457394
-0.311405
0.0694831
-0.207617
-0.1809
0.0212917
-0.410934
NA
0.0159088
NA
-0.0919562
-0.869592
-0.2263
-0.345259
-0.174086
-0.0441419
-0.28797
-0.0662341
-0.158671
0.0474977
0.10383
-0.79579
NA
-0.0527667
-0.721476
0.0800656
-0.0548538
-0.270832
-0.485434
0.00817008
-0.579504
-0.452671
0.0800362
-0.433139
0.0399935
NA
-0.19231
-0.00509376
0.0513021
0.0579225
-0.012672
0.0633023
NA
0.429971
0.082679
-0.224954
-0.553388
-0.0750562
-0.461535
-0.387791
-0.00265514
0.0173158
-0.398206
-0.677802
-0.253803
-0.745207
0.0394166
-0.431852
-0.209616
-0.122539
-0.261555
0.0477329
-0.0383927
0.0714032
-0.482432
-0.10523
-0.821021
-0.368734
-0.143481
-0.371331
-0.478647
0.0456194
-0.401681
-0.27429
-0.515958
NA
-0.739348
0.07
-0.680387
-0.434964
0.043125
-0.175449
-0.0591972
-0.240041
-0.363546
-0.157728
0.0328251
-0.603932
0.079838
-0.113571
NA
0.0504133
-0.384401
0.0188687
NA
NA
NA
-0.15939
-0.228384
-0.137618
-0.407826
-0.171656
0.160394
NA
NA
-0.500855
-0.518454
-0.420593
-0.193386
-0.529058
-0.269657
-0.253472
-0.319375
-0.292846
-0.750084
-0.654045
-0.397369
-0.142807
-0.0148022
-0.752935
NA
-0.787522
0.0379834
-0.0531488
0.12724
0.0292866
NA
0.0192158
-0.320034
0.0332328
NA
NA
-0.229414
0.0759416
-0.629885
0.0441942
0.0750275
-0.210775
-0.536257
NA
0.0540347
0.148571
-0.188063
-0.0799028
NA
-0.227232
-0.765299
0.0555606
-0.183462
-0.153027
-0.0993199
-0.827132
-0.52166
0.097885
-0.618562
-0.00769766
-0.0595533
-0.588411
0.0457972
0.00579931
-0.421225
-0.0284763
NA
-0.410285
-0.208126
-0.515801
-1.23726
-0.0104063
0.033008
0.0202275
-0.625135
-0.654894
-1.59316
-0.366329
0.0832006
-0.389223
-0.236697
-0.674327
0.197826
NA
0.0675092
0.0661356
0.074793
0.0553212
-0.589351
NA
-0.634244
-0.240468
-0.116214
0.0796604
NA
0.051617
-0.719188
-0.0562065
-0.275286
-0.0785714
-0.153259
NA
0.109443
-0.383548
-0.242368
-0.366433
0.0302517
0.0427158
0.0924734
0.0744864
0.0647141
-0.544708
-0.260794
-0.696166
-0.466971
0.0451041
-0.382552
-0.420965
-0.0319761
-0.197306
-0.5195
NA
-0.0712785
NA
0.00672892
-0.386968
0.109742
-0.557088
0.0369907
0.0491601
-0.0729847
-0.33528
0.0288408
-0.46085
0.107922
NA
-0.463971
0.0100473
-0.417749
-0.34627
NA
0.0704974
-0.515119
-0.340014
-0.289647
-0.113756
-0.437349
-0.624844
-0.321746
-0.0383555
0.0690259
-0.125315
-0.0249601
0.0300607
-0.667046
0.0683799
-0.394145
0.0467748
-0.537974
-0.103016
0.0217238
-0.620279
0.00991674
NA
-0.617272
-0.235077
-0.0291078
0.045263
-0.45189
-0.0437867
0.0800787
0.0597702
-0.0870116
0.0289662
-0.063895
-0.384575
0.084672
-0.71271
-0.0500835
NA
-0.0187747
-0.160991
-0.0905753
-0.335529
0.0661851
-0.518435
-0.313996
-0.651905
0.0697544
-0.473398
-0.369289
NA
-0.10288
-0.164889
0.0711615
-0.530322
0.00758447
0.0709908
-0.459277
-0.308702
0.047222
-0.432409
-0.657399
-0.413987
0.136548
-0.129602
-0.265688
NA
-0.567477
-0.0930444
-0.832417
0.171403
-0.411702
0.0730407
0.0812851
-0.0129098
0.0872241
-1.11049
-0.902234
-0.0342502
-0.536344
-0.542414
-0.345397
-0.534192
-0.226735
-0.600197
-0.499184
0.0795125
-0.328998
0.0182424
NA
-0.153451
-0.347336
NA
0.0845881
0.137714
0.0769809
-0.841857
NA
0.0613499
-0.680809
0.0799407
-0.130178
-0.361076
0.00891032
-0.0138378
0.0107217
-0.317352
-0.0695699
-0.712863
0.0967032
-0.334278
-0.230658
0.511777
-0.260263
-0.0529841
0.00141787
0.0670402
0.023325
0.0786934
-0.211491
-0.482839
0.0390365
-0.120419
-0.923343
-0.148284
-0.262966
-0.980292
0.0794618
-0.0895452
-0.133055
0.0601188
-0.0263603
0.046444
-0.0686189
-0.0827667
0.138543
0.0999325
-0.116212
-0.0476144
-0.218421
0.0662647
-0.391728
-0.366144
0.00336014
0.0337913
-0.114104
-0.445845
0.0672563
0.0795991
-0.314465
-0.382712
-0.72406
0.0491979
-0.0216433
0.0216842
0.077696
0.000570086
-0.14672
-0.348717
-0.517459
0.071978
0.0714725
-0.155603
-0.358721
0.0674848
-0.155607
-0.483322
0.0280961
-0.189694
-0.672093
-0.551721
0.0938712
NA
-0.322298
-0.211903
-0.391134
0.0793307
-0.351665
NA
-0.529993
0.0715843
0.205828
0.115885
-0.174226
-0.279105
-0.600369
0.0457967
NA
-0.224371
-0.454646
-0.148118
0.0665746
-0.384312
-0.0818738
-0.52393
0.10363
0.0198798
-0.103441
-0.223842
-0.0649399
0.015835
NA
-0.185653
-0.487884
NA
NA
0.412087
-0.457673
-0.303157
0.0141054
0.32218
-0.406509
-0.273477
-0.509153
-0.145065
-0.0857571
0.0593062
0.0414346
0.0191219
-0.67659
0.0719665
-0.375317
-0.389782
-0.0131454
-0.327179
0.0740079
-0.114563
-0.299671
0.0182606
NA
-0.00626282
-0.00378631
-0.0278987
-0.440431
0.0113407
0.0704805
-0.199962
-0.451697
-1.1469
-0.565076
-8.46958e-05
-0.525801
-0.448649
-0.650026
-0.203246
0.0874448
-0.529523
-0.355709
-0.309382
-0.0571407
0.0283871
-0.233452
-0.424984
-0.252082
-0.574015
-0.0423701
-0.478492
-0.369586
NA
-0.017351
NA
0.0717322
-0.540524
-0.975804
0.0588529
-0.011644
-0.404954
NA
0.0332979
-0.354152
-0.0410593
0.0167542
-0.06939
-0.545014
0.0614768
-0.46608
0.0714577
-0.304567
0.088573
-0.297233
-0.183093
-0.112089
-0.0450885
-0.183185
-0.673494
-0.395118
-0.591732
-0.450037
-0.296925
NA
NA
NA
-0.16387
-0.569895
0.0705005
-0.32162
NA
0.0368077
-0.452951
0.0151462
-0.210745
-0.283821
-0.220814
-0.0225764
-0.295827
-0.35055
-0.0191015
0.01726
-0.258008
-0.294505
-0.0346113
0.0552799
NA
-0.113546
NA
-0.33113
-0.3345
-0.403381
-0.192807
-0.290105
-0.83977
0.0570452
-0.0916331
NA
-0.491792
-0.0906715
-0.160156
NA
-0.677855
-0.0519473
-0.610213
0.064466
NA
-0.27041
-0.683665
-0.359593
0.0973896
-0.188767
0.0736292
NA
-0.572873
-0.399601
0.0318895
-0.398818
-0.290995
-0.218992
-0.791
-0.695046
0.0628835
-0.22145
-0.469045
-0.0868834
-0.295954
0.0496637
0.0757654
-0.165212
-0.629194
0.0678408
-0.0105263
-0.230758
NA
-0.590325
NA
-0.417467
-0.553802
-0.154804
NA
0.0300977
-0.689268
0.167509
-0.491832
-0.288032
0.0440541
0.00777949
0.0860801
-0.00563814
0.0521086
-0.112441
0.0429003
-0.293437
-0.645093
0.0147574
NA
-0.333375
-0.168165
-0.514273
0.0313648
-0.424438
-0.277545
-0.377228
0.0856612
-0.680801
0.0470584
0.0908939
0.0163809
-0.70181
-0.618107
-1.03686
0.0142254
0.0592992
-0.00816725
-0.323881
-0.445344
2.69005
-0.644113
0.0943623
0.0498095
-0.00102871
0.0417521
-1.1623
NA
-0.468953
-0.0641987
0.122841
-0.505553
0.0131275
0.0619218
-0.289615
0.077396
-0.396859
-0.382837
-0.301734
-0.0723058
0.0836391
0.0911474
0.0580844
-0.254459
-0.47928
-0.521318
-0.240403
-0.599767
0.0515404
0.061988
0.13887
-0.167892
-0.0696499
-0.413337
-0.30836
NA
-0.360635
-0.36356
0.0762645
-0.486823
-0.537174
-0.912896
-0.0840441
0.0305293
-0.379621
0.0761085
-0.0955068
0.0362768
-0.00108562
-0.0324557
-0.21529
0.0979238
0.027779
0.0732438
-0.198637
NA
-0.788576
-0.605935
-0.356042
0.0650801
0.0500196
-0.122169
-0.226505
-0.503092
-0.375901
-0.509213
-0.141701
-0.464524
0.110559
-0.0983112
-0.505876
-0.614561
0.076271
0.0355128
0.0650206
-0.0989294
0.0327477
NA
0.0543458
0.0986155
-0.475724
0.0469346
0.0794887
-0.270888
-0.40608
-0.269386
-0.305001
0.0679659
-0.352435
-0.833505
-0.184602
0.0656733
-0.958163
0.0644431
-0.0332602
-0.369781
-0.23679
NA
0.0954755
-0.19354
-0.599393
0.0713031
0.0352763
-0.535471
0.0853717
0.0514308
0.0495669
0.0237395
-0.611367
-0.138957
-0.454816
-0.0998546
-0.197838
-0.431119
-0.377121
-0.246339
-0.884736
0.00958872
NA
-0.722822
0.0494666
-0.27736
0.0685148
-0.219928
0.0796404
0.0697739
0.0632131
-0.685951
-0.526679
-0.0168815
NA
0.0452037
0.037012
NA
-0.483935
-0.26624
-0.110511
-0.427936
-0.395307
-0.668553
0.00909105
0.0889172
-0.536173
-0.975454
0.0732557
-0.153769
-0.303246
0.0865416
-0.599329
0.0688738
0.0449418
0.127991
-0.276015
-0.158588
0.0407474
0.0747961
-0.545175
-0.209869
-0.159598
-0.253416
NA
NA
-0.213836
0.0412812
0.122213
-0.178391
-0.586147
-0.212107
-0.452245
0.0308136
0.0606587
-0.433397
NA
-0.346483
0.074399
0.13223
0.0693098
0.065055
NA
-1.6356
-0.121293
-0.183917
0.0464255
-0.398833
NA
-0.106634
-0.182547
-0.326865
-0.114577
-0.26701
NA
-0.402197
-0.238546
0.00126461
-0.476972
-0.00499708
0.0605744
0.071963
0.0104563
-0.290608
NA
-0.606205
0.0698808
-0.00414656
-0.413001
-0.254322
-0.247506
NA
NA
-0.192596
0.0240796
0.0708104
-0.515559
0.0662471
-0.956873
-0.344259
-0.417697
0.0744234
-0.00722031
NA
0.0621227
-0.347396
-0.0847306
NA
-0.719089
-0.162951
0.0408182
-0.0711997
-0.159716
-0.187209
-0.92247
-0.0145187
0.0406583
-0.240036
-0.494508
0.0332564
-0.955959
0.0181571
0.0623014
NA
-0.770126
-1.37631
-0.115452
-0.466827
0.0186408
-0.560093
0.0273655
0.0733651
-0.2629
-0.0166259
0.0672398
-0.298289
-0.0656224
0.00584019
-0.216938
-0.984223
0.0487235
NA
-0.426904
0.0079852
0.0809639
-0.274923
-0.495268
-0.321942
0.0782115
-0.534907
0.0648856
-0.577755
-0.560324
0.0518975
0.00260535
-0.61882
-0.373246
NA
-0.560619
-0.00112003
-0.280741
-0.484775
-0.616381
NA
-0.555166
-0.293127
0.112201
-1.04051
-0.0102702
-0.613211
0.103901
NA
-0.333773
-0.879659
-0.470587
-0.0751332
-0.270882
-0.680067
0.0436123
0.103067
NA
0.0765996
0.040104
-0.341424
-0.712332
-0.531409
-0.325561
-0.237274
-0.102926
-0.6051
-0.630721
-0.584451
-0.444066
-0.12545
-0.334361
-0.293055
-0.602132
0.3069
-0.429564
0.0671985
-0.0483321
0.0733186
-0.68507
-0.428525
NA
-0.113721
-0.577025
-0.449085
0.0670391
0.0695229
-0.290691
-0.545362
-0.100129
-0.465286
-0.0587886
-0.491822
0.0290758
-0.90888
-0.598759
0.0730609
0.089681
-0.237742
-0.0523335
0.0162489
0.0696806
-1.4485
0.0438203
-0.325678
0.0611014
-0.50033
0.0682296
0.0599707
0.0456731
-0.139687
0.0457282
0.0865079
-0.314314
-0.190924
0.0444149
-0.530967
0.00995283
-0.0165375
NA
-0.487368
-0.192258
-0.00593669
0.0850261
0.102838
NA
-0.518606
0.0852637
-0.475826
-0.127437
-0.629516
0.0806217
-0.569571
0.0794553
NA
-0.0614707
-0.307896
0.0599386
-0.101209
0.0652856
-0.181213
-0.34287
-0.0192935
0.106491
-0.720168
-0.592308
-0.233134
-0.570637
NA
-0.149865
-0.385428
0.0601597
-0.137942
NA
0.0433287
0.100048
-0.723436
-0.388647
NA
-0.68926
0.0425822
-0.378155
-0.105556
-0.70066
0.00182223
-0.700339
-0.23599
-0.035204
-0.110687
0.0445006
-0.283601
0.0664012
0.0705573
0.0641397
-0.249621
-0.0492772
-0.34174
-1.06021
NA
-0.624644
0.065734
-0.0331693
-0.512311
-0.462647
-0.672302
-0.309599
-0.232403
0.120502
-0.153173
-0.432183
-0.182485
0.0598217
-0.714604
-0.47095
-0.44105
-0.553481
-3.49
NA
-0.878572
-0.667913
-0.657692
-0.382671
-0.615059
-0.0053966
-0.22018
NA
-0.501855
0.0810324
-0.166813
-0.214305
-0.00311677
-0.00435931
NA
-0.863773
0.0799103
-0.614001
0.0204949
-0.340482
-0.0476533
-0.49021
-0.157234
-0.439728
-0.112498
0.0675092
-0.496329
-0.0326525
-0.71143
-0.391068
NA
-0.876615
0.0132011
NA
-0.200999
NA
-0.545727
0.0518
-0.426804
0.0393264
0.0303055
-0.554664
0.153554
NA
-0.332432
0.0835042
-0.0345339
0.0426465
NA
-0.428113
NA
-0.301112
-0.374614
0.0107834
-0.899545
-0.470903
-0.497445
-0.292901
-0.408398
-0.241313
NA
0.0550306
-0.472176
NA
0.0753871
-0.611427
-0.711448
-0.707817
-0.215487
-0.257454
-0.0685862
0.0138902
-0.423546
-0.608598
-0.693891
-0.394486
NA
0.0398299
-0.521488
-0.350395
0.0663879
-0.189706
-0.465346
0.046458
-0.0657014
NA
0.0430441
-0.399381
0.0915057
0.0806308
-0.0208332
-0.546701
NA
0.106763
NA
-0.581565
-0.719713
-0.104649
-0.267228
NA
NA
-0.279554
-0.5869
-0.0073912
-0.024725
-0.410513
-0.482271
0.0655689
0.0686728
-1.1728
0.0845708
-0.674732
-0.0434693
-0.00575385
-0.730513
0.0580934
-0.333366
NA
-0.127536
0.0803896
-0.544777
-0.322982
-0.704896
-0.293225
NA
0.306674
-0.680186
-0.0346438
0.0447356
-0.750152
-0.69363
0.105
-0.242644
0.0607619
-0.490234
-0.358603
-0.233056
-0.097421
-0.017003
0.0161108
0.0620088
-0.253228
-0.409478
-0.405904
-0.0782573
-0.434127
0.0439888
NA
-0.140508
0.0099667
-0.312267
0.0321136
0.0757458
0.0601045
-0.562444
-0.474006
-0.474913
NA
-0.259352
0.0302898
0.00566846
-0.29735
-0.466228
0.0705035
-0.505679
0.0650257
0.0155213
0.137398
-1.05595
NA
-0.101605
-0.216554
0.0401817
-0.757534
NA
-0.036262
0.0400078
-0.618547
-0.214329
-0.310909
NA
0.0360079
-0.160331
-0.177847
-0.0812216
-0.379279
-0.331667
-0.18959
-0.037639
0.0699958
0.038136
0.0610722
-0.608034
0.0476278
-0.480596
0.0127222
NA
0.0774452
0.0179823
0.0681308
NA
-0.17995
0.149136
0.0782053
-0.0926659
0.0052371
-0.141897
0.0395473
-0.30331
-0.831217
-0.403555
-0.00905444
-0.83132
0.0601147
0.073479
-0.0765612
-0.581548
-0.309221
-0.264329
-0.236694
-0.104334
0.042021
-0.22887
-0.152166
-0.487721
-0.0928784
-0.190285
NA
-0.131113
-0.0762487
-0.59652
-0.41741
-0.755625
0.0696508
-0.363398
-0.571492
-0.0959871
0.0766711
NA
-0.177889
-0.450656
-0.569566
-0.424917
NA
-0.288425
-0.0927072
NA
0.0760453
0.0685187
-0.110856
-0.162742
NA
0.0641048
-0.332272
-0.664711
-0.361305
-0.253401
0.0958687
0.0832228
0.013755
NA
NA
-0.205733
-0.414494
0.0676826
0.0199125
-0.474297
-0.105539
-0.790644
-0.225398
-0.296852
0.042143
0.0518
0.0732691
-0.422793
-0.433575
-0.106098
0.0760692
-0.129526
0.0399765
-0.32406
0.0200361
-0.61616
-0.161922
0.0432062
0.0251608
NA
0.0421188
-0.318347
-0.882486
-0.312243
-0.684103
-0.977
0.116342
NA
0.065181
-0.119247
-0.227197
-0.382931
0.0767543
-0.0363368
NA
-0.531759
-0.379026
-0.416247
0.0104596
NA
-0.0977436
-0.156216
-0.361249
-0.737906
-0.167663
-0.510867
0.0721121
-0.431288
-0.671972
0.116384
-0.281764
-0.0688602
-0.354231
-0.619643
-0.238349
0.0770123
-0.426752
-0.952557
0.00305753
0.0729567
0.0520656
0.00578414
-0.0239393
-0.177862
-0.271998
-0.103092
-0.739566
NA
-0.42784
0.0444146
-0.273773
NA
0.0626147
-0.11589
-0.426783
0.0668463
0.0967797
-0.104066
0.0924237
-0.545212
NA
-0.544381
-0.588382
0.00871945
0.070733
-0.38458
0.0614939
NA
0.00277231
-0.04379
NA
-0.887106
NA
-0.280511
0.046357
0.0478715
-0.520919
0.134432
-0.426203
-0.280378
-0.891295
-0.219461
0.067723
-0.762601
-0.606262
-0.320713
0.46055
0.037365
-0.043631
0.0745909
-0.169705
-0.653357
-0.298091
-0.232969
-0.598638
-0.150475
-0.187774
-0.476973
-0.476855
-0.289543
-0.263842
0.087902
-0.00489214
0.0709417
-0.215526
-0.00997329
NA
-0.204184
-0.629251
-0.341378
-0.00990418
-0.349686
0.0466713
-0.378398
-0.0443005
0.02339
-0.600572
-0.383756
-0.167179
-0.55598
0.0665489
-0.0849588
-0.435138
-0.351763
0.0585436
-0.409562
-0.0137564
-0.300434
-0.593412
0.0677985
-0.102067
0.0900202
0.0633687
-0.462364
-0.565944
-0.500266
-0.50313
-0.5722
-0.301044
NA
-0.489753
0.072174
-0.311585
-0.535157
0.0662582
0.0153534
-0.806686
-0.0768868
-0.418801
NA
-0.153566
-0.552645
0.00109509
0.064874
-0.505387
NA
-0.282553
-0.466585
-0.927617
-0.494327
-0.275888
0.199068
-0.151388
-0.857959
-0.123758
-0.297584
0.0402598
NA
0.0270641
NA
0.0985882
-0.001966
-0.163563
-0.450003
0.0184083
-0.101158
-0.479486
-0.0357808
0.065915
-0.266597
-0.148704
NA
0.0397434
-0.249522
NA
-0.505602
-0.0504438
0.0723301
NA
NA
0.0440204
-0.259337
-0.332213
0.0496658
0.0696127
-0.188825
-0.566691
-0.667014
-0.386188
0.0679075
0.144833
0.0286761
0.0400629
-0.369922
-0.349072
0.079456
-0.115689
-0.497211
-0.936898
NA
0.0678477
-0.0383474
-0.384061
0.00971672
-0.312844
-0.143341
-0.303212
-0.767274
0.074835
0.0879349
0.0432371
-0.431129
-0.591767
-0.17735
0.0771195
-0.143111
NA
NA
0.0421458
-0.239051
-0.203481
-0.284642
-0.187288
-0.396817
NA
NA
0.0283206
0.0152818
0.0682604
-0.363101
-0.246792
0.0810482
0.0332299
0.0447971
-0.27235
0.0388747
-0.673064
0.0736808
-0.576648
-0.21111
-0.730617
-0.463456
NA
-0.210402
0.0481147
-0.318322
-0.170861
0.0736643
0.0709065
0.079419
-0.432505
-0.535931
NA
-0.197771
0.0897269
-0.00271061
0.0965363
0.0282158
-0.401028
-0.426875
-0.741682
-1.15726
-0.555645
-0.0995129
NA
-0.408472
-0.0301595
0.0335283
0.00876265
-0.46709
0.0300009
-0.447492
-0.725086
0.0434249
0.0710557
-0.975181
-0.525133
-0.16772
0.0752269
-0.478111
NA
-0.0489368
0.114657
-0.126531
NA
-0.477041
-0.705112
NA
-0.0288875
0.0412052
-0.330402
0.0612655
0.0586206
-0.390744
NA
NA
0.0429777
-0.278206
NA
0.103397
-0.277894
-0.907957
-0.595784
-0.433442
-0.36976
-0.0287362
-0.422313
NA
-0.600752
-0.326553
-1.0281
-0.457188
0.120173
-0.015663
-0.0192924
-0.729457
-0.473115
-0.873942
0.0833699
0.054062
-0.721797
-0.552412
0.0589666
-0.484593
-0.318934
NA
0.0978093
0.0927008
NA
-0.15028
0.0152985
-0.0061389
-0.377227
NA
0.0141625
-0.0965094
-0.0545208
-0.116394
-0.112012
-0.383485
-0.393911
NA
-0.0277976
-0.609802
0.0706483
-0.26777
-0.446842
0.0428057
-0.0126944
-0.101459
0.0686013
0.705829
NA
-0.117584
-0.411482
-0.737608
-0.65758
-0.856082
-0.0709616
0.0625076
-0.0047178
NA
0.04468
-0.136884
-0.372444
-0.00513382
0.0328443
0.0478668
-0.278767
-0.573722
0.0475354
-0.122301
-0.237587
-0.13604
0.0789535
0.00607807
-0.192415
0.0106845
-0.460708
0.0898983
0.059088
-0.55621
-0.562636
-0.606967
0.00653012
-0.0561118
NA
0.00360842
-0.556772
-0.366431
NA
-0.49401
-0.672127
NA
NA
-0.226838
-0.103214
-0.855134
-0.432724
NA
-0.097631
-0.401053
NA
-0.0279037
-0.228398
0.0358351
0.0706702
0.0335227
-0.0166764
0.0569966
-0.536305
0.0151769
0.14879
0.0154664
-0.383588
-0.599558
-0.239235
0.0766044
-0.358353
-0.554696
-0.553496
NA
-0.565984
-0.174454
-0.269741
-0.276488
NA
0.010951
NA
0.0513408
NA
0.0972152
-0.59999
-0.0696114
-0.421974
-0.405957
-0.0349658
0.00344225
0.0503763
-0.163128
0.0562216
0.057353
-0.367268
NA
0.0782929
-0.33415
NA
-0.833417
NA
0.0116119
-0.352913
NA
0.0903331
-0.607407
-0.394513
-0.333225
-0.440479
NA
NA
-0.306602
-0.621553
NA
-0.0782584
0.0733147
-0.0728079
NA
0.0715658
0.0713601
0.0797263
-0.0180179
-0.264257
-0.299707
-0.52385
0.0707702
0.0459179
0.0789101
-0.441792
-0.0632871
-3.07
-0.140468
-0.12656
0.0592766
NA
NA
0.044052
NA
0.0756473
-0.704076
-0.446201
-0.429106
NA
-0.296648
-0.443637
-0.342819
0.048137
0.0946532
-0.342843
0.0196135
0.083916
-0.331479
-0.410246
-0.368903
-0.0911871
-0.364029
NA
0.365114
0.0758144
-0.253821
0.545363
NA
0.00374403
-0.752032
0.1782
-0.350337
-0.216724
-0.202922
-0.326794
-0.428377
-0.867844
0.0448187
NA
0.0185196
NA
-0.294424
0.0425232
-0.436559
0.02466
-0.106926
-0.153247
0.0417924
0.0616931
-0.249866
-0.417408
-0.0425469
0.0860646
-0.255222
0.0428819
-0.0946412
0.105899
0.112498
0.0598217
-0.198412
-0.1306
-0.727428
-0.216883
-0.231817
0.0566272
-0.756822
-0.390972
-0.398193
-0.283746
0.0665597
0.111433
-0.245252
NA
0.233132
-0.355621
-0.0649375
-0.077271
-0.515585
NA
-0.277673
-0.384983
0.0566052
-0.0999608
0.0833623
0.0710068
NA
NA
-0.7643
0.0750601
-0.498052
-0.51037
-0.468765
-0.104992
-0.327317
-0.241172
0.0699322
0.0300881
-0.65403
0.145735
-0.26979
-0.490015
-0.687422
0.071858
0.0585395
0.0731353
-0.085634
NA
-0.0050808
-0.696949
-0.406695
-0.387385
0.065038
-0.455833
-0.234965
0.0462726
0.0296472
0.0721419
-0.994722
-0.0472849
-0.53794
-0.557393
-0.2042
0.0752257
-0.0609576
-0.335739
-0.331218
0.0743255
NA
-1.66645
-0.13644
-0.214505
0.0118975
NA
0.0460143
NA
0.012597
-0.296033
-0.25046
-0.222333
NA
-0.162658
0.031294
-0.127545
-0.374398
0.0139468
-0.144176
0.0473793
-0.40608
-0.427705
-0.0884027
0.0453171
-0.0857042
-0.204502
0.00975483
NA
0.107972
0.0404502
-0.361827
-0.253948
-0.407919
-0.376118
-0.620154
NA
-0.593487
-0.0644773
-0.453033
0.0698825
-0.35229
-0.369388
-0.446054
0.0727227
-0.192066
-0.680967
-0.537573
-0.634694
-0.169831
-0.217103
NA
0.0243335
0.000340368
-0.45556
-0.182109
0.0697255
-0.67318
0.035272
-0.0302469
-0.317029
-0.0951921
-0.317782
0.0754757
0.108429
NA
-0.653808
-0.125182
-0.688165
-0.200723
NA
NA
-0.281132
NA
-0.0900134
NA
-0.41688
0.100453
0.0758979
0.0987381
-0.00756999
0.122872
0.0571742
-0.0656595
0.0661455
-0.0817445
-0.376417
0.0385879
-0.548627
-0.0754166
-0.563412
-0.320647
-0.817073
-0.510193
-0.0281231
0.0705586
0.0768739
0.0674697
-0.11071
-0.274715
NA
NA
-0.103351
-0.155403
0.0925453
0.000809455
-0.60375
NA
-0.554413
-0.226442
0.0158995
-0.354613
-0.448708
-0.293682
-0.406645
-0.08476
-0.456503
-0.18708
NA
-0.198979
-0.334197
0.0914571
-0.550079
NA
-0.468568
-0.643787
-0.0460113
-0.733934
NA
-0.0844259
0.0378431
0.0670809
NA
0.0782591
-0.0746874
-0.203883
-0.144911
NA
-0.419478
-0.933185
0.0562906
-0.0275388
NA
-0.238043
-0.599303
6.46464
-0.250969
0.0863573
0.0453371
-0.494682
-0.10163
NA
-0.175855
-0.727708
0.0391046
0.078679
0.0341082
-0.557174
-0.0346877
-0.0914181
NA
-0.585722
0.0392225
0.0263505
0.0183596
-0.46753
0.10595
-0.0468778
-0.0496928
NA
-0.645696
-0.185916
-0.184869
0.0704354
0.059913
0.0860384
-0.318406
-0.755029
-0.0514345
-0.064095
-0.327868
-0.384031
0.0970317
-0.396609
-0.248406
0.0447551
0.0798976
0.121744
-0.0759953
-0.44364
-0.563356
-0.140285
-0.0489509
0.0676727
0.0566741
-0.39164
-0.434273
-0.231784
0.0265055
-0.115906
0.014086
0.0223143
NA
-0.635204
0.029692
-0.862763
-0.487263
0.0692853
0.0768193
-0.0292998
-0.144048
-0.171336
0.0473859
-0.252797
0.0449929
-0.0274647
-0.192041
0.10933
-0.330713
-0.0570003
NA
-0.179735
-0.388075
0.0920788
NA
-0.351344
-0.294484
0.08175
NA
0.0170985
-0.450075
-0.244228
-0.000620111
-0.435601
-0.719309
0.0685227
-0.0844286
NA
-0.150895
0.00373836
0.0709451
-0.0473579
-0.617528
0.042888
NA
0.0644488
NA
-0.0632509
0.0417265
0.0512866
-0.150151
-0.404597
-0.0264238
0.00894046
-0.375354
NA
0.0962658
-0.34926
-0.444942
-0.912415
NA
-0.399028
-0.722509
-0.900952
-0.299961
-0.116061
-0.692081
-0.263185
-0.544347
-0.265982
-4.84272
0.0380476
0.0666291
-0.0887842
-0.335087
-0.0362627
-0.423241
0.0208824
0.109573
0.0680285
-0.391534
-0.691324
-0.502928
-0.461514
0.0427032
-0.419886
-0.466537
-0.213024
0.0441377
-0.212703
NA
-0.372392
NA
-0.086292
-0.164455
0.138948
-0.4611
-0.491173
-0.337454
-0.192293
0.0109417
0.0359035
-0.713537
-0.442283
-0.791847
0.0999611
-0.590919
-0.447515
NA
-0.419858
-0.165943
-0.449265
-0.565589
-0.404638
NA
-0.677083
-0.412112
-0.367424
-0.95935
-0.260329
-0.404788
-0.0323286
-0.118711
-0.00165911
0.0189203
0.00171997
-0.344718
-0.266929
-0.698436
0.0687711
0.0435103
-0.247839
NA
-0.121445
-0.416004
-0.323375
-0.364
0.0695002
-0.491527
-0.337394
NA
NA
-0.0688105
NA
0.0464426
-0.150844
1.82056e-06
-0.565402
-0.23362
-0.385296
-0.609217
0.107175
0.0668076
-0.174479
0.0183399
0.0441401
-0.0065971
-0.142384
-0.296723
-0.500094
-0.265615
0.0694497
NA
-0.432022
-0.233048
-0.258962
-0.375046
-0.105575
-0.0394089
0.080517
-0.198765
-0.338719
0.0898761
-0.824356
NA
0.035606
-0.471448
0.0934935
-0.297126
0.0659989
-0.460927
-0.281846
-0.726995
-0.266732
-0.55209
-0.276963
0.0684791
0.0619474
-0.213928
0.00668065
0.0566747
-0.244291
-0.534944
0.077
0.0172052
-0.132942
-0.245276
-0.892685
-0.837991
-0.495702
-0.426075
NA
-0.0342587
-0.589963
NA
NA
0.0870755
-0.331028
-0.201604
-0.0948262
-0.271904
-0.327839
0.085374
0.0536169
-0.134831
NA
-0.188775
0.067045
-0.312462
-0.0625509
-1.06312
0.01511
-0.347035
-0.205192
-0.479046
-0.0967545
0.0278045
-0.0366493
NA
0.0789085
-0.437846
0.0696208
-0.358696
0.0772233
-0.731101
NA
-0.546369
0.0762106
0.0680588
0.0934915
NA
-0.637945
0.067497
-0.556355
0.0365334
-0.374223
NA
-0.277091
0.00711363
NA
NA
-0.00901642
-0.231399
0.0493911
0.0694858
-0.128864
-0.017326
NA
0.0935981
NA
-0.179445
-0.120361
0.0711999
-0.164144
-0.496683
NA
-0.315924
-0.124375
-0.271222
0.07271
0.0587383
NA
-0.31988
0.169704
-0.255609
-0.217478
-0.21375
-0.196163
-0.677728
NA
-0.597513
-0.424913
-0.0315677
-0.260185
0.0739968
-0.319756
0.0383846
-0.443932
-0.678121
-0.06988
-0.273858
-0.313214
-0.317402
-0.363542
-0.340579
-0.394353
NA
0.0704302
0.0392507
0.0734168
-0.416154
NA
-0.405085
-0.401064
-0.00548178
NA
0.17555
-0.0184139
-0.0737308
-0.34365
-0.478
-0.194751
-0.370957
-0.0235241
NA
0.0744032
-0.211052
-0.554334
-0.379392
-0.0267191
-0.765556
0.104065
-0.512534
-0.598746
0.0433877
-0.826123
-0.258532
NA
-0.481273
-0.0371187
-0.177568
NA
0.652332
-0.246882
0.0740838
-0.131388
0.0479084
0.0851281
-0.598339
-0.270561
-0.0632919
0.0105682
-0.591973
-0.384258
0.0641532
0.071814
0.11324
0.0346903
-0.216506
0.0757363
-0.412977
-0.209594
-0.44664
-0.277552
0.071483
NA
0.072989
-0.423433
-0.363077
0.0721585
0.0609907
-0.270207
0.150144
-0.509975
NA
0.912381
-0.00902243
0.0921487
NA
0.0274462
0.0084895
-0.769269
-0.147171
-0.43191
-0.543315
0.0709494
0.0160182
-0.47387
-0.2532
-0.822932
NA
-0.0915664
0.0772971
0.0799201
-0.143894
-0.220806
-0.464345
-0.297633
-0.894924
0.383648
-0.36389
-0.580953
-0.057488
0.0734388
-0.109885
-0.645537
-0.525115
-0.0136332
NA
NA
-0.79966
0.114253
-0.312082
-0.0543859
-0.114131
-0.127717
-0.139417
-0.11271
-1.13707
-0.40613
-0.0587614
-0.386422
-0.479911
-0.293793
0.0898427
0.074403
NA
0.0112538
-0.121886
0.0653118
-0.498818
NA
0.012797
-0.577389
-0.729398
0.168955
-0.101571
-0.531214
0.073473
-0.20042
-0.51114
0.112847
0.0768251
-0.479958
-0.605268
0.0463506
-0.0716538
-0.169031
-0.33821
-0.143079
-0.427907
-0.206054
-0.0243909
-0.113445
NA
-3.09
0.0655837
-0.33109
NA
-0.476026
0.0713889
0.0778769
NA
-0.104235
0.0303895
-0.469672
NA
-0.320486
-0.404439
-0.0514009
NA
0.060391
-0.0797526
-0.35001
-0.178697
-0.158237
-0.01296
-0.508344
-0.606187
-0.339313
-0.527453
NA
0.0738749
NA
-0.200633
-0.290439
0.105315
-0.00233851
-0.0562413
-0.586161
-0.393883
-0.558348
-0.0127045
-0.440797
0.0796208
NA
-0.578222
-0.668335
0.0698353
-0.381509
-0.188721
-0.261182
-0.377124
0.0297561
-0.493082
-0.784338
-0.42003
-0.0229742
-0.547807
-0.355567
0.00056426
-0.129648
-0.167744
0.0556933
0.054925
0.0748091
-0.57758
-0.323219
-0.872105
NA
-0.633614
-0.218492
-0.365028
0.00279856
0.293192
-0.0522375
0.0338561
-0.0934873
NA
0.000180784
0.0698221
-0.560437
-0.175134
-0.0147812
NA
-0.131715
0.0770186
-0.391595
NA
0.067854
0.0694901
-0.490183
0.0193546
-0.481692
-0.517352
0.0236986
-0.691863
0.0311075
-0.321831
-0.378861
0.047916
-0.584802
-0.18994
0.0463537
-0.372607
0.000130753
-0.583469
0.0738566
-0.528736
0.0114787
-0.550937
-0.128412
-0.443813
-0.0757995
-0.397865
NA
-0.170193
0.0134556
-0.460245
NA
0.011625
0.0717125
NA
0.0703573
-0.705741
0.0468487
0.02876
-0.63927
0.0921961
-0.0776289
-0.336513
-0.25505
-0.410578
-0.162321
-0.655617
-0.605912
-0.232829
0.0397621
0.0403742
-0.469402
0.0194885
-0.321781
-0.537027
-0.0426465
-0.333134
-0.597961
-0.0978809
0.0722584
0.0643248
-0.501445
-0.981983
-0.0142331
0.0718085
-0.622211
-0.335961
-0.976865
-0.29213
0.00220613
NA
-0.2809
0.096269
-0.709093
-0.750937
0.0747458
-0.242331
-0.0660512
-0.13027
0.0878831
0.0643385
NA
NA
-0.588911
-0.178067
-0.0728898
-0.137802
-0.106522
0.0309694
0.15496
NA
-0.043594
-0.378508
0.0642083
-0.343151
-0.05807
NA
0.0367388
-0.237192
-0.526914
-0.382891
0.043252
-0.553011
-0.0230028
-0.0259826
0.0188667
-0.0457402
-0.0227279
NA
0.0443013
-0.532746
-0.0721587
-0.270762
-0.425356
-0.511957
NA
-0.302206
-0.414188
-0.708203
NA
-0.418584
-0.570985
0.0193176
-0.0690708
-0.151562
NA
0.0448422
-0.301815
-0.270145
NA
-0.160681
-0.850727
0.025503
-0.41568
0.0453983
0.0773217
-0.582149
0.056309
0.049009
0.0351577
-0.162192
-0.42922
-0.0932579
0.0733931
0.0841205
-0.701346
-0.0635767
0.0644381
NA
-0.524418
NA
0.0725047
0.0697082
-0.00673144
0.0731626
-0.079994
0.0244509
NA
-0.368262
-0.343876
-0.400646
0.0015212
NA
-0.337435
0.296548
NA
0.0682167
-0.273897
0.0668583
0.0448252
0.0174741
-0.277129
0.0984071
-0.0182617
-0.221015
-0.428118
-0.446641
-0.0367825
0.0035391
-0.181906
0.0211622
NA
-0.28334
0.0658955
0.105094
-0.0348785
NA
-0.575433
0.0756589
-0.355351
0.00602491
-0.497564
0.0717588
0.00109847
NA
0.045117
-0.683267
0.0666416
-0.00440755
-0.4488
0.0728479
NA
0.0705402
0.026798
0.070083
-0.209389
0.071878
0.0314818
-0.00568646
0.0164419
NA
NA
0.0364485
-0.186376
-0.00133425
-0.3643
0.329629
-0.0623741
-0.57038
-0.474247
-0.444258
0.61621
-0.761563
NA
-0.20344
-0.655488
NA
0.0548302
0.021528
0.0445377
0.0722042
-0.31651
0.0307037
-0.202752
0.0706974
-0.139757
NA
0.00698588
0.0682308
0.0504771
0.0758393
0.0688381
-0.534701
-0.19324
0.0454901
NA
-0.254699
0.0789983
-0.0316536
0.0611072
0.0467719
0.0251645
-0.0361017
NA
0.0760671
-0.0903033
0.0696305
NA
0.0682351
-0.354991
-0.106742
-0.387837
-0.605025
-0.375399
-0.63051
0.0552493
0.0772042
NA
-0.497292
-0.110237
-0.901964
-0.339714
-1.18581
-0.802878
0.0528043
-0.414078
-0.204198
-0.217203
-0.0254482
0.0610606
0.0716806
-0.258541
-0.331553
NA
NA
-0.378539
-0.174885
-0.0017598
-0.29198
-0.421157
-0.877402
-0.621871
NA
-0.520752
0.0605364
0.16351
-0.352568
-0.10731
-0.464682
-0.127663
-0.0656291
0.139164
0.06847
-0.437726
-0.120828
-0.999981
-0.398085
-0.52673
-0.449805
NA
0.0208289
-0.0550859
NA
-0.084569
-0.590041
-0.681586
-0.104723
0.129306
0.0624486
0.0971
-0.558628
-0.0859047
0.0273287
NA
-0.351958
NA
-0.717127
0.129653
-0.355622
0.0475705
-0.52964
-0.487743
NA
0.0685578
-0.643459
-0.706596
NA
0.0324045
NA
-0.151546
0.0707257
0.0685455
-0.441794
0.0768719
0.313995
-0.366245
0.070012
0.0612605
-0.620187
-0.56155
-0.833654
-0.112248
-0.304381
0.0850157
-0.689807
-0.771085
0.0876363
-0.237365
0.123563
0.00179551
-0.0232866
0.0848236
-0.255973
-0.371794
-0.400478
0.105783
-0.125192
0.0922622
-0.187459
-0.736403
-0.585074
-0.462231
-0.102905
-0.108315
-0.291609
-0.293228
0.0564702
-0.0683641
0.0925693
0.104157
-0.440175
NA
0.0455792
-0.477004
-0.0100836
0.0540448
-0.551504
-0.14745
-0.484252
-0.306539
NA
-0.301527
0.0223696
NA
-0.231023
0.078459
-0.362756
-7.42531e-05
0.0248276
-0.00682563
-0.50398
-0.103281
0.0161375
0.0401879
-0.34962
-0.663883
0.0713313
NA
-0.521579
-0.536821
-0.740845
-0.578643
-0.921558
0.0714288
0.0685731
-0.306067
0.0576912
0.00584923
-0.104898
-0.205943
-0.413565
-0.00912128
-0.280661
-0.239355
0.0484087
0.0347311
-0.0878378
NA
0.904148
-0.195936
-0.389342
-0.620098
0.0685165
-0.164075
NA
-0.48225
-0.539567
NA
0.0435598
-0.418131
0.0698114
-0.119355
-0.592259
NA
-0.410742
-0.338975
-0.47726
NA
0.0760941
-0.258561
0.0876473
-0.0248442
0.0898219
-0.304697
-0.409968
-0.0930387
-0.515064
-0.222832
NA
-0.197742
0.06697
-0.436713
-0.36273
0.0518
-0.0950196
-0.0190581
-0.462631
NA
0.0421923
-0.0630533
-0.46967
0.0834836
-0.401346
-0.668593
-0.786419
-0.367896
-0.433817
-0.363823
-0.677462
-0.24831
-0.273882
-0.0294972
-0.0196319
NA
-0.244213
0.076098
-0.663885
0.115186
NA
-0.205036
0.0611358
-0.510619
-0.254124
-0.0952221
0.060218
0.0150222
-0.241302
0.096481
NA
-0.207549
-0.60589
-0.780114
-0.614935
-0.272312
-0.0865659
0.084172
-1.07578
-0.033916
0.0804288
0.00623457
-0.26145
0.0785107
0.0430736
-0.721715
-0.483492
0.0633177
-0.495901
0.00442118
0.0447955
-0.321337
-0.523723
-0.0181268
0.0754695
-0.815947
-0.167439
0.0280358
-0.241113
0.0446725
-0.463265
NA
0.105445
-0.00510607
NA
-0.316846
-0.461829
-0.386245
-0.340499
-0.60922
0.0365564
-0.0884303
-0.463665
-1.05388
NA
-0.0269778
0.210658
-0.119489
-0.57717
-0.0406763
-0.944942
-0.70368
-0.000664102
-0.642601
-0.355476
NA
-0.588759
-0.0155994
-0.319794
0.280311
0.0446426
-0.0323378
0.0733785
-0.451169
0.0681608
0.0966108
NA
0.0621365
0.0756485
-0.587389
NA
-0.116079
NA
0.0824378
-0.0489342
-0.616562
-0.528039
0.0802894
0.0276489
-0.833298
-0.410679
-0.0963299
-0.065134
NA
NA
0.0776023
0.0358566
-0.341905
-0.306462
-0.276993
-0.0119289
-1.33045
NA
-0.63812
-0.283721
-0.286421
0.106667
0.0277346
-0.593328
-0.193997
-0.407123
-0.443942
-0.381293
-0.639951
0.0722061
-0.229267
0.0699612
-0.808112
-0.267146
0.0319112
0.0534065
-0.217389
-0.0238365
-0.319481
-0.0903717
-0.381031
-0.268206
-0.633827
NA
0.0694869
-0.497731
-0.169258
NA
-0.710557
NA
NA
-0.418492
NA
-0.501568
0.100915
-0.511266
0.00182723
-0.309368
0.0809005
-0.838949
0.0768308
NA
-0.604392
-0.711544
-0.822218
NA
-0.375195
NA
-0.126734
-0.766202
-0.627752
0.07814
0.0440163
0.0536399
-0.564423
-0.246278
-1.02488
NA
NA
-0.0418177
-0.294812
0.0275532
0.0440725
-0.555501
-0.18771
-0.0581339
-0.0280277
-0.227684
NA
0.0747522
-0.167766
0.00725381
0.0687652
0.0616185
0.0378721
NA
0.0726945
0.0569084
-0.713792
-0.103118
0.0438229
0.0555949
-0.457789
-0.134201
-0.46542
NA
0.0289461
NA
0.0575657
-0.191193
0.0104339
-0.496355
0.121595
0.010889
-0.397085
-0.632108
-0.534871
-0.990183
0.0265731
-0.179504
-0.591047
-0.397276
NA
0.0423526
0.0426213
-0.284944
-0.194221
-0.0664653
-0.220957
0.0514337
0.0353801
-0.614061
-0.188776
-0.597206
0.0776996
-0.111313
-0.321011
-0.433696
-0.524903
0.0866441
NA
-0.0742373
NA
0.0727949
-0.326542
-0.226224
-0.232543
NA
0.859267
-0.618604
-0.381491
-0.626335
-0.300293
NA
-0.214936
NA
-0.109289
-0.302996
-0.290777
-0.204728
0.0736659
-0.0488535
-0.0734005
NA
-0.341324
NA
-0.0951529
NA
NA
NA
-0.540568
0.0441173
0.0283472
NA
0.0393955
-0.0691814
0.00283877
-0.27227
NA
0.0809959
-0.501942
-0.147478
-0.26328
0.0678627
0.118662
-0.653254
-0.189626
-0.379691
-0.602831
-0.388696
-0.178066
0.0520642
-0.269436
NA
0.00825734
-0.490371
0.0755044
-0.0276096
0.109673
0.0782674
0.044867
-0.439705
-0.00280339
NA
-0.52657
0.0979263
0.0393661
-0.632361
-0.474469
-0.42191
0.0568758
-0.123437
-0.706355
-0.584722
